LOGFILE

(2.000000,0.000000,0.000000); 13.603
(2.000000,0.004000,0.000000); 13.599
(2.000000,0.008000,0.000000); 13.595
(2.000000,0.012000,0.000000); 13.591
(2.000000,0.016000,0.000000); 13.587
(2.000000,0.020000,0.000000); 13.583
(2.000000,0.024000,0.000000); 13.579
(2.000000,0.028000,0.000000); 13.575
(2.000000,0.032000,0.000000); 13.571
(2.000000,0.036000,0.000000); 13.567
(2.000000,0.040000,0.000000); 13.5629
(2.000000,0.044000,0.000000); 13.5589
(2.000000,0.048000,0.000000); 13.5549
(2.000000,0.052000,0.000000); 13.5509
(2.000000,0.056000,0.000000); 13.5469
(2.000000,0.060000,0.000000); 13.5429
(2.000000,0.064000,0.000000); 13.5389
(2.000000,0.068000,0.000000); 13.5349
(2.000000,0.072000,0.000000); 13.5309
(2.000000,0.076000,0.000000); 13.5269
(2.000000,0.080000,0.000000); 13.5228
(2.000000,0.084000,0.000000); 13.5188
(2.000000,0.088000,0.000000); 13.5148
(2.000000,0.092000,0.000000); 13.5108
(2.000000,0.096000,0.000000); 13.5068
(2.000000,0.100000,0.000000); 13.5028
(2.000000,0.104000,0.000000); 13.4988
(2.000000,0.108000,0.000000); 13.4948
(2.000000,0.112000,0.000000); 13.4908
(2.000000,0.116000,0.000000); 13.4868
(2.000000,0.120000,0.000000); 13.4827
(2.000000,0.124000,0.000000); 13.4787
(2.000000,0.128000,0.000000); 13.4747
(2.000000,0.132000,0.000000); 13.4707
(2.000000,0.136000,0.000000); 13.4667
(2.000000,0.140000,0.000000); 13.4627
(2.000000,0.144000,0.000000); 13.4587
(2.000000,0.148000,0.000000); 13.4547
(2.000000,0.152000,0.000000); 13.4507
(2.000000,0.156000,0.000000); 13.4467
(2.000000,0.160000,0.000000); 13.4426
(2.000000,0.164000,0.000000); 13.4386
(2.000000,0.168000,0.000000); 13.4346
(2.000000,0.172000,0.000000); 13.4306
(2.000000,0.176000,0.000000); 13.4266
(2.000000,0.180000,0.000000); 13.4226
(2.000000,0.184000,0.000000); 13.4186
(2.000000,0.188000,0.000000); 13.4146
(2.000000,0.192000,0.000000); 13.4106
(2.000000,0.196000,0.000000); 13.4066
(2.000000,0.200000,0.000000); 13.4025
(2.000000,0.204000,0.000000); 13.3985
(2.000000,0.208000,0.000000); 13.3945
(2.000000,0.212000,0.000000); 13.3905
(2.000000,0.216000,0.000000); 13.3865
(2.000000,0.220000,0.000000); 13.3825
(2.000000,0.224000,0.000000); 13.3785
(2.000000,0.228000,0.000000); 13.3745
(2.000000,0.232000,0.000000); 13.3705
(2.000000,0.236000,0.000000); 13.3665
(2.000000,0.240000,0.000000); 13.3624
(2.000000,0.244000,0.000000); 13.3584
(2.000000,0.248000,0.000000); 13.3544
(2.000000,0.252000,0.000000); 13.3504
(2.000000,0.256000,0.000000); 13.3464
(2.000000,0.260000,0.000000); 13.3424
(2.000000,0.264000,0.000000); 13.3384
(2.000000,0.268000,0.000000); 13.3344
(2.000000,0.272000,0.000000); 13.3304
(2.000000,0.276000,0.000000); 13.3264
(2.000000,0.280000,0.000000); 13.3223
(2.000000,0.284000,0.000000); 13.3183
(2.000000,0.288000,0.000000); 13.3143
(2.000000,0.292000,0.000000); 13.3103
(2.000000,0.296000,0.000000); 13.3063
(2.000000,0.300000,0.000000); 13.3023
(2.000000,0.304000,0.000000); 13.2983
(2.000000,0.308000,0.000000); 13.2943
(2.000000,0.312000,0.000000); 13.2903
(2.000000,0.316000,0.000000); 13.2863
(2.000000,0.320000,0.000000); 13.2822
(2.000000,0.324000,0.000000); 13.2782
(2.000000,0.328000,0.000000); 13.2742
(2.000000,0.332000,0.000000); 13.2702
(2.000000,0.336000,0.000000); 13.2662
(2.000000,0.340000,0.000000); 13.2622
(2.000000,0.344000,0.000000); 13.2582
(2.000000,0.348000,0.000000); 13.2542
(2.000000,0.352000,0.000000); 13.2502
(2.000000,0.356000,0.000000); 13.2462
(2.000000,0.360000,0.000000); 13.2421
(2.000000,0.364000,0.000000); 13.2381
(2.000000,0.368000,0.000000); 13.2341
(2.000000,0.372000,0.000000); 13.2301
(2.000000,0.376000,0.000000); 13.2261
(2.000000,0.380000,0.000000); 13.2221
(2.000000,0.384000,0.000000); 13.2181
(2.000000,0.388000,0.000000); 13.2141
(2.000000,0.392000,0.000000); 13.2101
(2.000000,0.396000,0.000000); 13.2061
(2.000000,0.400000,0.000000); 13.202
(2.000000,0.404000,0.000000); 13.198
(2.000000,0.408000,0.000000); 13.194
(2.000000,0.412000,0.000000); 13.19
(2.000000,0.416000,0.000000); 13.186
(2.000000,0.420000,0.000000); 13.182
(2.000000,0.424000,0.000000); 13.178
(2.000000,0.428000,0.000000); 13.174
(2.000000,0.432000,0.000000); 13.17
(2.000000,0.436000,0.000000); 13.166
(2.000000,0.440000,0.000000); 13.1619
(2.000000,0.444000,0.000000); 13.1579
(2.000000,0.448000,0.000000); 13.1539
(2.000000,0.452000,0.000000); 13.1499
(2.000000,0.456000,0.000000); 13.1459
(2.000000,0.460000,0.000000); 13.1419
(2.000000,0.464000,0.000000); 13.1379
(2.000000,0.468000,0.000000); 13.1339
(2.000000,0.472000,0.000000); 13.1299
(2.000000,0.476000,0.000000); 13.1259
(2.000000,0.480000,0.000000); 13.1218
(2.000000,0.484000,0.000000); 13.1178
(2.000000,0.488000,0.000000); 13.1138
(2.000000,0.492000,0.000000); 13.1098
(2.000000,0.496000,0.000000); 13.1058
(2.000000,0.500000,0.000000); 13.1018
(2.000000,0.504000,0.000000); 13.0978
(2.000000,0.508000,0.000000); 13.0938
(2.000000,0.512000,0.000000); 13.0898
(2.000000,0.516000,0.000000); 13.0858
(2.000000,0.520000,0.000000); 13.0817
(2.000000,0.524000,0.000000); 13.0777
(2.000000,0.528000,0.000000); 13.0737
(2.000000,0.532000,0.000000); 13.0697
(2.000000,0.536000,0.000000); 13.0657
(2.000000,0.540000,0.000000); 13.0617
(2.000000,0.544000,0.000000); 13.0577
(2.000000,0.548000,0.000000); 13.0537
(2.000000,0.552000,0.000000); 13.0497
(2.000000,0.556000,0.000000); 13.0457
(2.000000,0.560000,0.000000); 13.0416
(2.000000,0.564000,0.000000); 13.0376
(2.000000,0.568000,0.000000); 13.0336
(2.000000,0.572000,0.000000); 13.0296
(2.000000,0.576000,0.000000); 13.0256
(2.000000,0.580000,0.000000); 13.0216
(2.000000,0.584000,0.000000); 13.0176
(2.000000,0.588000,0.000000); 13.0136
(2.000000,0.592000,0.000000); 13.0096
(2.000000,0.596000,0.000000); 13.0056
(2.000000,0.600000,0.000000); 13.0015
(2.000000,0.604000,0.000000); 12.9975
(2.000000,0.608000,0.000000); 12.9935
(2.000000,0.612000,0.000000); 12.9895
(2.000000,0.616000,0.000000); 12.9855
(2.000000,0.620000,0.000000); 12.9815
(2.000000,0.624000,0.000000); 12.9775
(2.000000,0.628000,0.000000); 12.9735
(2.000000,0.632000,0.000000); 12.9695
(2.000000,0.636000,0.000000); 12.9655
(2.000000,0.640000,0.000000); 12.9614
(2.000000,0.644000,0.000000); 12.9574
(2.000000,0.648000,0.000000); 12.9534
(2.000000,0.652000,0.000000); 12.9494
(2.000000,0.656000,0.000000); 12.9454
(2.000000,0.660000,0.000000); 12.9414
(2.000000,0.664000,0.000000); 12.9374
(2.000000,0.668000,0.000000); 12.9334
(2.000000,0.672000,0.000000); 12.9294
(2.000000,0.676000,0.000000); 12.9254
(2.000000,0.680000,0.000000); 12.9213
(2.000000,0.684000,0.000000); 12.9173
(2.000000,0.688000,0.000000); 12.9133
(2.000000,0.692000,0.000000); 12.9093
(2.000000,0.696000,0.000000); 12.9053
(2.000000,0.700000,0.000000); 12.9013
(2.000000,0.704000,0.000000); 12.8973
(2.000000,0.708000,0.000000); 12.8933
(2.000000,0.712000,0.000000); 12.8893
(2.000000,0.716000,0.000000); 12.8853
(2.000000,0.720000,0.000000); 12.8812
(2.000000,0.724000,0.000000); 12.8772
(2.000000,0.728000,0.000000); 12.8732
(2.000000,0.732000,0.000000); 12.8692
(2.000000,0.736000,0.000000); 12.8652
(2.000000,0.740000,0.000000); 12.8612
(2.000000,0.744000,0.000000); 12.8572
(2.000000,0.748000,0.000000); 12.8532
(2.000000,0.752000,0.000000); 12.8492
(2.000000,0.756000,0.000000); 12.8452
(2.000000,0.760000,0.000000); 12.8411
(2.000000,0.764000,0.000000); 12.8371
(2.000000,0.768000,0.000000); 12.8331
(2.000000,0.772000,0.000000); 12.8291
(2.000000,0.776000,0.000000); 12.8251
(2.000000,0.780000,0.000000); 12.8211
(2.000000,0.784000,0.000000); 12.8171
(2.000000,0.788000,0.000000); 12.8131
(2.000000,0.792000,0.000000); 12.8091
(2.000000,0.796000,0.000000); 12.8051
(2.000000,0.800000,0.000000); 12.801
(2.000000,0.804000,0.000000); 12.797
(2.000000,0.808000,0.000000); 12.793
(2.000000,0.812000,0.000000); 12.789
(2.000000,0.816000,0.000000); 12.785
(2.000000,0.820000,0.000000); 12.781
(2.000000,0.824000,0.000000); 12.777
(2.000000,0.828000,0.000000); 12.773
(2.000000,0.832000,0.000000); 12.769
(2.000000,0.836000,0.000000); 12.765
(2.000000,0.840000,0.000000); 12.7609
(2.000000,0.844000,0.000000); 12.7569
(2.000000,0.848000,0.000000); 12.7529
(2.000000,0.852000,0.000000); 12.7489
(2.000000,0.856000,0.000000); 12.7449
(2.000000,0.860000,0.000000); 12.7409
(2.000000,0.864000,0.000000); 12.7369
(2.000000,0.868000,0.000000); 12.7329
(2.000000,0.872000,0.000000); 12.7289
(2.000000,0.876000,0.000000); 12.7249
(2.000000,0.880000,0.000000); 12.7208
(2.000000,0.884000,0.000000); 12.7168
(2.000000,0.888000,0.000000); 12.7128
(2.000000,0.892000,0.000000); 12.7088
(2.000000,0.896000,0.000000); 12.7048
(2.000000,0.900000,0.000000); 12.7008
(2.000000,0.904000,0.000000); 12.6968
(2.000000,0.908000,0.000000); 12.6928
(2.000000,0.912000,0.000000); 12.6888
(2.000000,0.916000,0.000000); 12.6848
(2.000000,0.920000,0.000000); 12.6807
(2.000000,0.924000,0.000000); 12.6767
(2.000000,0.928000,0.000000); 12.6727
(2.000000,0.932000,0.000000); 12.6687
(2.000000,0.936000,0.000000); 12.6647
(2.000000,0.940000,0.000000); 12.6607
(2.000000,0.944000,0.000000); 12.6567
(2.000000,0.948000,0.000000); 12.6527
(2.000000,0.952000,0.000000); 12.6487
(2.000000,0.956000,0.000000); 12.6447
(2.000000,0.960000,0.000000); 12.6406
(2.000000,0.964000,0.000000); 12.6366
(2.000000,0.968000,0.000000); 12.6326
(2.000000,0.972000,0.000000); 12.6286
(2.000000,0.976000,0.000000); 12.6246
(2.000000,0.980000,0.000000); 12.6206
(2.000000,0.984000,0.000000); 12.6166
(2.000000,0.988000,0.000000); 12.6126
(2.000000,0.992000,0.000000); 12.6086
(2.000000,0.996000,0.000000); 12.6046
(2.000000,1.000000,0.000000); 12.6005
(2.000000,1.004000,0.000000); 12.5965
(2.000000,1.008000,0.000000); 12.5925
(2.000000,1.012000,0.000000); 12.5885
(2.000000,1.016000,0.000000); 12.5845
(2.000000,1.020000,0.000000); 12.5805
(2.000000,1.024000,0.000000); 12.5765
(2.000000,1.028000,0.000000); 12.5725
(2.000000,1.032000,0.000000); 12.5685
(2.000000,1.036000,0.000000); 12.5645
(2.000000,1.040000,0.000000); 12.5604
(2.000000,1.044000,0.000000); 12.5564
(2.000000,1.048000,0.000000); 12.5524
(2.000000,1.052000,0.000000); 12.5484
(2.000000,1.056000,0.000000); 12.5444
(2.000000,1.060000,0.000000); 12.5404
(2.000000,1.064000,0.000000); 12.5364
(2.000000,1.068000,0.000000); 12.5324
(2.000000,1.072000,0.000000); 12.5284
(2.000000,1.076000,0.000000); 12.5244
(2.000000,1.080000,0.000000); 12.5203
(2.000000,1.084000,0.000000); 12.5163
(2.000000,1.088000,0.000000); 12.5123
(2.000000,1.092000,0.000000); 12.5083
(2.000000,1.096000,0.000000); 12.5043
(2.000000,1.100000,0.000000); 12.5003
(2.000000,1.104000,0.000000); 12.4963
(2.000000,1.108000,0.000000); 12.4923
(2.000000,1.112000,0.000000); 12.4883
(2.000000,1.116000,0.000000); 12.4843
(2.000000,1.120000,0.000000); 12.4802
(2.000000,1.124000,0.000000); 12.4762
(2.000000,1.128000,0.000000); 12.4722
(2.000000,1.132000,0.000000); 12.4682
(2.000000,1.136000,0.000000); 12.4642
(2.000000,1.140000,0.000000); 12.4602
(2.000000,1.144000,0.000000); 12.4562
(2.000000,1.148000,0.000000); 12.4522
(2.000000,1.152000,0.000000); 12.4482
(2.000000,1.156000,0.000000); 12.4442
(2.000000,1.160000,0.000000); 12.4401
(2.000000,1.164000,0.000000); 12.4361
(2.000000,1.168000,0.000000); 12.4321
(2.000000,1.172000,0.000000); 12.4281
(2.000000,1.176000,0.000000); 12.4241
(2.000000,1.180000,0.000000); 12.4201
(2.000000,1.184000,0.000000); 12.4161
(2.000000,1.188000,0.000000); 12.4121
(2.000000,1.192000,0.000000); 12.4081
(2.000000,1.196000,0.000000); 12.4041
(2.000000,1.200000,0.000000); 12.4
(2.000000,1.204000,0.000000); 12.396
(2.000000,1.208000,0.000000); 12.392
(2.000000,1.212000,0.000000); 12.388
(2.000000,1.216000,0.000000); 12.384
(2.000000,1.220000,0.000000); 12.38
(2.000000,1.224000,0.000000); 12.376
(2.000000,1.228000,0.000000); 12.372
(2.000000,1.232000,0.000000); 12.368
(2.000000,1.236000,0.000000); 12.364
(2.000000,1.240000,0.000000); 12.3599
(2.000000,1.244000,0.000000); 12.3559
(2.000000,1.248000,0.000000); 12.3519
(2.000000,1.252000,0.000000); 12.3479
(2.000000,1.256000,0.000000); 12.3439
(2.000000,1.260000,0.000000); 12.3399
(2.000000,1.264000,0.000000); 12.3359
(2.000000,1.268000,0.000000); 12.3319
(2.000000,1.272000,0.000000); 12.3279
(2.000000,1.276000,0.000000); 12.3239
(2.000000,1.280000,0.000000); 12.3198
(2.000000,1.284000,0.000000); 12.3158
(2.000000,1.288000,0.000000); 12.3118
(2.000000,1.292000,0.000000); 12.3078
(2.000000,1.296000,0.000000); 12.3038
(2.000000,1.300000,0.000000); 12.2998
(2.000000,1.304000,0.000000); 12.2958
(2.000000,1.308000,0.000000); 12.2918
(2.000000,1.312000,0.000000); 12.2878
(2.000000,1.316000,0.000000); 12.2838
(2.000000,1.320000,0.000000); 12.2797
(2.000000,1.324000,0.000000); 12.2757
(2.000000,1.328000,0.000000); 12.2717
(2.000000,1.332000,0.000000); 12.2677
(2.000000,1.336000,0.000000); 12.2637
(2.000000,1.340000,0.000000); 12.2597
(2.000000,1.344000,0.000000); 12.2557
(2.000000,1.348000,0.000000); 12.2517
(2.000000,1.352000,0.000000); 12.2477
(2.000000,1.356000,0.000000); 12.2437
(2.000000,1.360000,0.000000); 12.2396
(2.000000,1.364000,0.000000); 12.2356
(2.000000,1.368000,0.000000); 12.2316
(2.000000,1.372000,0.000000); 12.2276
(2.000000,1.376000,0.000000); 12.2236
(2.000000,1.380000,0.000000); 12.2196
(2.000000,1.384000,0.000000); 12.2156
(2.000000,1.388000,0.000000); 12.2116
(2.000000,1.392000,0.000000); 12.2076
(2.000000,1.396000,0.000000); 12.2036
(2.000000,1.400000,0.000000); 12.1995
(2.000000,1.404000,0.000000); 12.1955
(2.000000,1.408000,0.000000); 12.1915
(2.000000,1.412000,0.000000); 12.1875
(2.000000,1.416000,0.000000); 12.1835
(2.000000,1.420000,0.000000); 12.1795
(2.000000,1.424000,0.000000); 12.1755
(2.000000,1.428000,0.000000); 12.1715
(2.000000,1.432000,0.000000); 12.1675
(2.000000,1.436000,0.000000); 12.1635
(2.000000,1.440000,0.000000); 12.1594
(2.000000,1.444000,0.000000); 12.1554
(2.000000,1.448000,0.000000); 12.1514
(2.000000,1.452000,0.000000); 12.1474
(2.000000,1.456000,0.000000); 12.1434
(2.000000,1.460000,0.000000); 12.1394
(2.000000,1.464000,0.000000); 12.1354
(2.000000,1.468000,0.000000); 12.1314
(2.000000,1.472000,0.000000); 12.1274
(2.000000,1.476000,0.000000); 12.1234
(2.000000,1.480000,0.000000); 12.1193
(2.000000,1.484000,0.000000); 12.1153
(2.000000,1.488000,0.000000); 12.1113
(2.000000,1.492000,0.000000); 12.1073
(2.000000,1.496000,0.000000); 12.1033
(2.000000,1.500000,0.000000); 12.0993
(2.000000,1.504000,0.000000); 12.0953
(2.000000,1.508000,0.000000); 12.0913
(2.000000,1.512000,0.000000); 12.0873
(2.000000,1.516000,0.000000); 12.0833
(2.000000,1.520000,0.000000); 12.0792
(2.000000,1.524000,0.000000); 12.0752
(2.000000,1.528000,0.000000); 12.0712
(2.000000,1.532000,0.000000); 12.0672
(2.000000,1.536000,0.000000); 12.0632
(2.000000,1.540000,0.000000); 12.0592
(2.000000,1.544000,0.000000); 12.0552
(2.000000,1.548000,0.000000); 12.0512
(2.000000,1.552000,0.000000); 12.0472
(2.000000,1.556000,0.000000); 12.0432
(2.000000,1.560000,0.000000); 12.0391
(2.000000,1.564000,0.000000); 12.0351
(2.000000,1.568000,0.000000); 12.0311
(2.000000,1.572000,0.000000); 12.0271
(2.000000,1.576000,0.000000); 12.0231
(2.000000,1.580000,0.000000); 12.0191
(2.000000,1.584000,0.000000); 12.0151
(2.000000,1.588000,0.000000); 12.0111
(2.000000,1.592000,0.000000); 12.0071
(2.000000,1.596000,0.000000); 12.0031
(2.000000,1.600000,0.000000); 11.999
(2.000000,1.604000,0.000000); 11.995
(2.000000,1.608000,0.000000); 11.991
(2.000000,1.612000,0.000000); 11.987
(2.000000,1.616000,0.000000); 11.983
(2.000000,1.620000,0.000000); 11.979
(2.000000,1.624000,0.000000); 11.975
(2.000000,1.628000,0.000000); 11.971
(2.000000,1.632000,0.000000); 11.967
(2.000000,1.636000,0.000000); 11.963
(2.000000,1.640000,0.000000); 11.9589
(2.000000,1.644000,0.000000); 11.9549
(2.000000,1.648000,0.000000); 11.9509
(2.000000,1.652000,0.000000); 11.9469
(2.000000,1.656000,0.000000); 11.9429
(2.000000,1.660000,0.000000); 11.9389
(2.000000,1.664000,0.000000); 11.9349
(2.000000,1.668000,0.000000); 11.9309
(2.000000,1.672000,0.000000); 11.9269
(2.000000,1.676000,0.000000); 11.9229
(2.000000,1.680000,0.000000); 11.9188
(2.000000,1.684000,0.000000); 11.9148
(2.000000,1.688000,0.000000); 11.9108
(2.000000,1.692000,0.000000); 11.9068
(2.000000,1.696000,0.000000); 11.9028
(2.000000,1.700000,0.000000); 11.8988
(2.000000,1.704000,0.000000); 11.8948
(2.000000,1.708000,0.000000); 11.8908
(2.000000,1.712000,0.000000); 11.8868
(2.000000,1.716000,0.000000); 11.8828
(2.000000,1.720000,0.000000); 11.8787
(2.000000,1.724000,0.000000); 11.8747
(2.000000,1.728000,0.000000); 11.8707
(2.000000,1.732000,0.000000); 11.8667
(2.000000,1.736000,0.000000); 11.8627
(2.000000,1.740000,0.000000); 11.8587
(2.000000,1.744000,0.000000); 11.8547
(2.000000,1.748000,0.000000); 11.8507
(2.000000,1.752000,0.000000); 11.8467
(2.000000,1.756000,0.000000); 11.8427
(2.000000,1.760000,0.000000); 11.8386
(2.000000,1.764000,0.000000); 11.8346
(2.000000,1.768000,0.000000); 11.8306
(2.000000,1.772000,0.000000); 11.8266
(2.000000,1.776000,0.000000); 11.8226
(2.000000,1.780000,0.000000); 11.8186
(2.000000,1.784000,0.000000); 11.8146
(2.000000,1.788000,0.000000); 11.8106
(2.000000,1.792000,0.000000); 11.8066
(2.000000,1.796000,0.000000); 11.8026
(2.000000,1.800000,0.000000); 11.7985
(2.000000,1.804000,0.000000); 11.7945
(2.000000,1.808000,0.000000); 11.7905
(2.000000,1.812000,0.000000); 11.7865
(2.000000,1.816000,0.000000); 11.7825
(2.000000,1.820000,0.000000); 11.7785
(2.000000,1.824000,0.000000); 11.7745
(2.000000,1.828000,0.000000); 11.7705
(2.000000,1.832000,0.000000); 11.7665
(2.000000,1.836000,0.000000); 11.7625
(2.000000,1.840000,0.000000); 11.7584
(2.000000,1.844000,0.000000); 11.7544
(2.000000,1.848000,0.000000); 11.7504
(2.000000,1.852000,0.000000); 11.7464
(2.000000,1.856000,0.000000); 11.7424
(2.000000,1.860000,0.000000); 11.7384
(2.000000,1.864000,0.000000); 11.7344
(2.000000,1.868000,0.000000); 11.7304
(2.000000,1.872000,0.000000); 11.7264
(2.000000,1.876000,0.000000); 11.7224
(2.000000,1.880000,0.000000); 11.7183
(2.000000,1.884000,0.000000); 11.7143
(2.000000,1.888000,0.000000); 11.7103
(2.000000,1.892000,0.000000); 11.7063
(2.000000,1.896000,0.000000); 11.7023
(2.000000,1.900000,0.000000); 11.6983
(2.000000,1.904000,0.000000); 11.6943
(2.000000,1.908000,0.000000); 11.6903
(2.000000,1.912000,0.000000); 11.6863
(2.000000,1.916000,0.000000); 11.6823
(2.000000,1.920000,0.000000); 11.6782
(2.000000,1.924000,0.000000); 11.6742
(2.000000,1.928000,0.000000); 11.6702
(2.000000,1.932000,0.000000); 11.6662
(2.000000,1.936000,0.000000); 11.6622
(2.000000,1.940000,0.000000); 11.6582
(2.000000,1.944000,0.000000); 11.6542
(2.000000,1.948000,0.000000); 11.6502
(2.000000,1.952000,0.000000); 11.6462
(2.000000,1.956000,0.000000); 11.6422
(2.000000,1.960000,0.000000); 11.6381
(2.000000,1.964000,0.000000); 11.6341
(2.000000,1.968000,0.000000); 11.6301
(2.000000,1.972000,0.000000); 11.6261
(2.000000,1.976000,0.000000); 11.6221
(2.000000,1.980000,0.000000); 11.6181
(2.000000,1.984000,0.000000); 11.6141
(2.000000,1.988000,0.000000); 11.6101
(2.000000,1.992000,0.000000); 11.6061
(2.000000,1.996000,0.000000); 11.6021
(2.000000,2.000000,0.000000); 11.598
(2.000000,2.004000,0.000000); 11.594
(2.000000,2.008000,0.000000); 11.59
(2.000000,2.012000,0.000000); 11.586
(2.000000,2.016000,0.000000); 11.582
(2.000000,2.020000,0.000000); 11.578
(2.000000,2.024000,0.000000); 11.574
(2.000000,2.028000,0.000000); 11.57
(2.000000,2.032000,0.000000); 11.566
(2.000000,2.036000,0.000000); 11.562
(2.000000,2.040000,0.000000); 11.5579
(2.000000,2.044000,0.000000); 11.5539
(2.000000,2.048000,0.000000); 11.5499
(2.000000,2.052000,0.000000); 11.5459
(2.000000,2.056000,0.000000); 11.5419
(2.000000,2.060000,0.000000); 11.5379
(2.000000,2.064000,0.000000); 11.5339
(2.000000,2.068000,0.000000); 11.5299
(2.000000,2.072000,0.000000); 11.5259
(2.000000,2.076000,0.000000); 11.5219
(2.000000,2.080000,0.000000); 11.5178
(2.000000,2.084000,0.000000); 11.5138
(2.000000,2.088000,0.000000); 11.5098
(2.000000,2.092000,0.000000); 11.5058
(2.000000,2.096000,0.000000); 11.5018
(2.000000,2.100000,0.000000); 11.4978
(2.000000,2.104000,0.000000); 11.4938
(2.000000,2.108000,0.000000); 11.4898
(2.000000,2.112000,0.000000); 11.4858
(2.000000,2.116000,0.000000); 11.4818
(2.000000,2.120000,0.000000); 11.4777
(2.000000,2.124000,0.000000); 11.4737
(2.000000,2.128000,0.000000); 11.4697
(2.000000,2.132000,0.000000); 11.4657
(2.000000,2.136000,0.000000); 11.4617
(2.000000,2.140000,0.000000); 11.4577
(2.000000,2.144000,0.000000); 11.4537
(2.000000,2.148000,0.000000); 11.4497
(2.000000,2.152000,0.000000); 11.4457
(2.000000,2.156000,0.000000); 11.4417
(2.000000,2.160000,0.000000); 11.4376
(2.000000,2.164000,0.000000); 11.4336
(2.000000,2.168000,0.000000); 11.4296
(2.000000,2.172000,0.000000); 11.4256
(2.000000,2.176000,0.000000); 11.4216
(2.000000,2.180000,0.000000); 11.4176
(2.000000,2.184000,0.000000); 11.4136
(2.000000,2.188000,0.000000); 11.4096
(2.000000,2.192000,0.000000); 11.4056
(2.000000,2.196000,0.000000); 11.4016
(2.000000,2.200000,0.000000); 11.3975
(2.000000,2.204000,0.000000); 11.3935
(2.000000,2.208000,0.000000); 11.3895
(2.000000,2.212000,0.000000); 11.3855
(2.000000,2.216000,0.000000); 11.3815
(2.000000,2.220000,0.000000); 11.3775
(2.000000,2.224000,0.000000); 11.3735
(2.000000,2.228000,0.000000); 11.3695
(2.000000,2.232000,0.000000); 11.3655
(2.000000,2.236000,0.000000); 11.3615
(2.000000,2.240000,0.000000); 11.3574
(2.000000,2.244000,0.000000); 11.3534
(2.000000,2.248000,0.000000); 11.3494
(2.000000,2.252000,0.000000); 11.3454
(2.000000,2.256000,0.000000); 11.3414
(2.000000,2.260000,0.000000); 11.3374
(2.000000,2.264000,0.000000); 11.3334
(2.000000,2.268000,0.000000); 11.3294
(2.000000,2.272000,0.000000); 11.3254
(2.000000,2.276000,0.000000); 11.3214
(2.000000,2.280000,0.000000); 11.3173
(2.000000,2.284000,0.000000); 11.3133
(2.000000,2.288000,0.000000); 11.3093
(2.000000,2.292000,0.000000); 11.3053
(2.000000,2.296000,0.000000); 11.3013
(2.000000,2.300000,0.000000); 11.2973
(2.000000,2.304000,0.000000); 11.2933
(2.000000,2.308000,0.000000); 11.2893
(2.000000,2.312000,0.000000); 11.2853
(2.000000,2.316000,0.000000); 11.2813
(2.000000,2.320000,0.000000); 11.2772
(2.000000,2.324000,0.000000); 11.2732
(2.000000,2.328000,0.000000); 11.2692
(2.000000,2.332000,0.000000); 11.2652
(2.000000,2.336000,0.000000); 11.2612
(2.000000,2.340000,0.000000); 11.2572
(2.000000,2.344000,0.000000); 11.2532
(2.000000,2.348000,0.000000); 11.2492
(2.000000,2.352000,0.000000); 11.2452
(2.000000,2.356000,0.000000); 11.2412
(2.000000,2.360000,0.000000); 11.2371
(2.000000,2.364000,0.000000); 11.2331
(2.000000,2.368000,0.000000); 11.2291
(2.000000,2.372000,0.000000); 11.2251
(2.000000,2.376000,0.000000); 11.2211
(2.000000,2.380000,0.000000); 11.2171
(2.000000,2.384000,0.000000); 11.2131
(2.000000,2.388000,0.000000); 11.2091
(2.000000,2.392000,0.000000); 11.2051
(2.000000,2.396000,0.000000); 11.2011
(2.000000,2.400000,0.000000); 11.197
(2.000000,2.404000,0.000000); 11.193
(2.000000,2.408000,0.000000); 11.189
(2.000000,2.412000,0.000000); 11.185
(2.000000,2.416000,0.000000); 11.181
(2.000000,2.420000,0.000000); 11.177
(2.000000,2.424000,0.000000); 11.173
(2.000000,2.428000,0.000000); 11.169
(2.000000,2.432000,0.000000); 11.165
(2.000000,2.436000,0.000000); 11.161
(2.000000,2.440000,0.000000); 11.1569
(2.000000,2.444000,0.000000); 11.1529
(2.000000,2.448000,0.000000); 11.1489
(2.000000,2.452000,0.000000); 11.1449
(2.000000,2.456000,0.000000); 11.1409
(2.000000,2.460000,0.000000); 11.1369
(2.000000,2.464000,0.000000); 11.1329
(2.000000,2.468000,0.000000); 11.1289
(2.000000,2.472000,0.000000); 11.1249
(2.000000,2.476000,0.000000); 11.1209
(2.000000,2.480000,0.000000); 11.1168
(2.000000,2.484000,0.000000); 11.1128
(2.000000,2.488000,0.000000); 11.1088
(2.000000,2.492000,0.000000); 11.1048
(2.000000,2.496000,0.000000); 11.1008
(2.000000,2.500000,0.000000); 11.0968
(2.000000,2.504000,0.000000); 11.0928
(2.000000,2.508000,0.000000); 11.0888
(2.000000,2.512000,0.000000); 11.0848
(2.000000,2.516000,0.000000); 11.0808
(2.000000,2.520000,0.000000); 11.0767
(2.000000,2.524000,0.000000); 11.0727
(2.000000,2.528000,0.000000); 11.0687
(2.000000,2.532000,0.000000); 11.0647
(2.000000,2.536000,0.000000); 11.0607
(2.000000,2.540000,0.000000); 11.0567
(2.000000,2.544000,0.000000); 11.0527
(2.000000,2.548000,0.000000); 11.0487
(2.000000,2.552000,0.000000); 11.0447
(2.000000,2.556000,0.000000); 11.0407
(2.000000,2.560000,0.000000); 11.0366
(2.000000,2.564000,0.000000); 11.0326
(2.000000,2.568000,0.000000); 11.0286
(2.000000,2.572000,0.000000); 11.0246
(2.000000,2.576000,0.000000); 11.0206
(2.000000,2.580000,0.000000); 11.0166
(2.000000,2.584000,0.000000); 11.0126
(2.000000,2.588000,0.000000); 11.0086
(2.000000,2.592000,0.000000); 11.0046
(2.000000,2.596000,0.000000); 11.0006
(2.000000,2.600000,0.000000); 10.9965
(2.000000,2.604000,0.000000); 10.9925
(2.000000,2.608000,0.000000); 10.9885
(2.000000,2.612000,0.000000); 10.9845
(2.000000,2.616000,0.000000); 10.9805
(2.000000,2.620000,0.000000); 10.9765
(2.000000,2.624000,0.000000); 10.9725
(2.000000,2.628000,0.000000); 10.9685
(2.000000,2.632000,0.000000); 10.9645
(2.000000,2.636000,0.000000); 10.9605
(2.000000,2.640000,0.000000); 10.9564
(2.000000,2.644000,0.000000); 10.9524
(2.000000,2.648000,0.000000); 10.9484
(2.000000,2.652000,0.000000); 10.9444
(2.000000,2.656000,0.000000); 10.9404
(2.000000,2.660000,0.000000); 10.9364
(2.000000,2.664000,0.000000); 10.9324
(2.000000,2.668000,0.000000); 10.9284
(2.000000,2.672000,0.000000); 10.9244
(2.000000,2.676000,0.000000); 10.9204
(2.000000,2.680000,0.000000); 10.9163
(2.000000,2.684000,0.000000); 10.9123
(2.000000,2.688000,0.000000); 10.9083
(2.000000,2.692000,0.000000); 10.9043
(2.000000,2.696000,0.000000); 10.9003
(2.000000,2.700000,0.000000); 10.8963
(2.000000,2.704000,0.000000); 10.8923
(2.000000,2.708000,0.000000); 10.8883
(2.000000,2.712000,0.000000); 10.8843
(2.000000,2.716000,0.000000); 10.8803
(2.000000,2.720000,0.000000); 10.8762
(2.000000,2.724000,0.000000); 10.8722
(2.000000,2.728000,0.000000); 10.8682
(2.000000,2.732000,0.000000); 10.8642
(2.000000,2.736000,0.000000); 10.8602
(2.000000,2.740000,0.000000); 10.8562
(2.000000,2.744000,0.000000); 10.8522
(2.000000,2.748000,0.000000); 10.8482
(2.000000,2.752000,0.000000); 10.8442
(2.000000,2.756000,0.000000); 10.8402
(2.000000,2.760000,0.000000); 10.8361
(2.000000,2.764000,0.000000); 10.8321
(2.000000,2.768000,0.000000); 10.8281
(2.000000,2.772000,0.000000); 10.8241
(2.000000,2.776000,0.000000); 10.8201
(2.000000,2.780000,0.000000); 10.8161
(2.000000,2.784000,0.000000); 10.8121
(2.000000,2.788000,0.000000); 10.8081
(2.000000,2.792000,0.000000); 10.8041
(2.000000,2.796000,0.000000); 10.8001
(2.000000,2.800000,0.000000); 10.796
(2.000000,2.804000,0.000000); 10.792
(2.000000,2.808000,0.000000); 10.788
(2.000000,2.812000,0.000000); 10.784
(2.000000,2.816000,0.000000); 10.78
(2.000000,2.820000,0.000000); 10.776
(2.000000,2.824000,0.000000); 10.772
(2.000000,2.828000,0.000000); 10.768
(2.000000,2.832000,0.000000); 10.764
(2.000000,2.836000,0.000000); 10.76
(2.000000,2.840000,0.000000); 10.7559
(2.000000,2.844000,0.000000); 10.7519
(2.000000,2.848000,0.000000); 10.7479
(2.000000,2.852000,0.000000); 10.7439
(2.000000,2.856000,0.000000); 10.7399
(2.000000,2.860000,0.000000); 10.7359
(2.000000,2.864000,0.000000); 10.7319
(2.000000,2.868000,0.000000); 10.7279
(2.000000,2.872000,0.000000); 10.7239
(2.000000,2.876000,0.000000); 10.7199
(2.000000,2.880000,0.000000); 10.7158
(2.000000,2.884000,0.000000); 10.7118
(2.000000,2.888000,0.000000); 10.7078
(2.000000,2.892000,0.000000); 10.7038
(2.000000,2.896000,0.000000); 10.6998
(2.000000,2.900000,0.000000); 10.6958
(2.000000,2.904000,0.000000); 10.6918
(2.000000,2.908000,0.000000); 10.6878
(2.000000,2.912000,0.000000); 10.6838
(2.000000,2.916000,0.000000); 10.6798
(2.000000,2.920000,0.000000); 10.6757
(2.000000,2.924000,0.000000); 10.6717
(2.000000,2.928000,0.000000); 10.6677
(2.000000,2.932000,0.000000); 10.6637
(2.000000,2.936000,0.000000); 10.6597
(2.000000,2.940000,0.000000); 10.6557
(2.000000,2.944000,0.000000); 10.6517
(2.000000,2.948000,0.000000); 10.6477
(2.000000,2.952000,0.000000); 10.6437
(2.000000,2.956000,0.000000); 10.6396
(2.000000,2.960000,0.000000); 10.6356
(2.000000,2.964000,0.000000); 10.6316
(2.000000,2.968000,0.000000); 10.6276
(2.000000,2.972000,0.000000); 10.6236
(2.000000,2.976000,0.000000); 10.6196
(2.000000,2.980000,0.000000); 10.6156
(2.000000,2.984000,0.000000); 10.6116
(2.000000,2.988000,0.000000); 10.6076
(2.000000,2.992000,0.000000); 10.6036
(2.000000,2.996000,0.000000); 10.5995
(2.000000,3.000000,0.000000); 10.5955
(2.000000,3.004000,0.000000); 10.5915
(2.000000,3.008000,0.000000); 10.5875
(2.000000,3.012000,0.000000); 10.5835
(2.000000,3.016000,0.000000); 10.5795
(2.000000,3.020000,0.000000); 10.5755
(2.000000,3.024000,0.000000); 10.5715
(2.000000,3.028000,0.000000); 10.5675
(2.000000,3.032000,0.000000); 10.5635
(2.000000,3.036000,0.000000); 10.5595
(2.000000,3.040000,0.000000); 10.5554
(2.000000,3.044000,0.000000); 10.5514
(2.000000,3.048000,0.000000); 10.5474
(2.000000,3.052000,0.000000); 10.5434
(2.000000,3.056000,0.000000); 10.5394
(2.000000,3.060000,0.000000); 10.5354
(2.000000,3.064000,0.000000); 10.5314
(2.000000,3.068000,0.000000); 10.5274
(2.000000,3.072000,0.000000); 10.5234
(2.000000,3.076000,0.000000); 10.5194
(2.000000,3.080000,0.000000); 10.5154
(2.000000,3.084000,0.000000); 10.5113
(2.000000,3.088000,0.000000); 10.5073
(2.000000,3.092000,0.000000); 10.5033
(2.000000,3.096000,0.000000); 10.4993
(2.000000,3.100000,0.000000); 10.4953
(2.000000,3.104000,0.000000); 10.4913
(2.000000,3.108000,0.000000); 10.4873
(2.000000,3.112000,0.000000); 10.4833
(2.000000,3.116000,0.000000); 10.4793
(2.000000,3.120000,0.000000); 10.4753
(2.000000,3.124000,0.000000); 10.4712
(2.000000,3.128000,0.000000); 10.4672
(2.000000,3.132000,0.000000); 10.4632
(2.000000,3.136000,0.000000); 10.4592
(2.000000,3.140000,0.000000); 10.4552
(2.000000,3.144000,0.000000); 10.4512
(2.000000,3.148000,0.000000); 10.4472
(2.000000,3.152000,0.000000); 10.4432
(2.000000,3.156000,0.000000); 10.4392
(2.000000,3.160000,0.000000); 10.4352
(2.000000,3.164000,0.000000); 10.4311
(2.000000,3.168000,0.000000); 10.4271
(2.000000,3.172000,0.000000); 10.4231
(2.000000,3.176000,0.000000); 10.4191
(2.000000,3.180000,0.000000); 10.4151
(2.000000,3.184000,0.000000); 10.4111
(2.000000,3.188000,0.000000); 10.4071
(2.000000,3.192000,0.000000); 10.403
(2.000000,3.196000,0.000000); 10.399
(2.000000,3.200000,0.000000); 10.395
(2.000000,3.204000,0.000000); 10.391
(2.000000,3.208000,0.000000); 10.387
(2.000000,3.212000,0.000000); 10.383
(2.000000,3.216000,0.000000); 10.379
(2.000000,3.220000,0.000000); 10.3749
(2.000000,3.224000,0.000000); 10.3709
(2.000000,3.228000,0.000000); 10.3669
(2.000000,3.232000,0.000000); 10.3629
(2.000000,3.236000,0.000000); 10.3589
(2.000000,3.240000,0.000000); 10.3549
(2.000000,3.244000,0.000000); 10.3509
(2.000000,3.248000,0.000000); 10.3468
(2.000000,3.252000,0.000000); 10.3428
(2.000000,3.256000,0.000000); 10.3388
(2.000000,3.260000,0.000000); 10.3348
(2.000000,3.264000,0.000000); 10.3308
(2.000000,3.268000,0.000000); 10.3268
(2.000000,3.272000,0.000000); 10.3228
(2.000000,3.276000,0.000000); 10.3188
(2.000000,3.280000,0.000000); 10.3148
(2.000000,3.284000,0.000000); 10.3108
(2.000000,3.288000,0.000000); 10.3068
(2.000000,3.292000,0.000000); 10.3028
(2.000000,3.296000,0.000000); 10.2988
(2.000000,3.300000,0.000000); 10.2948
(2.000000,3.304000,0.000000); 10.2908
(2.000000,3.308000,0.000000); 10.2867
(2.000000,3.312000,0.000000); 10.2827
(2.000000,3.316000,0.000000); 10.2787
(2.000000,3.320000,0.000000); 10.2747
(2.000000,3.324000,0.000000); 10.2708
(2.000000,3.328000,0.000000); 10.2668
(2.000000,3.332000,0.000000); 10.2628
(2.000000,3.336000,0.000000); 10.2588
(2.000000,3.340000,0.000000); 10.2548
(2.000000,3.344000,0.000000); 10.2508
(2.000000,3.348000,0.000000); 10.2468
(2.000000,3.352000,0.000000); 10.2428
(2.000000,3.356000,0.000000); 10.2388
(2.000000,3.360000,0.000000); 10.2348
(2.000000,3.364000,0.000000); 10.2308
(2.000000,3.368000,0.000000); 10.2268
(2.000000,3.372000,0.000000); 10.2228
(2.000000,3.376000,0.000000); 10.2188
(2.000000,3.380000,0.000000); 10.2148
(2.000000,3.384000,0.000000); 10.2108
(2.000000,3.388000,0.000000); 10.2068
(2.000000,3.392000,0.000000); 10.2027
(2.000000,3.396000,0.000000); 10.1987
(2.000000,3.400000,0.000000); 10.1946
(2.000000,3.404000,0.000000); 10.1906
(2.000000,3.408000,0.000000); 10.1866
(2.000000,3.412000,0.000000); 10.1825
(2.000000,3.416000,0.000000); 10.1785
(2.000000,3.420000,0.000000); 10.1744
(2.000000,3.424000,0.000000); 10.1704
(2.000000,3.428000,0.000000); 10.1663
(2.000000,3.432000,0.000000); 10.1623
(2.000000,3.436000,0.000000); 10.1583
(2.000000,3.440000,0.000000); 10.1542
(2.000000,3.444000,0.000000); 10.1502
(2.000000,3.448000,0.000000); 10.1461
(2.000000,3.452000,0.000000); 10.1421
(2.000000,3.456000,0.000000); 10.1381
(2.000000,3.460000,0.000000); 10.134
(2.000000,3.464000,0.000000); 10.13
(2.000000,3.468000,0.000000); 10.1259
(2.000000,3.472000,0.000000); 10.1219
(2.000000,3.476000,0.000000); 10.1179
(2.000000,3.480000,0.000000); 10.1138
(2.000000,3.484000,0.000000); 10.1098
(2.000000,3.488000,0.000000); 10.1057
(2.000000,3.492000,0.000000); 10.1017
(2.000000,3.496000,0.000000); 10.0977
(2.000000,3.500000,0.000000); 10.0936
(2.000000,3.504000,0.000000); 10.0897
(2.000000,3.508000,0.000000); 10.0858
(2.000000,3.512000,0.000000); 10.0819
(2.000000,3.516000,0.000000); 10.078
(2.000000,3.520000,0.000000); 10.0741
(2.000000,3.524000,0.000000); 10.0702
(2.000000,3.528000,0.000000); 10.0663
(2.000000,3.532000,0.000000); 10.0624
(2.000000,3.536000,0.000000); 10.0585
(2.000000,3.540000,0.000000); 10.0546
(2.000000,3.544000,0.000000); 10.0507
(2.000000,3.548000,0.000000); 10.0468
(2.000000,3.552000,0.000000); 10.0429
(2.000000,3.556000,0.000000); 10.039
(2.000000,3.560000,0.000000); 10.0351
(2.000000,3.564000,0.000000); 10.0312
(2.000000,3.568000,0.000000); 10.0274
(2.000000,3.572000,0.000000); 10.0235
(2.000000,3.576000,0.000000); 10.0196
(2.000000,3.580000,0.000000); 10.0157
(2.000000,3.584000,0.000000); 10.0118
(2.000000,3.588000,0.000000); 10.0079
(2.000000,3.592000,0.000000); 10.004
(2.000000,3.596000,0.000000); 10.0001
(2.000000,3.600000,0.000000); 9.99621
(2.000000,3.604000,0.000000); 9.99232
(2.000000,3.608000,0.000000); 9.98842
(2.000000,3.612000,0.000000); 9.98453
(2.000000,3.616000,0.000000); 9.98064
(2.000000,3.620000,0.000000); 9.97674
(2.000000,3.624000,0.000000); 9.97231
(2.000000,3.628000,0.000000); 9.96769
(2.000000,3.632000,0.000000); 9.96307
(2.000000,3.636000,0.000000); 9.95845
(2.000000,3.640000,0.000000); 9.95384
(2.000000,3.644000,0.000000); 9.94922
(2.000000,3.648000,0.000000); 9.9446
(2.000000,3.652000,0.000000); 9.93999
(2.000000,3.656000,0.000000); 9.93537
(2.000000,3.660000,0.000000); 9.93075
(2.000000,3.664000,0.000000); 9.92614
(2.000000,3.668000,0.000000); 9.92152
(2.000000,3.672000,0.000000); 9.9169
(2.000000,3.676000,0.000000); 9.91229
(2.000000,3.680000,0.000000); 9.90767
(2.000000,3.684000,0.000000); 9.90305
(2.000000,3.688000,0.000000); 9.89843
(2.000000,3.692000,0.000000); 9.89382
(2.000000,3.696000,0.000000); 9.8892
(2.000000,3.700000,0.000000); 9.8846
(2.000000,3.704000,0.000000); 9.88
(2.000000,3.708000,0.000000); 9.8754
(2.000000,3.712000,0.000000); 9.8708
(2.000000,3.716000,0.000000); 9.86639
(2.000000,3.720000,0.000000); 9.86462
(2.000000,3.724000,0.000000); 9.86285
(2.000000,3.728000,0.000000); 9.86108
(2.000000,3.732000,0.000000); 9.85932
(2.000000,3.736000,0.000000); 9.85755
(2.000000,3.740000,0.000000); 9.85578
(2.000000,3.744000,0.000000); 9.85401
(2.000000,3.748000,0.000000); 9.85225
(2.000000,3.752000,0.000000); 9.85055
(2.000000,3.756000,0.000000); 9.84886
(2.000000,3.760000,0.000000); 9.84716
(2.000000,3.764000,0.000000); 9.84547
(2.000000,3.768000,0.000000); 9.84377
(2.000000,3.772000,0.000000); 9.84208
(2.000000,3.776000,0.000000); 9.84038
(2.000000,3.780000,0.000000); 9.83869
(2.000000,3.784000,0.000000); 9.83699
(2.000000,3.788000,0.000000); 9.8353
(2.000000,3.792000,0.000000); 9.8336
(2.000000,3.796000,0.000000); 9.83191
(2.000000,3.800000,0.000000); 9.83021
(2.000000,3.804000,0.000000); 9.82852
(2.000000,3.808000,0.000000); 9.82682
(2.000000,3.812000,0.000000); 9.82099
(2.000000,3.816000,0.000000); 9.80831
(2.000000,3.820000,0.000000); 9.79564
(2.000000,3.824000,0.000000); 9.78297
(2.000000,3.828000,0.000000); 9.7703
(2.000000,3.832000,0.000000); 9.75762
(2.000000,3.836000,0.000000); 9.74495
(2.000000,3.840000,0.000000); 9.73228
(2.000000,3.844000,0.000000); 9.71961
(2.000000,3.848000,0.000000); 9.70694
(2.000000,3.852000,0.000000); 9.69456
(2.000000,3.856000,0.000000); 9.6822
(2.000000,3.860000,0.000000); 9.66983
(2.000000,3.864000,0.000000); 9.65747
(2.000000,3.868000,0.000000); 9.64511
(2.000000,3.872000,0.000000); 9.63275
(2.000000,3.876000,0.000000); 9.62039
(2.000000,3.880000,0.000000); 9.60803
(2.000000,3.884000,0.000000); 9.59566
(2.000000,3.888000,0.000000); 9.5833
(2.000000,3.892000,0.000000); 9.57094
(2.000000,3.896000,0.000000); 9.55858
(2.000000,3.900000,0.000000); 9.54622
(2.000000,3.904000,0.000000); 9.53385
(2.000000,3.908000,0.000000); 9.5493
(2.000000,3.912000,0.000000); 9.57731
(2.000000,3.916000,0.000000); 9.60533
(2.000000,3.920000,0.000000); 9.63335
(2.000000,3.924000,0.000000); 9.66136
(2.000000,3.928000,0.000000); 9.68938
(2.000000,3.932000,0.000000); 9.7174
(2.000000,3.936000,0.000000); 9.74541
(2.000000,3.940000,0.000000); 9.77343
(2.000000,3.944000,0.000000); 9.80145
(2.000000,3.948000,0.000000); 9.82946
(2.000000,3.952000,0.000000); 9.85748
(2.000000,3.956000,0.000000); 9.8855
(2.000000,3.960000,0.000000); 9.91351
(2.000000,3.964000,0.000000); 9.94153
(2.000000,3.968000,0.000000); 9.96955
(2.000000,3.972000,0.000000); 9.99756
(2.000000,3.976000,0.000000); 10.0256
(2.000000,3.980000,0.000000); 10.0536
(2.000000,3.984000,0.000000); 10.0816
(2.000000,3.988000,0.000000); 10.1096
(2.000000,3.992000,0.000000); 10.1376
(2.000000,3.996000,0.000000); 10.1657
(2.000000,4.000000,0.000000); 10.1937
