LOGFILE

(2.000000,0.000000,0.000000); 13.603
(2.000000,0.004000,0.000000); 13.599
(2.000000,0.008000,0.000000); 13.595
(2.000000,0.012000,0.000000); 13.591
(2.000000,0.016000,0.000000); 13.587
(2.000000,0.020000,0.000000); 13.583
(2.000000,0.024000,0.000000); 13.579
(2.000000,0.028000,0.000000); 13.575
(2.000000,0.032000,0.000000); 13.571
(2.000000,0.036000,0.000000); 13.567
(2.000000,0.040000,0.000000); 13.5629
(2.000000,0.044000,0.000000); 13.5589
(2.000000,0.048000,0.000000); 13.5549
(2.000000,0.052000,0.000000); 13.5509
(2.000000,0.056000,0.000000); 13.5469
(2.000000,0.060000,0.000000); 13.5429
(2.000000,0.064000,0.000000); 13.5389
(2.000000,0.068000,0.000000); 13.5349
(2.000000,0.072000,0.000000); 13.5309
(2.000000,0.076000,0.000000); 13.5269
(2.000000,0.080000,0.000000); 13.5229
(2.000000,0.084000,0.000000); 13.5188
(2.000000,0.088000,0.000000); 13.5148
(2.000000,0.092000,0.000000); 13.5108
(2.000000,0.096000,0.000000); 13.5068
(2.000000,0.100000,0.000000); 13.5028
(2.000000,0.104000,0.000000); 13.4988
(2.000000,0.108000,0.000000); 13.4948
(2.000000,0.112000,0.000000); 13.4908
(2.000000,0.116000,0.000000); 13.4868
(2.000000,0.120000,0.000000); 13.4828
(2.000000,0.124000,0.000000); 13.4788
(2.000000,0.128000,0.000000); 13.4747
(2.000000,0.132000,0.000000); 13.4707
(2.000000,0.136000,0.000000); 13.4667
(2.000000,0.140000,0.000000); 13.4627
(2.000000,0.144000,0.000000); 13.4587
(2.000000,0.148000,0.000000); 13.4547
(2.000000,0.152000,0.000000); 13.4507
(2.000000,0.156000,0.000000); 13.4467
(2.000000,0.160000,0.000000); 13.4427
(2.000000,0.164000,0.000000); 13.4387
(2.000000,0.168000,0.000000); 13.4347
(2.000000,0.172000,0.000000); 13.4306
(2.000000,0.176000,0.000000); 13.4266
(2.000000,0.180000,0.000000); 13.4226
(2.000000,0.184000,0.000000); 13.4186
(2.000000,0.188000,0.000000); 13.4146
(2.000000,0.192000,0.000000); 13.4106
(2.000000,0.196000,0.000000); 13.4066
(2.000000,0.200000,0.000000); 13.4026
(2.000000,0.204000,0.000000); 13.3986
(2.000000,0.208000,0.000000); 13.3946
(2.000000,0.212000,0.000000); 13.3906
(2.000000,0.216000,0.000000); 13.3865
(2.000000,0.220000,0.000000); 13.3825
(2.000000,0.224000,0.000000); 13.3785
(2.000000,0.228000,0.000000); 13.3745
(2.000000,0.232000,0.000000); 13.3705
(2.000000,0.236000,0.000000); 13.3665
(2.000000,0.240000,0.000000); 13.3625
(2.000000,0.244000,0.000000); 13.3585
(2.000000,0.248000,0.000000); 13.3545
(2.000000,0.252000,0.000000); 13.3505
(2.000000,0.256000,0.000000); 13.3465
(2.000000,0.260000,0.000000); 13.3424
(2.000000,0.264000,0.000000); 13.3384
(2.000000,0.268000,0.000000); 13.3344
(2.000000,0.272000,0.000000); 13.3304
(2.000000,0.276000,0.000000); 13.3264
(2.000000,0.280000,0.000000); 13.3224
(2.000000,0.284000,0.000000); 13.3184
(2.000000,0.288000,0.000000); 13.3144
(2.000000,0.292000,0.000000); 13.3104
(2.000000,0.296000,0.000000); 13.3064
(2.000000,0.300000,0.000000); 13.3024
(2.000000,0.304000,0.000000); 13.2983
(2.000000,0.308000,0.000000); 13.2943
(2.000000,0.312000,0.000000); 13.2903
(2.000000,0.316000,0.000000); 13.2863
(2.000000,0.320000,0.000000); 13.2823
(2.000000,0.324000,0.000000); 13.2783
(2.000000,0.328000,0.000000); 13.2743
(2.000000,0.332000,0.000000); 13.2703
(2.000000,0.336000,0.000000); 13.2663
(2.000000,0.340000,0.000000); 13.2623
(2.000000,0.344000,0.000000); 13.2583
(2.000000,0.348000,0.000000); 13.2542
(2.000000,0.352000,0.000000); 13.2502
(2.000000,0.356000,0.000000); 13.2462
(2.000000,0.360000,0.000000); 13.2422
(2.000000,0.364000,0.000000); 13.2382
(2.000000,0.368000,0.000000); 13.2342
(2.000000,0.372000,0.000000); 13.2302
(2.000000,0.376000,0.000000); 13.2262
(2.000000,0.380000,0.000000); 13.2222
(2.000000,0.384000,0.000000); 13.2182
(2.000000,0.388000,0.000000); 13.2142
(2.000000,0.392000,0.000000); 13.2101
(2.000000,0.396000,0.000000); 13.2061
(2.000000,0.400000,0.000000); 13.2021
(2.000000,0.404000,0.000000); 13.1981
(2.000000,0.408000,0.000000); 13.1941
(2.000000,0.412000,0.000000); 13.1901
(2.000000,0.416000,0.000000); 13.1861
(2.000000,0.420000,0.000000); 13.1821
(2.000000,0.424000,0.000000); 13.1781
(2.000000,0.428000,0.000000); 13.1741
(2.000000,0.432000,0.000000); 13.1701
(2.000000,0.436000,0.000000); 13.166
(2.000000,0.440000,0.000000); 13.162
(2.000000,0.444000,0.000000); 13.158
(2.000000,0.448000,0.000000); 13.154
(2.000000,0.452000,0.000000); 13.15
(2.000000,0.456000,0.000000); 13.146
(2.000000,0.460000,0.000000); 13.142
(2.000000,0.464000,0.000000); 13.138
(2.000000,0.468000,0.000000); 13.134
(2.000000,0.472000,0.000000); 13.13
(2.000000,0.476000,0.000000); 13.126
(2.000000,0.480000,0.000000); 13.1219
(2.000000,0.484000,0.000000); 13.1179
(2.000000,0.488000,0.000000); 13.1139
(2.000000,0.492000,0.000000); 13.1099
(2.000000,0.496000,0.000000); 13.1059
(2.000000,0.500000,0.000000); 13.1019
(2.000000,0.504000,0.000000); 13.0979
(2.000000,0.508000,0.000000); 13.0939
(2.000000,0.512000,0.000000); 13.0899
(2.000000,0.516000,0.000000); 13.0859
(2.000000,0.520000,0.000000); 13.0819
(2.000000,0.524000,0.000000); 13.0778
(2.000000,0.528000,0.000000); 13.0738
(2.000000,0.532000,0.000000); 13.0698
(2.000000,0.536000,0.000000); 13.0658
(2.000000,0.540000,0.000000); 13.0618
(2.000000,0.544000,0.000000); 13.0578
(2.000000,0.548000,0.000000); 13.0538
(2.000000,0.552000,0.000000); 13.0498
(2.000000,0.556000,0.000000); 13.0458
(2.000000,0.560000,0.000000); 13.0418
(2.000000,0.564000,0.000000); 13.0378
(2.000000,0.568000,0.000000); 13.0337
(2.000000,0.572000,0.000000); 13.0297
(2.000000,0.576000,0.000000); 13.0257
(2.000000,0.580000,0.000000); 13.0217
(2.000000,0.584000,0.000000); 13.0177
(2.000000,0.588000,0.000000); 13.0137
(2.000000,0.592000,0.000000); 13.0097
(2.000000,0.596000,0.000000); 13.0057
(2.000000,0.600000,0.000000); 13.0017
(2.000000,0.604000,0.000000); 12.9977
(2.000000,0.608000,0.000000); 12.9937
(2.000000,0.612000,0.000000); 12.9896
(2.000000,0.616000,0.000000); 12.9856
(2.000000,0.620000,0.000000); 12.9816
(2.000000,0.624000,0.000000); 12.9776
(2.000000,0.628000,0.000000); 12.9736
(2.000000,0.632000,0.000000); 12.9696
(2.000000,0.636000,0.000000); 12.9656
(2.000000,0.640000,0.000000); 12.9616
(2.000000,0.644000,0.000000); 12.9576
(2.000000,0.648000,0.000000); 12.9536
(2.000000,0.652000,0.000000); 12.9496
(2.000000,0.656000,0.000000); 12.9455
(2.000000,0.660000,0.000000); 12.9415
(2.000000,0.664000,0.000000); 12.9375
(2.000000,0.668000,0.000000); 12.9335
(2.000000,0.672000,0.000000); 12.9295
(2.000000,0.676000,0.000000); 12.9255
(2.000000,0.680000,0.000000); 12.9215
(2.000000,0.684000,0.000000); 12.9175
(2.000000,0.688000,0.000000); 12.9135
(2.000000,0.692000,0.000000); 12.9095
(2.000000,0.696000,0.000000); 12.9055
(2.000000,0.700000,0.000000); 12.9014
(2.000000,0.704000,0.000000); 12.8974
(2.000000,0.708000,0.000000); 12.8934
(2.000000,0.712000,0.000000); 12.8894
(2.000000,0.716000,0.000000); 12.8854
(2.000000,0.720000,0.000000); 12.8814
(2.000000,0.724000,0.000000); 12.8774
(2.000000,0.728000,0.000000); 12.8734
(2.000000,0.732000,0.000000); 12.8694
(2.000000,0.736000,0.000000); 12.8654
(2.000000,0.740000,0.000000); 12.8613
(2.000000,0.744000,0.000000); 12.8573
(2.000000,0.748000,0.000000); 12.8533
(2.000000,0.752000,0.000000); 12.8493
(2.000000,0.756000,0.000000); 12.8453
(2.000000,0.760000,0.000000); 12.8413
(2.000000,0.764000,0.000000); 12.8373
(2.000000,0.768000,0.000000); 12.8333
(2.000000,0.772000,0.000000); 12.8293
(2.000000,0.776000,0.000000); 12.8253
(2.000000,0.780000,0.000000); 12.8213
(2.000000,0.784000,0.000000); 12.8172
(2.000000,0.788000,0.000000); 12.8132
(2.000000,0.792000,0.000000); 12.8092
(2.000000,0.796000,0.000000); 12.8052
(2.000000,0.800000,0.000000); 12.8012
(2.000000,0.804000,0.000000); 12.7972
(2.000000,0.808000,0.000000); 12.7932
(2.000000,0.812000,0.000000); 12.7892
(2.000000,0.816000,0.000000); 12.7852
(2.000000,0.820000,0.000000); 12.7812
(2.000000,0.824000,0.000000); 12.7772
(2.000000,0.828000,0.000000); 12.7731
(2.000000,0.832000,0.000000); 12.7691
(2.000000,0.836000,0.000000); 12.7651
(2.000000,0.840000,0.000000); 12.7611
(2.000000,0.844000,0.000000); 12.7571
(2.000000,0.848000,0.000000); 12.7531
(2.000000,0.852000,0.000000); 12.7491
(2.000000,0.856000,0.000000); 12.7451
(2.000000,0.860000,0.000000); 12.7411
(2.000000,0.864000,0.000000); 12.7371
(2.000000,0.868000,0.000000); 12.7331
(2.000000,0.872000,0.000000); 12.729
(2.000000,0.876000,0.000000); 12.725
(2.000000,0.880000,0.000000); 12.721
(2.000000,0.884000,0.000000); 12.717
(2.000000,0.888000,0.000000); 12.713
(2.000000,0.892000,0.000000); 12.709
(2.000000,0.896000,0.000000); 12.705
(2.000000,0.900000,0.000000); 12.701
(2.000000,0.904000,0.000000); 12.697
(2.000000,0.908000,0.000000); 12.693
(2.000000,0.912000,0.000000); 12.689
(2.000000,0.916000,0.000000); 12.6849
(2.000000,0.920000,0.000000); 12.6809
(2.000000,0.924000,0.000000); 12.6769
(2.000000,0.928000,0.000000); 12.6729
(2.000000,0.932000,0.000000); 12.6689
(2.000000,0.936000,0.000000); 12.6649
(2.000000,0.940000,0.000000); 12.6609
(2.000000,0.944000,0.000000); 12.6569
(2.000000,0.948000,0.000000); 12.6529
(2.000000,0.952000,0.000000); 12.6489
(2.000000,0.956000,0.000000); 12.6449
(2.000000,0.960000,0.000000); 12.6408
(2.000000,0.964000,0.000000); 12.6368
(2.000000,0.968000,0.000000); 12.6328
(2.000000,0.972000,0.000000); 12.6288
(2.000000,0.976000,0.000000); 12.6248
(2.000000,0.980000,0.000000); 12.6208
(2.000000,0.984000,0.000000); 12.6168
(2.000000,0.988000,0.000000); 12.6128
(2.000000,0.992000,0.000000); 12.6088
(2.000000,0.996000,0.000000); 12.6048
(2.000000,1.000000,0.000000); 12.6008
(2.000000,1.004000,0.000000); 12.5967
(2.000000,1.008000,0.000000); 12.5927
(2.000000,1.012000,0.000000); 12.5887
(2.000000,1.016000,0.000000); 12.5847
(2.000000,1.020000,0.000000); 12.5807
(2.000000,1.024000,0.000000); 12.5767
(2.000000,1.028000,0.000000); 12.5727
(2.000000,1.032000,0.000000); 12.5687
(2.000000,1.036000,0.000000); 12.5647
(2.000000,1.040000,0.000000); 12.5607
(2.000000,1.044000,0.000000); 12.5567
(2.000000,1.048000,0.000000); 12.5526
(2.000000,1.052000,0.000000); 12.5486
(2.000000,1.056000,0.000000); 12.5446
(2.000000,1.060000,0.000000); 12.5406
(2.000000,1.064000,0.000000); 12.5366
(2.000000,1.068000,0.000000); 12.5326
(2.000000,1.072000,0.000000); 12.5286
(2.000000,1.076000,0.000000); 12.5246
(2.000000,1.080000,0.000000); 12.5206
(2.000000,1.084000,0.000000); 12.5166
(2.000000,1.088000,0.000000); 12.5126
(2.000000,1.092000,0.000000); 12.5085
(2.000000,1.096000,0.000000); 12.5045
(2.000000,1.100000,0.000000); 12.5005
(2.000000,1.104000,0.000000); 12.4965
(2.000000,1.108000,0.000000); 12.4925
(2.000000,1.112000,0.000000); 12.4885
(2.000000,1.116000,0.000000); 12.4845
(2.000000,1.120000,0.000000); 12.4805
(2.000000,1.124000,0.000000); 12.4765
(2.000000,1.128000,0.000000); 12.4725
(2.000000,1.132000,0.000000); 12.4685
(2.000000,1.136000,0.000000); 12.4644
(2.000000,1.140000,0.000000); 12.4604
(2.000000,1.144000,0.000000); 12.4564
(2.000000,1.148000,0.000000); 12.4524
(2.000000,1.152000,0.000000); 12.4484
(2.000000,1.156000,0.000000); 12.4444
(2.000000,1.160000,0.000000); 12.4404
(2.000000,1.164000,0.000000); 12.4364
(2.000000,1.168000,0.000000); 12.4324
(2.000000,1.172000,0.000000); 12.4284
(2.000000,1.176000,0.000000); 12.4244
(2.000000,1.180000,0.000000); 12.4203
(2.000000,1.184000,0.000000); 12.4163
(2.000000,1.188000,0.000000); 12.4123
(2.000000,1.192000,0.000000); 12.4083
(2.000000,1.196000,0.000000); 12.4043
(2.000000,1.200000,0.000000); 12.4003
(2.000000,1.204000,0.000000); 12.3963
(2.000000,1.208000,0.000000); 12.3923
(2.000000,1.212000,0.000000); 12.3883
(2.000000,1.216000,0.000000); 12.3843
(2.000000,1.220000,0.000000); 12.3803
(2.000000,1.224000,0.000000); 12.3762
(2.000000,1.228000,0.000000); 12.3722
(2.000000,1.232000,0.000000); 12.3682
(2.000000,1.236000,0.000000); 12.3642
(2.000000,1.240000,0.000000); 12.3602
(2.000000,1.244000,0.000000); 12.3562
(2.000000,1.248000,0.000000); 12.3522
(2.000000,1.252000,0.000000); 12.3482
(2.000000,1.256000,0.000000); 12.3442
(2.000000,1.260000,0.000000); 12.3402
(2.000000,1.264000,0.000000); 12.3362
(2.000000,1.268000,0.000000); 12.3321
(2.000000,1.272000,0.000000); 12.3281
(2.000000,1.276000,0.000000); 12.3241
(2.000000,1.280000,0.000000); 12.3201
(2.000000,1.284000,0.000000); 12.3161
(2.000000,1.288000,0.000000); 12.3121
(2.000000,1.292000,0.000000); 12.3081
(2.000000,1.296000,0.000000); 12.3041
(2.000000,1.300000,0.000000); 12.3001
(2.000000,1.304000,0.000000); 12.2961
(2.000000,1.308000,0.000000); 12.2921
(2.000000,1.312000,0.000000); 12.288
(2.000000,1.316000,0.000000); 12.284
(2.000000,1.320000,0.000000); 12.28
(2.000000,1.324000,0.000000); 12.276
(2.000000,1.328000,0.000000); 12.272
(2.000000,1.332000,0.000000); 12.268
(2.000000,1.336000,0.000000); 12.264
(2.000000,1.340000,0.000000); 12.26
(2.000000,1.344000,0.000000); 12.256
(2.000000,1.348000,0.000000); 12.252
(2.000000,1.352000,0.000000); 12.248
(2.000000,1.356000,0.000000); 12.2439
(2.000000,1.360000,0.000000); 12.2399
(2.000000,1.364000,0.000000); 12.2359
(2.000000,1.368000,0.000000); 12.2319
(2.000000,1.372000,0.000000); 12.2279
(2.000000,1.376000,0.000000); 12.2239
(2.000000,1.380000,0.000000); 12.2199
(2.000000,1.384000,0.000000); 12.2159
(2.000000,1.388000,0.000000); 12.2119
(2.000000,1.392000,0.000000); 12.2079
(2.000000,1.396000,0.000000); 12.2039
(2.000000,1.400000,0.000000); 12.1998
(2.000000,1.404000,0.000000); 12.1958
(2.000000,1.408000,0.000000); 12.1918
(2.000000,1.412000,0.000000); 12.1878
(2.000000,1.416000,0.000000); 12.1838
(2.000000,1.420000,0.000000); 12.1798
(2.000000,1.424000,0.000000); 12.1758
(2.000000,1.428000,0.000000); 12.1718
(2.000000,1.432000,0.000000); 12.1678
(2.000000,1.436000,0.000000); 12.1638
(2.000000,1.440000,0.000000); 12.1598
(2.000000,1.444000,0.000000); 12.1557
(2.000000,1.448000,0.000000); 12.1517
(2.000000,1.452000,0.000000); 12.1477
(2.000000,1.456000,0.000000); 12.1437
(2.000000,1.460000,0.000000); 12.1397
(2.000000,1.464000,0.000000); 12.1357
(2.000000,1.468000,0.000000); 12.1317
(2.000000,1.472000,0.000000); 12.1277
(2.000000,1.476000,0.000000); 12.1237
(2.000000,1.480000,0.000000); 12.1197
(2.000000,1.484000,0.000000); 12.1157
(2.000000,1.488000,0.000000); 12.1116
(2.000000,1.492000,0.000000); 12.1076
(2.000000,1.496000,0.000000); 12.1036
(2.000000,1.500000,0.000000); 12.0996
(2.000000,1.504000,0.000000); 12.0956
(2.000000,1.508000,0.000000); 12.0916
(2.000000,1.512000,0.000000); 12.0876
(2.000000,1.516000,0.000000); 12.0836
(2.000000,1.520000,0.000000); 12.0796
(2.000000,1.524000,0.000000); 12.0756
(2.000000,1.528000,0.000000); 12.0716
(2.000000,1.532000,0.000000); 12.0675
(2.000000,1.536000,0.000000); 12.0635
(2.000000,1.540000,0.000000); 12.0595
(2.000000,1.544000,0.000000); 12.0555
(2.000000,1.548000,0.000000); 12.0515
(2.000000,1.552000,0.000000); 12.0475
(2.000000,1.556000,0.000000); 12.0435
(2.000000,1.560000,0.000000); 12.0395
(2.000000,1.564000,0.000000); 12.0355
(2.000000,1.568000,0.000000); 12.0315
(2.000000,1.572000,0.000000); 12.0275
(2.000000,1.576000,0.000000); 12.0234
(2.000000,1.580000,0.000000); 12.0194
(2.000000,1.584000,0.000000); 12.0154
(2.000000,1.588000,0.000000); 12.0114
(2.000000,1.592000,0.000000); 12.0074
(2.000000,1.596000,0.000000); 12.0034
(2.000000,1.600000,0.000000); 11.9994
(2.000000,1.604000,0.000000); 11.9954
(2.000000,1.608000,0.000000); 11.9914
(2.000000,1.612000,0.000000); 11.9874
(2.000000,1.616000,0.000000); 11.9834
(2.000000,1.620000,0.000000); 11.9793
(2.000000,1.624000,0.000000); 11.9753
(2.000000,1.628000,0.000000); 11.9713
(2.000000,1.632000,0.000000); 11.9673
(2.000000,1.636000,0.000000); 11.9633
(2.000000,1.640000,0.000000); 11.9593
(2.000000,1.644000,0.000000); 11.9553
(2.000000,1.648000,0.000000); 11.9513
(2.000000,1.652000,0.000000); 11.9473
(2.000000,1.656000,0.000000); 11.9433
(2.000000,1.660000,0.000000); 11.9393
(2.000000,1.664000,0.000000); 11.9352
(2.000000,1.668000,0.000000); 11.9312
(2.000000,1.672000,0.000000); 11.9272
(2.000000,1.676000,0.000000); 11.9232
(2.000000,1.680000,0.000000); 11.9192
(2.000000,1.684000,0.000000); 11.9152
(2.000000,1.688000,0.000000); 11.9112
(2.000000,1.692000,0.000000); 11.9072
(2.000000,1.696000,0.000000); 11.9032
(2.000000,1.700000,0.000000); 11.8992
(2.000000,1.704000,0.000000); 11.8952
(2.000000,1.708000,0.000000); 11.8911
(2.000000,1.712000,0.000000); 11.8871
(2.000000,1.716000,0.000000); 11.8831
(2.000000,1.720000,0.000000); 11.8791
(2.000000,1.724000,0.000000); 11.8751
(2.000000,1.728000,0.000000); 11.8711
(2.000000,1.732000,0.000000); 11.8671
(2.000000,1.736000,0.000000); 11.8631
(2.000000,1.740000,0.000000); 11.8591
(2.000000,1.744000,0.000000); 11.8551
(2.000000,1.748000,0.000000); 11.8511
(2.000000,1.752000,0.000000); 11.847
(2.000000,1.756000,0.000000); 11.843
(2.000000,1.760000,0.000000); 11.839
(2.000000,1.764000,0.000000); 11.835
(2.000000,1.768000,0.000000); 11.831
(2.000000,1.772000,0.000000); 11.827
(2.000000,1.776000,0.000000); 11.823
(2.000000,1.780000,0.000000); 11.819
(2.000000,1.784000,0.000000); 11.815
(2.000000,1.788000,0.000000); 11.811
(2.000000,1.792000,0.000000); 11.807
(2.000000,1.796000,0.000000); 11.8029
(2.000000,1.800000,0.000000); 11.7989
(2.000000,1.804000,0.000000); 11.7949
(2.000000,1.808000,0.000000); 11.7909
(2.000000,1.812000,0.000000); 11.7869
(2.000000,1.816000,0.000000); 11.7829
(2.000000,1.820000,0.000000); 11.7789
(2.000000,1.824000,0.000000); 11.7749
(2.000000,1.828000,0.000000); 11.7709
(2.000000,1.832000,0.000000); 11.7669
(2.000000,1.836000,0.000000); 11.7629
(2.000000,1.840000,0.000000); 11.7589
(2.000000,1.844000,0.000000); 11.7548
(2.000000,1.848000,0.000000); 11.7508
(2.000000,1.852000,0.000000); 11.7468
(2.000000,1.856000,0.000000); 11.7428
(2.000000,1.860000,0.000000); 11.7388
(2.000000,1.864000,0.000000); 11.7348
(2.000000,1.868000,0.000000); 11.7308
(2.000000,1.872000,0.000000); 11.7268
(2.000000,1.876000,0.000000); 11.7228
(2.000000,1.880000,0.000000); 11.7188
(2.000000,1.884000,0.000000); 11.7148
(2.000000,1.888000,0.000000); 11.7107
(2.000000,1.892000,0.000000); 11.7067
(2.000000,1.896000,0.000000); 11.7027
(2.000000,1.900000,0.000000); 11.6987
(2.000000,1.904000,0.000000); 11.6947
(2.000000,1.908000,0.000000); 11.6907
(2.000000,1.912000,0.000000); 11.6867
(2.000000,1.916000,0.000000); 11.6827
(2.000000,1.920000,0.000000); 11.6787
(2.000000,1.924000,0.000000); 11.6747
(2.000000,1.928000,0.000000); 11.6707
(2.000000,1.932000,0.000000); 11.6666
(2.000000,1.936000,0.000000); 11.6626
(2.000000,1.940000,0.000000); 11.6586
(2.000000,1.944000,0.000000); 11.6546
(2.000000,1.948000,0.000000); 11.6506
(2.000000,1.952000,0.000000); 11.6466
(2.000000,1.956000,0.000000); 11.6426
(2.000000,1.960000,0.000000); 11.6386
(2.000000,1.964000,0.000000); 11.6346
(2.000000,1.968000,0.000000); 11.6306
(2.000000,1.972000,0.000000); 11.6266
(2.000000,1.976000,0.000000); 11.6225
(2.000000,1.980000,0.000000); 11.6185
(2.000000,1.984000,0.000000); 11.6145
(2.000000,1.988000,0.000000); 11.6105
(2.000000,1.992000,0.000000); 11.6065
(2.000000,1.996000,0.000000); 11.6025
(2.000000,2.000000,0.000000); 11.5985
(2.000000,2.004000,0.000000); 11.5945
(2.000000,2.008000,0.000000); 11.5905
(2.000000,2.012000,0.000000); 11.5865
(2.000000,2.016000,0.000000); 11.5825
(2.000000,2.020000,0.000000); 11.5784
(2.000000,2.024000,0.000000); 11.5744
(2.000000,2.028000,0.000000); 11.5704
(2.000000,2.032000,0.000000); 11.5664
(2.000000,2.036000,0.000000); 11.5624
(2.000000,2.040000,0.000000); 11.5584
(2.000000,2.044000,0.000000); 11.5544
(2.000000,2.048000,0.000000); 11.5504
(2.000000,2.052000,0.000000); 11.5464
(2.000000,2.056000,0.000000); 11.5424
(2.000000,2.060000,0.000000); 11.5384
(2.000000,2.064000,0.000000); 11.5343
(2.000000,2.068000,0.000000); 11.5303
(2.000000,2.072000,0.000000); 11.5263
(2.000000,2.076000,0.000000); 11.5223
(2.000000,2.080000,0.000000); 11.5183
(2.000000,2.084000,0.000000); 11.5143
(2.000000,2.088000,0.000000); 11.5103
(2.000000,2.092000,0.000000); 11.5063
(2.000000,2.096000,0.000000); 11.5023
(2.000000,2.100000,0.000000); 11.4983
(2.000000,2.104000,0.000000); 11.4943
(2.000000,2.108000,0.000000); 11.4902
(2.000000,2.112000,0.000000); 11.4862
(2.000000,2.116000,0.000000); 11.4822
(2.000000,2.120000,0.000000); 11.4782
(2.000000,2.124000,0.000000); 11.4742
(2.000000,2.128000,0.000000); 11.4702
(2.000000,2.132000,0.000000); 11.4662
(2.000000,2.136000,0.000000); 11.4622
(2.000000,2.140000,0.000000); 11.4582
(2.000000,2.144000,0.000000); 11.4542
(2.000000,2.148000,0.000000); 11.4502
(2.000000,2.152000,0.000000); 11.4462
(2.000000,2.156000,0.000000); 11.4421
(2.000000,2.160000,0.000000); 11.4381
(2.000000,2.164000,0.000000); 11.4341
(2.000000,2.168000,0.000000); 11.4301
(2.000000,2.172000,0.000000); 11.4261
(2.000000,2.176000,0.000000); 11.4221
(2.000000,2.180000,0.000000); 11.4181
(2.000000,2.184000,0.000000); 11.4141
(2.000000,2.188000,0.000000); 11.4101
(2.000000,2.192000,0.000000); 11.4061
(2.000000,2.196000,0.000000); 11.4021
(2.000000,2.200000,0.000000); 11.398
(2.000000,2.204000,0.000000); 11.394
(2.000000,2.208000,0.000000); 11.39
(2.000000,2.212000,0.000000); 11.386
(2.000000,2.216000,0.000000); 11.382
(2.000000,2.220000,0.000000); 11.378
(2.000000,2.224000,0.000000); 11.374
(2.000000,2.228000,0.000000); 11.37
(2.000000,2.232000,0.000000); 11.366
(2.000000,2.236000,0.000000); 11.362
(2.000000,2.240000,0.000000); 11.358
(2.000000,2.244000,0.000000); 11.3539
(2.000000,2.248000,0.000000); 11.3499
(2.000000,2.252000,0.000000); 11.3459
(2.000000,2.256000,0.000000); 11.3419
(2.000000,2.260000,0.000000); 11.3379
(2.000000,2.264000,0.000000); 11.3339
(2.000000,2.268000,0.000000); 11.3299
(2.000000,2.272000,0.000000); 11.3259
(2.000000,2.276000,0.000000); 11.3219
(2.000000,2.280000,0.000000); 11.3179
(2.000000,2.284000,0.000000); 11.3139
(2.000000,2.288000,0.000000); 11.3098
(2.000000,2.292000,0.000000); 11.3058
(2.000000,2.296000,0.000000); 11.3018
(2.000000,2.300000,0.000000); 11.2978
(2.000000,2.304000,0.000000); 11.2938
(2.000000,2.308000,0.000000); 11.2898
(2.000000,2.312000,0.000000); 11.2858
(2.000000,2.316000,0.000000); 11.2818
(2.000000,2.320000,0.000000); 11.2778
(2.000000,2.324000,0.000000); 11.2738
(2.000000,2.328000,0.000000); 11.2698
(2.000000,2.332000,0.000000); 11.2658
(2.000000,2.336000,0.000000); 11.2617
(2.000000,2.340000,0.000000); 11.2577
(2.000000,2.344000,0.000000); 11.2537
(2.000000,2.348000,0.000000); 11.2497
(2.000000,2.352000,0.000000); 11.2457
(2.000000,2.356000,0.000000); 11.2417
(2.000000,2.360000,0.000000); 11.2377
(2.000000,2.364000,0.000000); 11.2337
(2.000000,2.368000,0.000000); 11.2297
(2.000000,2.372000,0.000000); 11.2257
(2.000000,2.376000,0.000000); 11.2217
(2.000000,2.380000,0.000000); 11.2176
(2.000000,2.384000,0.000000); 11.2136
(2.000000,2.388000,0.000000); 11.2096
(2.000000,2.392000,0.000000); 11.2056
(2.000000,2.396000,0.000000); 11.2016
(2.000000,2.400000,0.000000); 11.1976
(2.000000,2.404000,0.000000); 11.1936
(2.000000,2.408000,0.000000); 11.1896
(2.000000,2.412000,0.000000); 11.1856
(2.000000,2.416000,0.000000); 11.1816
(2.000000,2.420000,0.000000); 11.1776
(2.000000,2.424000,0.000000); 11.1735
(2.000000,2.428000,0.000000); 11.1695
(2.000000,2.432000,0.000000); 11.1655
(2.000000,2.436000,0.000000); 11.1615
(2.000000,2.440000,0.000000); 11.1575
(2.000000,2.444000,0.000000); 11.1535
(2.000000,2.448000,0.000000); 11.1495
(2.000000,2.452000,0.000000); 11.1455
(2.000000,2.456000,0.000000); 11.1415
(2.000000,2.460000,0.000000); 11.1375
(2.000000,2.464000,0.000000); 11.1335
(2.000000,2.468000,0.000000); 11.1295
(2.000000,2.472000,0.000000); 11.1254
(2.000000,2.476000,0.000000); 11.1214
(2.000000,2.480000,0.000000); 11.1174
(2.000000,2.484000,0.000000); 11.1134
(2.000000,2.488000,0.000000); 11.1094
(2.000000,2.492000,0.000000); 11.1054
(2.000000,2.496000,0.000000); 11.1014
(2.000000,2.500000,0.000000); 11.0974
(2.000000,2.504000,0.000000); 11.0934
(2.000000,2.508000,0.000000); 11.0894
(2.000000,2.512000,0.000000); 11.0854
(2.000000,2.516000,0.000000); 11.0813
(2.000000,2.520000,0.000000); 11.0773
(2.000000,2.524000,0.000000); 11.0733
(2.000000,2.528000,0.000000); 11.0693
(2.000000,2.532000,0.000000); 11.0653
(2.000000,2.536000,0.000000); 11.0613
(2.000000,2.540000,0.000000); 11.0573
(2.000000,2.544000,0.000000); 11.0533
(2.000000,2.548000,0.000000); 11.0493
(2.000000,2.552000,0.000000); 11.0453
(2.000000,2.556000,0.000000); 11.0413
(2.000000,2.560000,0.000000); 11.0373
(2.000000,2.564000,0.000000); 11.0332
(2.000000,2.568000,0.000000); 11.0292
(2.000000,2.572000,0.000000); 11.0252
(2.000000,2.576000,0.000000); 11.0212
(2.000000,2.580000,0.000000); 11.0172
(2.000000,2.584000,0.000000); 11.0132
(2.000000,2.588000,0.000000); 11.0092
(2.000000,2.592000,0.000000); 11.0052
(2.000000,2.596000,0.000000); 11.0012
(2.000000,2.600000,0.000000); 10.9972
(2.000000,2.604000,0.000000); 10.9932
(2.000000,2.608000,0.000000); 10.9891
(2.000000,2.612000,0.000000); 10.9851
(2.000000,2.616000,0.000000); 10.9811
(2.000000,2.620000,0.000000); 10.9771
(2.000000,2.624000,0.000000); 10.9731
(2.000000,2.628000,0.000000); 10.9691
(2.000000,2.632000,0.000000); 10.9651
(2.000000,2.636000,0.000000); 10.9611
(2.000000,2.640000,0.000000); 10.9571
(2.000000,2.644000,0.000000); 10.9531
(2.000000,2.648000,0.000000); 10.9491
(2.000000,2.652000,0.000000); 10.9451
(2.000000,2.656000,0.000000); 10.941
(2.000000,2.660000,0.000000); 10.937
(2.000000,2.664000,0.000000); 10.933
(2.000000,2.668000,0.000000); 10.929
(2.000000,2.672000,0.000000); 10.925
(2.000000,2.676000,0.000000); 10.921
(2.000000,2.680000,0.000000); 10.917
(2.000000,2.684000,0.000000); 10.913
(2.000000,2.688000,0.000000); 10.909
(2.000000,2.692000,0.000000); 10.905
(2.000000,2.696000,0.000000); 10.901
(2.000000,2.700000,0.000000); 10.897
(2.000000,2.704000,0.000000); 10.8929
(2.000000,2.708000,0.000000); 10.8889
(2.000000,2.712000,0.000000); 10.8849
(2.000000,2.716000,0.000000); 10.8809
(2.000000,2.720000,0.000000); 10.8769
(2.000000,2.724000,0.000000); 10.8729
(2.000000,2.728000,0.000000); 10.8689
(2.000000,2.732000,0.000000); 10.8649
(2.000000,2.736000,0.000000); 10.8609
(2.000000,2.740000,0.000000); 10.8569
(2.000000,2.744000,0.000000); 10.8529
(2.000000,2.748000,0.000000); 10.8488
(2.000000,2.752000,0.000000); 10.8448
(2.000000,2.756000,0.000000); 10.8408
(2.000000,2.760000,0.000000); 10.8368
(2.000000,2.764000,0.000000); 10.8328
(2.000000,2.768000,0.000000); 10.8288
(2.000000,2.772000,0.000000); 10.8248
(2.000000,2.776000,0.000000); 10.8208
(2.000000,2.780000,0.000000); 10.8168
(2.000000,2.784000,0.000000); 10.8128
(2.000000,2.788000,0.000000); 10.8088
(2.000000,2.792000,0.000000); 10.8048
(2.000000,2.796000,0.000000); 10.8007
(2.000000,2.800000,0.000000); 10.7967
(2.000000,2.804000,0.000000); 10.7927
(2.000000,2.808000,0.000000); 10.7887
(2.000000,2.812000,0.000000); 10.7847
(2.000000,2.816000,0.000000); 10.7807
(2.000000,2.820000,0.000000); 10.7767
(2.000000,2.824000,0.000000); 10.7727
(2.000000,2.828000,0.000000); 10.7687
(2.000000,2.832000,0.000000); 10.7647
(2.000000,2.836000,0.000000); 10.7607
(2.000000,2.840000,0.000000); 10.7567
(2.000000,2.844000,0.000000); 10.7526
(2.000000,2.848000,0.000000); 10.7486
(2.000000,2.852000,0.000000); 10.7446
(2.000000,2.856000,0.000000); 10.7406
(2.000000,2.860000,0.000000); 10.7366
(2.000000,2.864000,0.000000); 10.7326
(2.000000,2.868000,0.000000); 10.7286
(2.000000,2.872000,0.000000); 10.7246
(2.000000,2.876000,0.000000); 10.7206
(2.000000,2.880000,0.000000); 10.7166
(2.000000,2.884000,0.000000); 10.7126
(2.000000,2.888000,0.000000); 10.7086
(2.000000,2.892000,0.000000); 10.7045
(2.000000,2.896000,0.000000); 10.7005
(2.000000,2.900000,0.000000); 10.6965
(2.000000,2.904000,0.000000); 10.6925
(2.000000,2.908000,0.000000); 10.6885
(2.000000,2.912000,0.000000); 10.6845
(2.000000,2.916000,0.000000); 10.6805
(2.000000,2.920000,0.000000); 10.6765
(2.000000,2.924000,0.000000); 10.6725
(2.000000,2.928000,0.000000); 10.6685
(2.000000,2.932000,0.000000); 10.6645
(2.000000,2.936000,0.000000); 10.6605
(2.000000,2.940000,0.000000); 10.6565
(2.000000,2.944000,0.000000); 10.6524
(2.000000,2.948000,0.000000); 10.6484
(2.000000,2.952000,0.000000); 10.6444
(2.000000,2.956000,0.000000); 10.6404
(2.000000,2.960000,0.000000); 10.6364
(2.000000,2.964000,0.000000); 10.6324
(2.000000,2.968000,0.000000); 10.6284
(2.000000,2.972000,0.000000); 10.6244
(2.000000,2.976000,0.000000); 10.6204
(2.000000,2.980000,0.000000); 10.6164
(2.000000,2.984000,0.000000); 10.6124
(2.000000,2.988000,0.000000); 10.6084
(2.000000,2.992000,0.000000); 10.6043
(2.000000,2.996000,0.000000); 10.6003
(2.000000,3.000000,0.000000); 10.5963
(2.000000,3.004000,0.000000); 10.5923
(2.000000,3.008000,0.000000); 10.5883
(2.000000,3.012000,0.000000); 10.5843
(2.000000,3.016000,0.000000); 10.5803
(2.000000,3.020000,0.000000); 10.5763
(2.000000,3.024000,0.000000); 10.5723
(2.000000,3.028000,0.000000); 10.5683
(2.000000,3.032000,0.000000); 10.5643
(2.000000,3.036000,0.000000); 10.5603
(2.000000,3.040000,0.000000); 10.5562
(2.000000,3.044000,0.000000); 10.5522
(2.000000,3.048000,0.000000); 10.5482
(2.000000,3.052000,0.000000); 10.5442
(2.000000,3.056000,0.000000); 10.5402
(2.000000,3.060000,0.000000); 10.5362
(2.000000,3.064000,0.000000); 10.5322
(2.000000,3.068000,0.000000); 10.5282
(2.000000,3.072000,0.000000); 10.5242
(2.000000,3.076000,0.000000); 10.5202
(2.000000,3.080000,0.000000); 10.5162
(2.000000,3.084000,0.000000); 10.5122
(2.000000,3.088000,0.000000); 10.5082
(2.000000,3.092000,0.000000); 10.5042
(2.000000,3.096000,0.000000); 10.5002
(2.000000,3.100000,0.000000); 10.4961
(2.000000,3.104000,0.000000); 10.4921
(2.000000,3.108000,0.000000); 10.4881
(2.000000,3.112000,0.000000); 10.4841
(2.000000,3.116000,0.000000); 10.4801
(2.000000,3.120000,0.000000); 10.4761
(2.000000,3.124000,0.000000); 10.4721
(2.000000,3.128000,0.000000); 10.4681
(2.000000,3.132000,0.000000); 10.4641
(2.000000,3.136000,0.000000); 10.4601
(2.000000,3.140000,0.000000); 10.4561
(2.000000,3.144000,0.000000); 10.4521
(2.000000,3.148000,0.000000); 10.4481
(2.000000,3.152000,0.000000); 10.4441
(2.000000,3.156000,0.000000); 10.44
(2.000000,3.160000,0.000000); 10.436
(2.000000,3.164000,0.000000); 10.432
(2.000000,3.168000,0.000000); 10.428
(2.000000,3.172000,0.000000); 10.424
(2.000000,3.176000,0.000000); 10.42
(2.000000,3.180000,0.000000); 10.416
(2.000000,3.184000,0.000000); 10.412
(2.000000,3.188000,0.000000); 10.4079
(2.000000,3.192000,0.000000); 10.4039
(2.000000,3.196000,0.000000); 10.3999
(2.000000,3.200000,0.000000); 10.3959
(2.000000,3.204000,0.000000); 10.3919
(2.000000,3.208000,0.000000); 10.3879
(2.000000,3.212000,0.000000); 10.3839
(2.000000,3.216000,0.000000); 10.3799
(2.000000,3.220000,0.000000); 10.3759
(2.000000,3.224000,0.000000); 10.3718
(2.000000,3.228000,0.000000); 10.3678
(2.000000,3.232000,0.000000); 10.3638
(2.000000,3.236000,0.000000); 10.3598
(2.000000,3.240000,0.000000); 10.3558
(2.000000,3.244000,0.000000); 10.3518
(2.000000,3.248000,0.000000); 10.3478
(2.000000,3.252000,0.000000); 10.3438
(2.000000,3.256000,0.000000); 10.3397
(2.000000,3.260000,0.000000); 10.3357
(2.000000,3.264000,0.000000); 10.3317
(2.000000,3.268000,0.000000); 10.3277
(2.000000,3.272000,0.000000); 10.3237
(2.000000,3.276000,0.000000); 10.3197
(2.000000,3.280000,0.000000); 10.3157
(2.000000,3.284000,0.000000); 10.3117
(2.000000,3.288000,0.000000); 10.3077
(2.000000,3.292000,0.000000); 10.3037
(2.000000,3.296000,0.000000); 10.2997
(2.000000,3.300000,0.000000); 10.2957
(2.000000,3.304000,0.000000); 10.2917
(2.000000,3.308000,0.000000); 10.2877
(2.000000,3.312000,0.000000); 10.2837
(2.000000,3.316000,0.000000); 10.2797
(2.000000,3.320000,0.000000); 10.2757
(2.000000,3.324000,0.000000); 10.2717
(2.000000,3.328000,0.000000); 10.2677
(2.000000,3.332000,0.000000); 10.2637
(2.000000,3.336000,0.000000); 10.2598
(2.000000,3.340000,0.000000); 10.2558
(2.000000,3.344000,0.000000); 10.2518
(2.000000,3.348000,0.000000); 10.2478
(2.000000,3.352000,0.000000); 10.2438
(2.000000,3.356000,0.000000); 10.2398
(2.000000,3.360000,0.000000); 10.2358
(2.000000,3.364000,0.000000); 10.2318
(2.000000,3.368000,0.000000); 10.2278
(2.000000,3.372000,0.000000); 10.2238
(2.000000,3.376000,0.000000); 10.2198
(2.000000,3.380000,0.000000); 10.2158
(2.000000,3.384000,0.000000); 10.2118
(2.000000,3.388000,0.000000); 10.2078
(2.000000,3.392000,0.000000); 10.2037
(2.000000,3.396000,0.000000); 10.1997
(2.000000,3.400000,0.000000); 10.1957
(2.000000,3.404000,0.000000); 10.1916
(2.000000,3.408000,0.000000); 10.1876
(2.000000,3.412000,0.000000); 10.1836
(2.000000,3.416000,0.000000); 10.1795
(2.000000,3.420000,0.000000); 10.1755
(2.000000,3.424000,0.000000); 10.1714
(2.000000,3.428000,0.000000); 10.1674
(2.000000,3.432000,0.000000); 10.1634
(2.000000,3.436000,0.000000); 10.1593
(2.000000,3.440000,0.000000); 10.1553
(2.000000,3.444000,0.000000); 10.1513
(2.000000,3.448000,0.000000); 10.1472
(2.000000,3.452000,0.000000); 10.1432
(2.000000,3.456000,0.000000); 10.1391
(2.000000,3.460000,0.000000); 10.1351
(2.000000,3.464000,0.000000); 10.1311
(2.000000,3.468000,0.000000); 10.127
(2.000000,3.472000,0.000000); 10.123
(2.000000,3.476000,0.000000); 10.119
(2.000000,3.480000,0.000000); 10.1149
(2.000000,3.484000,0.000000); 10.1109
(2.000000,3.488000,0.000000); 10.1069
(2.000000,3.492000,0.000000); 10.1028
(2.000000,3.496000,0.000000); 10.0988
(2.000000,3.500000,0.000000); 10.0948
(2.000000,3.504000,0.000000); 10.0908
(2.000000,3.508000,0.000000); 10.0869
(2.000000,3.512000,0.000000); 10.083
(2.000000,3.516000,0.000000); 10.0791
(2.000000,3.520000,0.000000); 10.0752
(2.000000,3.524000,0.000000); 10.0713
(2.000000,3.528000,0.000000); 10.0674
(2.000000,3.532000,0.000000); 10.0635
(2.000000,3.536000,0.000000); 10.0597
(2.000000,3.540000,0.000000); 10.0558
(2.000000,3.544000,0.000000); 10.0519
(2.000000,3.548000,0.000000); 10.048
(2.000000,3.552000,0.000000); 10.0441
(2.000000,3.556000,0.000000); 10.0402
(2.000000,3.560000,0.000000); 10.0363
(2.000000,3.564000,0.000000); 10.0324
(2.000000,3.568000,0.000000); 10.0285
(2.000000,3.572000,0.000000); 10.0247
(2.000000,3.576000,0.000000); 10.0208
(2.000000,3.580000,0.000000); 10.0169
(2.000000,3.584000,0.000000); 10.013
(2.000000,3.588000,0.000000); 10.0091
(2.000000,3.592000,0.000000); 10.0052
(2.000000,3.596000,0.000000); 10.0013
(2.000000,3.600000,0.000000); 9.99743
(2.000000,3.604000,0.000000); 9.99354
(2.000000,3.608000,0.000000); 9.98966
(2.000000,3.612000,0.000000); 9.98577
(2.000000,3.616000,0.000000); 9.98188
(2.000000,3.620000,0.000000); 9.97799
(2.000000,3.624000,0.000000); 9.97356
(2.000000,3.628000,0.000000); 9.96895
(2.000000,3.632000,0.000000); 9.96434
(2.000000,3.636000,0.000000); 9.95973
(2.000000,3.640000,0.000000); 9.95512
(2.000000,3.644000,0.000000); 9.95051
(2.000000,3.648000,0.000000); 9.9459
(2.000000,3.652000,0.000000); 9.94129
(2.000000,3.656000,0.000000); 9.93668
(2.000000,3.660000,0.000000); 9.93207
(2.000000,3.664000,0.000000); 9.92746
(2.000000,3.668000,0.000000); 9.92285
(2.000000,3.672000,0.000000); 9.91824
(2.000000,3.676000,0.000000); 9.91363
(2.000000,3.680000,0.000000); 9.90902
(2.000000,3.684000,0.000000); 9.90441
(2.000000,3.688000,0.000000); 9.8998
(2.000000,3.692000,0.000000); 9.89519
(2.000000,3.696000,0.000000); 9.89058
(2.000000,3.700000,0.000000); 9.88598
(2.000000,3.704000,0.000000); 9.88139
(2.000000,3.708000,0.000000); 9.8768
(2.000000,3.712000,0.000000); 9.8722
(2.000000,3.716000,0.000000); 9.86779
(2.000000,3.720000,0.000000); 9.86603
(2.000000,3.724000,0.000000); 9.86426
(2.000000,3.728000,0.000000); 9.86249
(2.000000,3.732000,0.000000); 9.86073
(2.000000,3.736000,0.000000); 9.85896
(2.000000,3.740000,0.000000); 9.85719
(2.000000,3.744000,0.000000); 9.85542
(2.000000,3.748000,0.000000); 9.85366
(2.000000,3.752000,0.000000); 9.85197
(2.000000,3.756000,0.000000); 9.85027
(2.000000,3.760000,0.000000); 9.84858
(2.000000,3.764000,0.000000); 9.84688
(2.000000,3.768000,0.000000); 9.84519
(2.000000,3.772000,0.000000); 9.84349
(2.000000,3.776000,0.000000); 9.8418
(2.000000,3.780000,0.000000); 9.8401
(2.000000,3.784000,0.000000); 9.83841
(2.000000,3.788000,0.000000); 9.83671
(2.000000,3.792000,0.000000); 9.83502
(2.000000,3.796000,0.000000); 9.83332
(2.000000,3.800000,0.000000); 9.83163
(2.000000,3.804000,0.000000); 9.82993
(2.000000,3.808000,0.000000); 9.82824
(2.000000,3.812000,0.000000); 9.82241
(2.000000,3.816000,0.000000); 9.80977
(2.000000,3.820000,0.000000); 9.79713
(2.000000,3.824000,0.000000); 9.78449
(2.000000,3.828000,0.000000); 9.77185
(2.000000,3.832000,0.000000); 9.7592
(2.000000,3.836000,0.000000); 9.74656
(2.000000,3.840000,0.000000); 9.73392
(2.000000,3.844000,0.000000); 9.72128
(2.000000,3.848000,0.000000); 9.70864
(2.000000,3.852000,0.000000); 9.69629
(2.000000,3.856000,0.000000); 9.68395
(2.000000,3.860000,0.000000); 9.67162
(2.000000,3.864000,0.000000); 9.65929
(2.000000,3.868000,0.000000); 9.64695
(2.000000,3.872000,0.000000); 9.63462
(2.000000,3.876000,0.000000); 9.62229
(2.000000,3.880000,0.000000); 9.60995
(2.000000,3.884000,0.000000); 9.59762
(2.000000,3.888000,0.000000); 9.58529
(2.000000,3.892000,0.000000); 9.57295
(2.000000,3.896000,0.000000); 9.56062
(2.000000,3.900000,0.000000); 9.54828
(2.000000,3.904000,0.000000); 9.53595
(2.000000,3.908000,0.000000); 9.55134
(2.000000,3.912000,0.000000); 9.57927
(2.000000,3.916000,0.000000); 9.6072
(2.000000,3.920000,0.000000); 9.63512
(2.000000,3.924000,0.000000); 9.66305
(2.000000,3.928000,0.000000); 9.69098
(2.000000,3.932000,0.000000); 9.71891
(2.000000,3.936000,0.000000); 9.74684
(2.000000,3.940000,0.000000); 9.77476
(2.000000,3.944000,0.000000); 9.80269
(2.000000,3.948000,0.000000); 9.83062
(2.000000,3.952000,0.000000); 9.85855
(2.000000,3.956000,0.000000); 9.88647
(2.000000,3.960000,0.000000); 9.9144
(2.000000,3.964000,0.000000); 9.94233
(2.000000,3.968000,0.000000); 9.97026
(2.000000,3.972000,0.000000); 9.99819
(2.000000,3.976000,0.000000); 10.0261
(2.000000,3.980000,0.000000); 10.054
(2.000000,3.984000,0.000000); 10.082
(2.000000,3.988000,0.000000); 10.1099
(2.000000,3.992000,0.000000); 10.1378
(2.000000,3.996000,0.000000); 10.1658
(2.000000,4.000000,0.000000); 10.1937
--
(2.000000,0.000000,0.000000); 11.603
(2.000000,0.004000,0.000000); 11.6
(2.000000,0.008000,0.000000); 11.5969
(2.000000,0.012000,0.000000); 11.5938
(2.000000,0.016000,0.000000); 11.5907
(2.000000,0.020000,0.000000); 11.5876
(2.000000,0.024000,0.000000); 11.5845
(2.000000,0.028000,0.000000); 11.5814
(2.000000,0.032000,0.000000); 11.5784
(2.000000,0.036000,0.000000); 11.5753
(2.000000,0.040000,0.000000); 11.5722
(2.000000,0.044000,0.000000); 11.5691
(2.000000,0.048000,0.000000); 11.566
(2.000000,0.052000,0.000000); 11.5629
(2.000000,0.056000,0.000000); 11.5599
(2.000000,0.060000,0.000000); 11.5568
(2.000000,0.064000,0.000000); 11.5537
(2.000000,0.068000,0.000000); 11.5506
(2.000000,0.072000,0.000000); 11.5475
(2.000000,0.076000,0.000000); 11.5444
(2.000000,0.080000,0.000000); 11.5414
(2.000000,0.084000,0.000000); 11.5383
(2.000000,0.088000,0.000000); 11.5352
(2.000000,0.092000,0.000000); 11.5321
(2.000000,0.096000,0.000000); 11.529
(2.000000,0.100000,0.000000); 11.5259
(2.000000,0.104000,0.000000); 11.5228
(2.000000,0.108000,0.000000); 11.5198
(2.000000,0.112000,0.000000); 11.5167
(2.000000,0.116000,0.000000); 11.5136
(2.000000,0.120000,0.000000); 11.5105
(2.000000,0.124000,0.000000); 11.5074
(2.000000,0.128000,0.000000); 11.5043
(2.000000,0.132000,0.000000); 11.5013
(2.000000,0.136000,0.000000); 11.4982
(2.000000,0.140000,0.000000); 11.4951
(2.000000,0.144000,0.000000); 11.492
(2.000000,0.148000,0.000000); 11.4889
(2.000000,0.152000,0.000000); 11.4858
(2.000000,0.156000,0.000000); 11.4828
(2.000000,0.160000,0.000000); 11.4797
(2.000000,0.164000,0.000000); 11.4766
(2.000000,0.168000,0.000000); 11.4735
(2.000000,0.172000,0.000000); 11.4704
(2.000000,0.176000,0.000000); 11.4673
(2.000000,0.180000,0.000000); 11.4642
(2.000000,0.184000,0.000000); 11.4612
(2.000000,0.188000,0.000000); 11.4581
(2.000000,0.192000,0.000000); 11.455
(2.000000,0.196000,0.000000); 11.4519
(2.000000,0.200000,0.000000); 11.4488
(2.000000,0.204000,0.000000); 11.4457
(2.000000,0.208000,0.000000); 11.4427
(2.000000,0.212000,0.000000); 11.4396
(2.000000,0.216000,0.000000); 11.4365
(2.000000,0.220000,0.000000); 11.4334
(2.000000,0.224000,0.000000); 11.4303
(2.000000,0.228000,0.000000); 11.4272
(2.000000,0.232000,0.000000); 11.4241
(2.000000,0.236000,0.000000); 11.4211
(2.000000,0.240000,0.000000); 11.418
(2.000000,0.244000,0.000000); 11.4149
(2.000000,0.248000,0.000000); 11.4118
(2.000000,0.252000,0.000000); 11.4087
(2.000000,0.256000,0.000000); 11.4056
(2.000000,0.260000,0.000000); 11.4026
(2.000000,0.264000,0.000000); 11.3995
(2.000000,0.268000,0.000000); 11.3964
(2.000000,0.272000,0.000000); 11.3933
(2.000000,0.276000,0.000000); 11.3902
(2.000000,0.280000,0.000000); 11.3871
(2.000000,0.284000,0.000000); 11.3841
(2.000000,0.288000,0.000000); 11.381
(2.000000,0.292000,0.000000); 11.3779
(2.000000,0.296000,0.000000); 11.3748
(2.000000,0.300000,0.000000); 11.3717
(2.000000,0.304000,0.000000); 11.3686
(2.000000,0.308000,0.000000); 11.3655
(2.000000,0.312000,0.000000); 11.3625
(2.000000,0.316000,0.000000); 11.3594
(2.000000,0.320000,0.000000); 11.3563
(2.000000,0.324000,0.000000); 11.3532
(2.000000,0.328000,0.000000); 11.3501
(2.000000,0.332000,0.000000); 11.347
(2.000000,0.336000,0.000000); 11.344
(2.000000,0.340000,0.000000); 11.3409
(2.000000,0.344000,0.000000); 11.3378
(2.000000,0.348000,0.000000); 11.3347
(2.000000,0.352000,0.000000); 11.3316
(2.000000,0.356000,0.000000); 11.3285
(2.000000,0.360000,0.000000); 11.3255
(2.000000,0.364000,0.000000); 11.3224
(2.000000,0.368000,0.000000); 11.3193
(2.000000,0.372000,0.000000); 11.3162
(2.000000,0.376000,0.000000); 11.3131
(2.000000,0.380000,0.000000); 11.31
(2.000000,0.384000,0.000000); 11.3069
(2.000000,0.388000,0.000000); 11.3039
(2.000000,0.392000,0.000000); 11.3008
(2.000000,0.396000,0.000000); 11.2977
(2.000000,0.400000,0.000000); 11.2946
(2.000000,0.404000,0.000000); 11.2915
(2.000000,0.408000,0.000000); 11.2884
(2.000000,0.412000,0.000000); 11.2854
(2.000000,0.416000,0.000000); 11.2823
(2.000000,0.420000,0.000000); 11.2792
(2.000000,0.424000,0.000000); 11.2761
(2.000000,0.428000,0.000000); 11.273
(2.000000,0.432000,0.000000); 11.2699
(2.000000,0.436000,0.000000); 11.2668
(2.000000,0.440000,0.000000); 11.2638
(2.000000,0.444000,0.000000); 11.2607
(2.000000,0.448000,0.000000); 11.2576
(2.000000,0.452000,0.000000); 11.2545
(2.000000,0.456000,0.000000); 11.2514
(2.000000,0.460000,0.000000); 11.2483
(2.000000,0.464000,0.000000); 11.2453
(2.000000,0.468000,0.000000); 11.2422
(2.000000,0.472000,0.000000); 11.2391
(2.000000,0.476000,0.000000); 11.236
(2.000000,0.480000,0.000000); 11.2329
(2.000000,0.484000,0.000000); 11.2298
(2.000000,0.488000,0.000000); 11.2268
(2.000000,0.492000,0.000000); 11.2237
(2.000000,0.496000,0.000000); 11.2206
(2.000000,0.500000,0.000000); 11.2175
(2.000000,0.504000,0.000000); 11.2144
(2.000000,0.508000,0.000000); 11.2113
(2.000000,0.512000,0.000000); 11.2082
(2.000000,0.516000,0.000000); 11.2052
(2.000000,0.520000,0.000000); 11.2021
(2.000000,0.524000,0.000000); 11.199
(2.000000,0.528000,0.000000); 11.1959
(2.000000,0.532000,0.000000); 11.1928
(2.000000,0.536000,0.000000); 11.1897
(2.000000,0.540000,0.000000); 11.1867
(2.000000,0.544000,0.000000); 11.1836
(2.000000,0.548000,0.000000); 11.1805
(2.000000,0.552000,0.000000); 11.1774
(2.000000,0.556000,0.000000); 11.1743
(2.000000,0.560000,0.000000); 11.1712
(2.000000,0.564000,0.000000); 11.1682
(2.000000,0.568000,0.000000); 11.1651
(2.000000,0.572000,0.000000); 11.162
(2.000000,0.576000,0.000000); 11.1589
(2.000000,0.580000,0.000000); 11.1558
(2.000000,0.584000,0.000000); 11.1527
(2.000000,0.588000,0.000000); 11.1496
(2.000000,0.592000,0.000000); 11.1466
(2.000000,0.596000,0.000000); 11.1435
(2.000000,0.600000,0.000000); 11.1404
(2.000000,0.604000,0.000000); 11.1373
(2.000000,0.608000,0.000000); 11.1342
(2.000000,0.612000,0.000000); 11.1311
(2.000000,0.616000,0.000000); 11.1281
(2.000000,0.620000,0.000000); 11.125
(2.000000,0.624000,0.000000); 11.1219
(2.000000,0.628000,0.000000); 11.1188
(2.000000,0.632000,0.000000); 11.1157
(2.000000,0.636000,0.000000); 11.1126
(2.000000,0.640000,0.000000); 11.1095
(2.000000,0.644000,0.000000); 11.1065
(2.000000,0.648000,0.000000); 11.1034
(2.000000,0.652000,0.000000); 11.1003
(2.000000,0.656000,0.000000); 11.0972
(2.000000,0.660000,0.000000); 11.0941
(2.000000,0.664000,0.000000); 11.091
(2.000000,0.668000,0.000000); 11.088
(2.000000,0.672000,0.000000); 11.0849
(2.000000,0.676000,0.000000); 11.0818
(2.000000,0.680000,0.000000); 11.0787
(2.000000,0.684000,0.000000); 11.0756
(2.000000,0.688000,0.000000); 11.0725
(2.000000,0.692000,0.000000); 11.0695
(2.000000,0.696000,0.000000); 11.0664
(2.000000,0.700000,0.000000); 11.0633
(2.000000,0.704000,0.000000); 11.0602
(2.000000,0.708000,0.000000); 11.0571
(2.000000,0.712000,0.000000); 11.054
(2.000000,0.716000,0.000000); 11.0509
(2.000000,0.720000,0.000000); 11.0479
(2.000000,0.724000,0.000000); 11.0448
(2.000000,0.728000,0.000000); 11.0417
(2.000000,0.732000,0.000000); 11.0386
(2.000000,0.736000,0.000000); 11.0355
(2.000000,0.740000,0.000000); 11.0324
(2.000000,0.744000,0.000000); 11.0294
(2.000000,0.748000,0.000000); 11.0263
(2.000000,0.752000,0.000000); 11.0232
(2.000000,0.756000,0.000000); 11.0201
(2.000000,0.760000,0.000000); 11.017
(2.000000,0.764000,0.000000); 11.0139
(2.000000,0.768000,0.000000); 11.0109
(2.000000,0.772000,0.000000); 11.0078
(2.000000,0.776000,0.000000); 11.0047
(2.000000,0.780000,0.000000); 11.0016
(2.000000,0.784000,0.000000); 10.9985
(2.000000,0.788000,0.000000); 10.9954
(2.000000,0.792000,0.000000); 10.9923
(2.000000,0.796000,0.000000); 10.9893
(2.000000,0.800000,0.000000); 10.9862
(2.000000,0.804000,0.000000); 10.9831
(2.000000,0.808000,0.000000); 10.98
(2.000000,0.812000,0.000000); 10.9769
(2.000000,0.816000,0.000000); 10.9738
(2.000000,0.820000,0.000000); 10.9708
(2.000000,0.824000,0.000000); 10.9677
(2.000000,0.828000,0.000000); 10.9646
(2.000000,0.832000,0.000000); 10.9615
(2.000000,0.836000,0.000000); 10.9584
(2.000000,0.840000,0.000000); 10.9553
(2.000000,0.844000,0.000000); 10.9523
(2.000000,0.848000,0.000000); 10.9492
(2.000000,0.852000,0.000000); 10.9461
(2.000000,0.856000,0.000000); 10.943
(2.000000,0.860000,0.000000); 10.9399
(2.000000,0.864000,0.000000); 10.9368
(2.000000,0.868000,0.000000); 10.9337
(2.000000,0.872000,0.000000); 10.9307
(2.000000,0.876000,0.000000); 10.9276
(2.000000,0.880000,0.000000); 10.9245
(2.000000,0.884000,0.000000); 10.9214
(2.000000,0.888000,0.000000); 10.9183
(2.000000,0.892000,0.000000); 10.9152
(2.000000,0.896000,0.000000); 10.9122
(2.000000,0.900000,0.000000); 10.9091
(2.000000,0.904000,0.000000); 10.906
(2.000000,0.908000,0.000000); 10.9029
(2.000000,0.912000,0.000000); 10.8998
(2.000000,0.916000,0.000000); 10.8967
(2.000000,0.920000,0.000000); 10.8937
(2.000000,0.924000,0.000000); 10.8906
(2.000000,0.928000,0.000000); 10.8875
(2.000000,0.932000,0.000000); 10.8844
(2.000000,0.936000,0.000000); 10.8813
(2.000000,0.940000,0.000000); 10.8782
(2.000000,0.944000,0.000000); 10.8751
(2.000000,0.948000,0.000000); 10.8721
(2.000000,0.952000,0.000000); 10.869
(2.000000,0.956000,0.000000); 10.8659
(2.000000,0.960000,0.000000); 10.8628
(2.000000,0.964000,0.000000); 10.8597
(2.000000,0.968000,0.000000); 10.8566
(2.000000,0.972000,0.000000); 10.8536
(2.000000,0.976000,0.000000); 10.8505
(2.000000,0.980000,0.000000); 10.8474
(2.000000,0.984000,0.000000); 10.8443
(2.000000,0.988000,0.000000); 10.8412
(2.000000,0.992000,0.000000); 10.8381
(2.000000,0.996000,0.000000); 10.8351
(2.000000,1.000000,0.000000); 10.832
(2.000000,1.004000,0.000000); 10.8289
(2.000000,1.008000,0.000000); 10.8258
(2.000000,1.012000,0.000000); 10.8227
(2.000000,1.016000,0.000000); 10.8196
(2.000000,1.020000,0.000000); 10.8165
(2.000000,1.024000,0.000000); 10.8135
(2.000000,1.028000,0.000000); 10.8104
(2.000000,1.032000,0.000000); 10.8073
(2.000000,1.036000,0.000000); 10.8042
(2.000000,1.040000,0.000000); 10.8011
(2.000000,1.044000,0.000000); 10.798
(2.000000,1.048000,0.000000); 10.795
(2.000000,1.052000,0.000000); 10.7919
(2.000000,1.056000,0.000000); 10.7888
(2.000000,1.060000,0.000000); 10.7857
(2.000000,1.064000,0.000000); 10.7826
(2.000000,1.068000,0.000000); 10.7795
(2.000000,1.072000,0.000000); 10.7765
(2.000000,1.076000,0.000000); 10.7734
(2.000000,1.080000,0.000000); 10.7703
(2.000000,1.084000,0.000000); 10.7672
(2.000000,1.088000,0.000000); 10.7641
(2.000000,1.092000,0.000000); 10.761
(2.000000,1.096000,0.000000); 10.7579
(2.000000,1.100000,0.000000); 10.7549
(2.000000,1.104000,0.000000); 10.7518
(2.000000,1.108000,0.000000); 10.7487
(2.000000,1.112000,0.000000); 10.7456
(2.000000,1.116000,0.000000); 10.7425
(2.000000,1.120000,0.000000); 10.7394
(2.000000,1.124000,0.000000); 10.7364
(2.000000,1.128000,0.000000); 10.7333
(2.000000,1.132000,0.000000); 10.7302
(2.000000,1.136000,0.000000); 10.7271
(2.000000,1.140000,0.000000); 10.724
(2.000000,1.144000,0.000000); 10.7209
(2.000000,1.148000,0.000000); 10.7179
(2.000000,1.152000,0.000000); 10.7148
(2.000000,1.156000,0.000000); 10.7117
(2.000000,1.160000,0.000000); 10.7086
(2.000000,1.164000,0.000000); 10.7055
(2.000000,1.168000,0.000000); 10.7024
(2.000000,1.172000,0.000000); 10.6993
(2.000000,1.176000,0.000000); 10.6963
(2.000000,1.180000,0.000000); 10.6932
(2.000000,1.184000,0.000000); 10.6901
(2.000000,1.188000,0.000000); 10.687
(2.000000,1.192000,0.000000); 10.6839
(2.000000,1.196000,0.000000); 10.6808
(2.000000,1.200000,0.000000); 10.6778
(2.000000,1.204000,0.000000); 10.6747
(2.000000,1.208000,0.000000); 10.6716
(2.000000,1.212000,0.000000); 10.6685
(2.000000,1.216000,0.000000); 10.6654
(2.000000,1.220000,0.000000); 10.6623
(2.000000,1.224000,0.000000); 10.6593
(2.000000,1.228000,0.000000); 10.6562
(2.000000,1.232000,0.000000); 10.6531
(2.000000,1.236000,0.000000); 10.65
(2.000000,1.240000,0.000000); 10.6469
(2.000000,1.244000,0.000000); 10.6438
(2.000000,1.248000,0.000000); 10.6407
(2.000000,1.252000,0.000000); 10.6377
(2.000000,1.256000,0.000000); 10.6346
(2.000000,1.260000,0.000000); 10.6315
(2.000000,1.264000,0.000000); 10.6284
(2.000000,1.268000,0.000000); 10.6253
(2.000000,1.272000,0.000000); 10.6222
(2.000000,1.276000,0.000000); 10.6192
(2.000000,1.280000,0.000000); 10.6161
(2.000000,1.284000,0.000000); 10.613
(2.000000,1.288000,0.000000); 10.6099
(2.000000,1.292000,0.000000); 10.6068
(2.000000,1.296000,0.000000); 10.6037
(2.000000,1.300000,0.000000); 10.6007
(2.000000,1.304000,0.000000); 10.5976
(2.000000,1.308000,0.000000); 10.5945
(2.000000,1.312000,0.000000); 10.5914
(2.000000,1.316000,0.000000); 10.5883
(2.000000,1.320000,0.000000); 10.5852
(2.000000,1.324000,0.000000); 10.5822
(2.000000,1.328000,0.000000); 10.5791
(2.000000,1.332000,0.000000); 10.576
(2.000000,1.336000,0.000000); 10.5729
(2.000000,1.340000,0.000000); 10.5698
(2.000000,1.344000,0.000000); 10.5667
(2.000000,1.348000,0.000000); 10.5636
(2.000000,1.352000,0.000000); 10.5606
(2.000000,1.356000,0.000000); 10.5575
(2.000000,1.360000,0.000000); 10.5544
(2.000000,1.364000,0.000000); 10.5513
(2.000000,1.368000,0.000000); 10.5482
(2.000000,1.372000,0.000000); 10.5451
(2.000000,1.376000,0.000000); 10.5421
(2.000000,1.380000,0.000000); 10.539
(2.000000,1.384000,0.000000); 10.5359
(2.000000,1.388000,0.000000); 10.5328
(2.000000,1.392000,0.000000); 10.5297
(2.000000,1.396000,0.000000); 10.5266
(2.000000,1.400000,0.000000); 10.5236
(2.000000,1.404000,0.000000); 10.5205
(2.000000,1.408000,0.000000); 10.5174
(2.000000,1.412000,0.000000); 10.5143
(2.000000,1.416000,0.000000); 10.5112
(2.000000,1.420000,0.000000); 10.5081
(2.000000,1.424000,0.000000); 10.5051
(2.000000,1.428000,0.000000); 10.502
(2.000000,1.432000,0.000000); 10.4989
(2.000000,1.436000,0.000000); 10.4958
(2.000000,1.440000,0.000000); 10.4927
(2.000000,1.444000,0.000000); 10.4896
(2.000000,1.448000,0.000000); 10.4865
(2.000000,1.452000,0.000000); 10.4835
(2.000000,1.456000,0.000000); 10.4804
(2.000000,1.460000,0.000000); 10.4773
(2.000000,1.464000,0.000000); 10.4742
(2.000000,1.468000,0.000000); 10.4711
(2.000000,1.472000,0.000000); 10.468
(2.000000,1.476000,0.000000); 10.465
(2.000000,1.480000,0.000000); 10.4619
(2.000000,1.484000,0.000000); 10.4588
(2.000000,1.488000,0.000000); 10.4557
(2.000000,1.492000,0.000000); 10.4526
(2.000000,1.496000,0.000000); 10.4495
(2.000000,1.500000,0.000000); 10.4465
(2.000000,1.504000,0.000000); 10.4434
(2.000000,1.508000,0.000000); 10.4403
(2.000000,1.512000,0.000000); 10.4372
(2.000000,1.516000,0.000000); 10.4341
(2.000000,1.520000,0.000000); 10.431
(2.000000,1.524000,0.000000); 10.428
(2.000000,1.528000,0.000000); 10.4249
(2.000000,1.532000,0.000000); 10.4218
(2.000000,1.536000,0.000000); 10.4187
(2.000000,1.540000,0.000000); 10.4156
(2.000000,1.544000,0.000000); 10.4125
(2.000000,1.548000,0.000000); 10.4094
(2.000000,1.552000,0.000000); 10.4064
(2.000000,1.556000,0.000000); 10.4033
(2.000000,1.560000,0.000000); 10.4002
(2.000000,1.564000,0.000000); 10.3971
(2.000000,1.568000,0.000000); 10.394
(2.000000,1.572000,0.000000); 10.3909
(2.000000,1.576000,0.000000); 10.3879
(2.000000,1.580000,0.000000); 10.3848
(2.000000,1.584000,0.000000); 10.3817
(2.000000,1.588000,0.000000); 10.3786
(2.000000,1.592000,0.000000); 10.3755
(2.000000,1.596000,0.000000); 10.3724
(2.000000,1.600000,0.000000); 10.3694
(2.000000,1.604000,0.000000); 10.3663
(2.000000,1.608000,0.000000); 10.3632
(2.000000,1.612000,0.000000); 10.3601
(2.000000,1.616000,0.000000); 10.357
(2.000000,1.620000,0.000000); 10.3539
(2.000000,1.624000,0.000000); 10.3509
(2.000000,1.628000,0.000000); 10.3478
(2.000000,1.632000,0.000000); 10.3447
(2.000000,1.636000,0.000000); 10.3416
(2.000000,1.640000,0.000000); 10.3385
(2.000000,1.644000,0.000000); 10.3354
(2.000000,1.648000,0.000000); 10.3324
(2.000000,1.652000,0.000000); 10.3293
(2.000000,1.656000,0.000000); 10.3262
(2.000000,1.660000,0.000000); 10.3231
(2.000000,1.664000,0.000000); 10.32
(2.000000,1.668000,0.000000); 10.3169
(2.000000,1.672000,0.000000); 10.3138
(2.000000,1.676000,0.000000); 10.3108
(2.000000,1.680000,0.000000); 10.3077
(2.000000,1.684000,0.000000); 10.3046
(2.000000,1.688000,0.000000); 10.3015
(2.000000,1.692000,0.000000); 10.2984
(2.000000,1.696000,0.000000); 10.2953
(2.000000,1.700000,0.000000); 10.2923
(2.000000,1.704000,0.000000); 10.2892
(2.000000,1.708000,0.000000); 10.2861
(2.000000,1.712000,0.000000); 10.283
(2.000000,1.716000,0.000000); 10.2799
(2.000000,1.720000,0.000000); 10.2768
(2.000000,1.724000,0.000000); 10.2738
(2.000000,1.728000,0.000000); 10.2707
(2.000000,1.732000,0.000000); 10.2676
(2.000000,1.736000,0.000000); 10.2645
(2.000000,1.740000,0.000000); 10.2614
(2.000000,1.744000,0.000000); 10.2583
(2.000000,1.748000,0.000000); 10.2553
(2.000000,1.752000,0.000000); 10.2522
(2.000000,1.756000,0.000000); 10.2491
(2.000000,1.760000,0.000000); 10.246
(2.000000,1.764000,0.000000); 10.2429
(2.000000,1.768000,0.000000); 10.2398
(2.000000,1.772000,0.000000); 10.2368
(2.000000,1.776000,0.000000); 10.2337
(2.000000,1.780000,0.000000); 10.2306
(2.000000,1.784000,0.000000); 10.2275
(2.000000,1.788000,0.000000); 10.2244
(2.000000,1.792000,0.000000); 10.2213
(2.000000,1.796000,0.000000); 10.2183
(2.000000,1.800000,0.000000); 10.2152
(2.000000,1.804000,0.000000); 10.2121
(2.000000,1.808000,0.000000); 10.209
(2.000000,1.812000,0.000000); 10.2059
(2.000000,1.816000,0.000000); 10.2028
(2.000000,1.820000,0.000000); 10.1997
(2.000000,1.824000,0.000000); 10.1967
(2.000000,1.828000,0.000000); 10.1936
(2.000000,1.832000,0.000000); 10.1905
(2.000000,1.836000,0.000000); 10.1874
(2.000000,1.840000,0.000000); 10.1843
(2.000000,1.844000,0.000000); 10.1812
(2.000000,1.848000,0.000000); 10.1782
(2.000000,1.852000,0.000000); 10.1751
(2.000000,1.856000,0.000000); 10.172
(2.000000,1.860000,0.000000); 10.1689
(2.000000,1.864000,0.000000); 10.1658
(2.000000,1.868000,0.000000); 10.1627
(2.000000,1.872000,0.000000); 10.1597
(2.000000,1.876000,0.000000); 10.1566
(2.000000,1.880000,0.000000); 10.1535
(2.000000,1.884000,0.000000); 10.1504
(2.000000,1.888000,0.000000); 10.1473
(2.000000,1.892000,0.000000); 10.1442
(2.000000,1.896000,0.000000); 10.1412
(2.000000,1.900000,0.000000); 10.1381
(2.000000,1.904000,0.000000); 10.135
(2.000000,1.908000,0.000000); 10.1319
(2.000000,1.912000,0.000000); 10.1288
(2.000000,1.916000,0.000000); 10.1257
(2.000000,1.920000,0.000000); 10.1227
(2.000000,1.924000,0.000000); 10.1196
(2.000000,1.928000,0.000000); 10.1165
(2.000000,1.932000,0.000000); 10.1134
(2.000000,1.936000,0.000000); 10.1103
(2.000000,1.940000,0.000000); 10.1072
(2.000000,1.944000,0.000000); 10.1042
(2.000000,1.948000,0.000000); 10.1011
(2.000000,1.952000,0.000000); 10.098
(2.000000,1.956000,0.000000); 10.0949
(2.000000,1.960000,0.000000); 10.0918
(2.000000,1.964000,0.000000); 10.0887
(2.000000,1.968000,0.000000); 10.0857
(2.000000,1.972000,0.000000); 10.0826
(2.000000,1.976000,0.000000); 10.0795
(2.000000,1.980000,0.000000); 10.0764
(2.000000,1.984000,0.000000); 10.0733
(2.000000,1.988000,0.000000); 10.0702
(2.000000,1.992000,0.000000); 10.0672
(2.000000,1.996000,0.000000); 10.0641
(2.000000,2.000000,0.000000); 10.061
(2.000000,2.004000,0.000000); 10.0579
(2.000000,2.008000,0.000000); 10.0548
(2.000000,2.012000,0.000000); 10.0517
(2.000000,2.016000,0.000000); 10.0487
(2.000000,2.020000,0.000000); 10.0456
(2.000000,2.024000,0.000000); 10.0425
(2.000000,2.028000,0.000000); 10.0394
(2.000000,2.032000,0.000000); 10.0363
(2.000000,2.036000,0.000000); 10.0332
(2.000000,2.040000,0.000000); 10.0302
(2.000000,2.044000,0.000000); 10.0271
(2.000000,2.048000,0.000000); 10.024
(2.000000,2.052000,0.000000); 10.0209
(2.000000,2.056000,0.000000); 10.0178
(2.000000,2.060000,0.000000); 10.0147
(2.000000,2.064000,0.000000); 10.0117
(2.000000,2.068000,0.000000); 10.0086
(2.000000,2.072000,0.000000); 10.0055
(2.000000,2.076000,0.000000); 10.0024
(2.000000,2.080000,0.000000); 9.99932
(2.000000,2.084000,0.000000); 9.99624
(2.000000,2.088000,0.000000); 9.99315
(2.000000,2.092000,0.000000); 9.99007
(2.000000,2.096000,0.000000); 9.98699
(2.000000,2.100000,0.000000); 9.9839
(2.000000,2.104000,0.000000); 9.98082
(2.000000,2.108000,0.000000); 9.97774
(2.000000,2.112000,0.000000); 9.97465
(2.000000,2.116000,0.000000); 9.97157
(2.000000,2.120000,0.000000); 9.96849
(2.000000,2.124000,0.000000); 9.9654
(2.000000,2.128000,0.000000); 9.96232
(2.000000,2.132000,0.000000); 9.95924
(2.000000,2.136000,0.000000); 9.95615
(2.000000,2.140000,0.000000); 9.95307
(2.000000,2.144000,0.000000); 9.94999
(2.000000,2.148000,0.000000); 9.9469
(2.000000,2.152000,0.000000); 9.94382
(2.000000,2.156000,0.000000); 9.94074
(2.000000,2.160000,0.000000); 9.93765
(2.000000,2.164000,0.000000); 9.93457
(2.000000,2.168000,0.000000); 9.93149
(2.000000,2.172000,0.000000); 9.9284
(2.000000,2.176000,0.000000); 9.92532
(2.000000,2.180000,0.000000); 9.92223
(2.000000,2.184000,0.000000); 9.91915
(2.000000,2.188000,0.000000); 9.91607
(2.000000,2.192000,0.000000); 9.91298
(2.000000,2.196000,0.000000); 9.9099
(2.000000,2.200000,0.000000); 9.90682
(2.000000,2.204000,0.000000); 9.90374
(2.000000,2.208000,0.000000); 9.90065
(2.000000,2.212000,0.000000); 9.89757
(2.000000,2.216000,0.000000); 9.89449
(2.000000,2.220000,0.000000); 9.89141
(2.000000,2.224000,0.000000); 9.88832
(2.000000,2.228000,0.000000); 9.88524
(2.000000,2.232000,0.000000); 9.88216
(2.000000,2.236000,0.000000); 9.87908
(2.000000,2.240000,0.000000); 9.87599
(2.000000,2.244000,0.000000); 9.87291
(2.000000,2.248000,0.000000); 9.86983
(2.000000,2.252000,0.000000); 9.86674
(2.000000,2.256000,0.000000); 9.86366
(2.000000,2.260000,0.000000); 9.86058
(2.000000,2.264000,0.000000); 9.8575
(2.000000,2.268000,0.000000); 9.85441
(2.000000,2.272000,0.000000); 9.85133
(2.000000,2.276000,0.000000); 9.84824
(2.000000,2.280000,0.000000); 9.84516
(2.000000,2.284000,0.000000); 9.84207
(2.000000,2.288000,0.000000); 9.83898
(2.000000,2.292000,0.000000); 9.8359
(2.000000,2.296000,0.000000); 9.83281
(2.000000,2.300000,0.000000); 9.82973
(2.000000,2.304000,0.000000); 9.82664
(2.000000,2.308000,0.000000); 9.82355
(2.000000,2.312000,0.000000); 9.82047
(2.000000,2.316000,0.000000); 9.81738
(2.000000,2.320000,0.000000); 9.8143
(2.000000,2.324000,0.000000); 9.81121
(2.000000,2.328000,0.000000); 9.80812
(2.000000,2.332000,0.000000); 9.80504
(2.000000,2.336000,0.000000); 9.80195
(2.000000,2.340000,0.000000); 9.79887
(2.000000,2.344000,0.000000); 9.79578
(2.000000,2.348000,0.000000); 9.7927
(2.000000,2.352000,0.000000); 9.78961
(2.000000,2.356000,0.000000); 9.78653
(2.000000,2.360000,0.000000); 9.78345
(2.000000,2.364000,0.000000); 9.78038
(2.000000,2.368000,0.000000); 9.7773
(2.000000,2.372000,0.000000); 9.77422
(2.000000,2.376000,0.000000); 9.77114
(2.000000,2.380000,0.000000); 9.76807
(2.000000,2.384000,0.000000); 9.765
(2.000000,2.388000,0.000000); 9.76193
(2.000000,2.392000,0.000000); 9.75886
(2.000000,2.396000,0.000000); 9.75578
(2.000000,2.400000,0.000000); 9.75271
(2.000000,2.404000,0.000000); 9.74964
(2.000000,2.408000,0.000000); 9.74657
(2.000000,2.412000,0.000000); 9.7435
(2.000000,2.416000,0.000000); 9.74043
(2.000000,2.420000,0.000000); 9.73736
(2.000000,2.424000,0.000000); 9.73428
(2.000000,2.428000,0.000000); 9.73121
(2.000000,2.432000,0.000000); 9.72814
(2.000000,2.436000,0.000000); 9.72507
(2.000000,2.440000,0.000000); 9.722
(2.000000,2.444000,0.000000); 9.71893
(2.000000,2.448000,0.000000); 9.71581
(2.000000,2.452000,0.000000); 9.71269
(2.000000,2.456000,0.000000); 9.70957
(2.000000,2.460000,0.000000); 9.70644
(2.000000,2.464000,0.000000); 9.70332
(2.000000,2.468000,0.000000); 9.70019
(2.000000,2.472000,0.000000); 9.69707
(2.000000,2.476000,0.000000); 9.69394
(2.000000,2.480000,0.000000); 9.69082
(2.000000,2.484000,0.000000); 9.6877
(2.000000,2.488000,0.000000); 9.68457
(2.000000,2.492000,0.000000); 9.68145
(2.000000,2.496000,0.000000); 9.67832
(2.000000,2.500000,0.000000); 9.6752
(2.000000,2.504000,0.000000); 9.67207
(2.000000,2.508000,0.000000); 9.66894
(2.000000,2.512000,0.000000); 9.66581
(2.000000,2.516000,0.000000); 9.66268
(2.000000,2.520000,0.000000); 9.65955
(2.000000,2.524000,0.000000); 9.65642
(2.000000,2.528000,0.000000); 9.65329
(2.000000,2.532000,0.000000); 9.65016
(2.000000,2.536000,0.000000); 9.64702
(2.000000,2.540000,0.000000); 9.64405
(2.000000,2.544000,0.000000); 9.64117
(2.000000,2.548000,0.000000); 9.63828
(2.000000,2.552000,0.000000); 9.63539
(2.000000,2.556000,0.000000); 9.63251
(2.000000,2.560000,0.000000); 9.62962
(2.000000,2.564000,0.000000); 9.62673
(2.000000,2.568000,0.000000); 9.62385
(2.000000,2.572000,0.000000); 9.62096
(2.000000,2.576000,0.000000); 9.61808
(2.000000,2.580000,0.000000); 9.61519
(2.000000,2.584000,0.000000); 9.6123
(2.000000,2.588000,0.000000); 9.60942
(2.000000,2.592000,0.000000); 9.60653
(2.000000,2.596000,0.000000); 9.60365
(2.000000,2.600000,0.000000); 9.60076
(2.000000,2.604000,0.000000); 9.59787
(2.000000,2.608000,0.000000); 9.59499
(2.000000,2.612000,0.000000); 9.5921
(2.000000,2.616000,0.000000); 9.58922
(2.000000,2.620000,0.000000); 9.58633
(2.000000,2.624000,0.000000); 9.58344
(2.000000,2.628000,0.000000); 9.58056
(2.000000,2.632000,0.000000); 9.57734
(2.000000,2.636000,0.000000); 9.57381
(2.000000,2.640000,0.000000); 9.57028
(2.000000,2.644000,0.000000); 9.56676
(2.000000,2.648000,0.000000); 9.56323
(2.000000,2.652000,0.000000); 9.55971
(2.000000,2.656000,0.000000); 9.55618
(2.000000,2.660000,0.000000); 9.55266
(2.000000,2.664000,0.000000); 9.54913
(2.000000,2.668000,0.000000); 9.5456
(2.000000,2.672000,0.000000); 9.54208
(2.000000,2.676000,0.000000); 9.53855
(2.000000,2.680000,0.000000); 9.53503
(2.000000,2.684000,0.000000); 9.5315
(2.000000,2.688000,0.000000); 9.52798
(2.000000,2.692000,0.000000); 9.52445
(2.000000,2.696000,0.000000); 9.52092
(2.000000,2.700000,0.000000); 9.5174
(2.000000,2.704000,0.000000); 9.51387
(2.000000,2.708000,0.000000); 9.51035
(2.000000,2.712000,0.000000); 9.50682
(2.000000,2.716000,0.000000); 9.5033
(2.000000,2.720000,0.000000); 9.49977
(2.000000,2.724000,0.000000); 9.49624
(2.000000,2.728000,0.000000); 9.49272
(2.000000,2.732000,0.000000); 9.48919
(2.000000,2.736000,0.000000); 9.48567
(2.000000,2.740000,0.000000); 9.48214
(2.000000,2.744000,0.000000); 9.47861
(2.000000,2.748000,0.000000); 9.47509
(2.000000,2.752000,0.000000); 9.47156
(2.000000,2.756000,0.000000); 9.46804
(2.000000,2.760000,0.000000); 9.46451
(2.000000,2.764000,0.000000); 9.46321
(2.000000,2.768000,0.000000); 9.46195
(2.000000,2.772000,0.000000); 9.46069
(2.000000,2.776000,0.000000); 9.45943
(2.000000,2.780000,0.000000); 9.45816
(2.000000,2.784000,0.000000); 9.4569
(2.000000,2.788000,0.000000); 9.45564
(2.000000,2.792000,0.000000); 9.45437
(2.000000,2.796000,0.000000); 9.45311
(2.000000,2.800000,0.000000); 9.45185
(2.000000,2.804000,0.000000); 9.45059
(2.000000,2.808000,0.000000); 9.44932
(2.000000,2.812000,0.000000); 9.44806
(2.000000,2.816000,0.000000); 9.4468
(2.000000,2.820000,0.000000); 9.44554
(2.000000,2.824000,0.000000); 9.44427
(2.000000,2.828000,0.000000); 9.44301
(2.000000,2.832000,0.000000); 9.44175
(2.000000,2.836000,0.000000); 9.44048
(2.000000,2.840000,0.000000); 9.43922
(2.000000,2.844000,0.000000); 9.43796
(2.000000,2.848000,0.000000); 9.4367
(2.000000,2.852000,0.000000); 9.43543
(2.000000,2.856000,0.000000); 9.43417
(2.000000,2.860000,0.000000); 9.43291
(2.000000,2.864000,0.000000); 9.43165
(2.000000,2.868000,0.000000); 9.43038
(2.000000,2.872000,0.000000); 9.42912
(2.000000,2.876000,0.000000); 9.42774
(2.000000,2.880000,0.000000); 9.42605
(2.000000,2.884000,0.000000); 9.42437
(2.000000,2.888000,0.000000); 9.42268
(2.000000,2.892000,0.000000); 9.41767
(2.000000,2.896000,0.000000); 9.40847
(2.000000,2.900000,0.000000); 9.39927
(2.000000,2.904000,0.000000); 9.39007
(2.000000,2.908000,0.000000); 9.38085
(2.000000,2.912000,0.000000); 9.37148
(2.000000,2.916000,0.000000); 9.3621
(2.000000,2.920000,0.000000); 9.35272
(2.000000,2.924000,0.000000); 9.34335
(2.000000,2.928000,0.000000); 9.33397
(2.000000,2.932000,0.000000); 9.3246
(2.000000,2.936000,0.000000); 9.31522
(2.000000,2.940000,0.000000); 9.30585
(2.000000,2.944000,0.000000); 9.29647
(2.000000,2.948000,0.000000); 9.2871
(2.000000,2.952000,0.000000); 9.27772
(2.000000,2.956000,0.000000); 9.26835
(2.000000,2.960000,0.000000); 9.25897
(2.000000,2.964000,0.000000); 9.24959
(2.000000,2.968000,0.000000); 9.24022
(2.000000,2.972000,0.000000); 9.23084
(2.000000,2.976000,0.000000); 9.22147
(2.000000,2.980000,0.000000); 9.21209
(2.000000,2.984000,0.000000); 9.20272
(2.000000,2.988000,0.000000); 9.19334
(2.000000,2.992000,0.000000); 9.18397
(2.000000,2.996000,0.000000); 9.17459
(2.000000,3.000000,0.000000); 9.16522
(2.000000,3.004000,0.000000); 9.15584
(2.000000,3.008000,0.000000); 9.14646
(2.000000,3.012000,0.000000); 9.13709
(2.000000,3.016000,0.000000); 9.12771
(2.000000,3.020000,0.000000); 9.11834
(2.000000,3.024000,0.000000); 9.14519
(2.000000,3.028000,0.000000); 9.17596
(2.000000,3.032000,0.000000); 9.20672
(2.000000,3.036000,0.000000); 9.23749
(2.000000,3.040000,0.000000); 9.26825
(2.000000,3.044000,0.000000); 9.29902
(2.000000,3.048000,0.000000); 9.32978
(2.000000,3.052000,0.000000); 9.36055
(2.000000,3.056000,0.000000); 9.39131
(2.000000,3.060000,0.000000); 9.42208
(2.000000,3.064000,0.000000); 9.45284
(2.000000,3.068000,0.000000); 9.48361
(2.000000,3.072000,0.000000); 9.51437
(2.000000,3.076000,0.000000); 9.54514
(2.000000,3.080000,0.000000); 9.5759
(2.000000,3.084000,0.000000); 9.60667
(2.000000,3.088000,0.000000); 9.63743
(2.000000,3.092000,0.000000); 9.6682
(2.000000,3.096000,0.000000); 9.69896
(2.000000,3.100000,0.000000); 9.72973
(2.000000,3.104000,0.000000); 9.76049
(2.000000,3.108000,0.000000); 9.79126
(2.000000,3.112000,0.000000); 9.82202
(2.000000,3.116000,0.000000); 9.85279
(2.000000,3.120000,0.000000); 9.8834
(2.000000,3.124000,0.000000); 9.91287
(2.000000,3.128000,0.000000); 9.94233
(2.000000,3.132000,0.000000); 9.9718
(2.000000,3.136000,0.000000); 10.0013
(2.000000,3.140000,0.000000); 10.0307
(2.000000,3.144000,0.000000); 10.0586
(2.000000,3.148000,0.000000); 10.0825
(2.000000,3.152000,0.000000); 10.1065
(2.000000,3.156000,0.000000); 10.1267
(2.000000,3.160000,0.000000); 10.1282
(2.000000,3.164000,0.000000); 10.1297
(2.000000,3.168000,0.000000); 10.1312
(2.000000,3.172000,0.000000); 10.1327
(2.000000,3.176000,0.000000); 10.1341
(2.000000,3.180000,0.000000); 10.1356
(2.000000,3.184000,0.000000); 10.1371
(2.000000,3.188000,0.000000); 10.1386
(2.000000,3.192000,0.000000); 10.1401
(2.000000,3.196000,0.000000); 10.1416
(2.000000,3.200000,0.000000); 10.1432
(2.000000,3.204000,0.000000); 10.1447
(2.000000,3.208000,0.000000); 10.1463
(2.000000,3.212000,0.000000); 10.1479
(2.000000,3.216000,0.000000); 10.1494
(2.000000,3.220000,0.000000); 10.151
(2.000000,3.224000,0.000000); 10.1526
(2.000000,3.228000,0.000000); 10.1541
(2.000000,3.232000,0.000000); 10.1557
(2.000000,3.236000,0.000000); 10.1573
(2.000000,3.240000,0.000000); 10.1588
(2.000000,3.244000,0.000000); 10.1604
(2.000000,3.248000,0.000000); 10.162
(2.000000,3.252000,0.000000); 10.1635
(2.000000,3.256000,0.000000); 10.1651
(2.000000,3.260000,0.000000); 10.1667
(2.000000,3.264000,0.000000); 10.1682
(2.000000,3.268000,0.000000); 10.1687
(2.000000,3.272000,0.000000); 10.1691
(2.000000,3.276000,0.000000); 10.1694
(2.000000,3.280000,0.000000); 10.1697
(2.000000,3.284000,0.000000); 10.17
(2.000000,3.288000,0.000000); 10.1704
(2.000000,3.292000,0.000000); 10.1707
(2.000000,3.296000,0.000000); 10.171
(2.000000,3.300000,0.000000); 10.1713
(2.000000,3.304000,0.000000); 10.1716
(2.000000,3.308000,0.000000); 10.172
(2.000000,3.312000,0.000000); 10.1723
(2.000000,3.316000,0.000000); 10.1726
(2.000000,3.320000,0.000000); 10.173
(2.000000,3.324000,0.000000); 10.1733
(2.000000,3.328000,0.000000); 10.1736
(2.000000,3.332000,0.000000); 10.174
(2.000000,3.336000,0.000000); 10.1743
(2.000000,3.340000,0.000000); 10.1747
(2.000000,3.344000,0.000000); 10.175
(2.000000,3.348000,0.000000); 10.1754
(2.000000,3.352000,0.000000); 10.1757
(2.000000,3.356000,0.000000); 10.1761
(2.000000,3.360000,0.000000); 10.1764
(2.000000,3.364000,0.000000); 10.1767
(2.000000,3.368000,0.000000); 10.1771
(2.000000,3.372000,0.000000); 10.1774
(2.000000,3.376000,0.000000); 10.1778
(2.000000,3.380000,0.000000); 10.1781
(2.000000,3.384000,0.000000); 10.1784
(2.000000,3.388000,0.000000); 10.1786
(2.000000,3.392000,0.000000); 10.1788
(2.000000,3.396000,0.000000); 10.1789
(2.000000,3.400000,0.000000); 10.1791
(2.000000,3.404000,0.000000); 10.1793
(2.000000,3.408000,0.000000); 10.1794
(2.000000,3.412000,0.000000); 10.1796
(2.000000,3.416000,0.000000); 10.1798
(2.000000,3.420000,0.000000); 10.1799
(2.000000,3.424000,0.000000); 10.1801
(2.000000,3.428000,0.000000); 10.1803
(2.000000,3.432000,0.000000); 10.1804
(2.000000,3.436000,0.000000); 10.1806
(2.000000,3.440000,0.000000); 10.1808
(2.000000,3.444000,0.000000); 10.1809
(2.000000,3.448000,0.000000); 10.1811
(2.000000,3.452000,0.000000); 10.1813
(2.000000,3.456000,0.000000); 10.1814
(2.000000,3.460000,0.000000); 10.1816
(2.000000,3.464000,0.000000); 10.1818
(2.000000,3.468000,0.000000); 10.1819
(2.000000,3.472000,0.000000); 10.1821
(2.000000,3.476000,0.000000); 10.1823
(2.000000,3.480000,0.000000); 10.1824
(2.000000,3.484000,0.000000); 10.1826
(2.000000,3.488000,0.000000); 10.1828
(2.000000,3.492000,0.000000); 10.1829
(2.000000,3.496000,0.000000); 10.1831
(2.000000,3.500000,0.000000); 10.1832
(2.000000,3.504000,0.000000); 10.1834
(2.000000,3.508000,0.000000); 10.1835
(2.000000,3.512000,0.000000); 10.1836
(2.000000,3.516000,0.000000); 10.1837
(2.000000,3.520000,0.000000); 10.1838
(2.000000,3.524000,0.000000); 10.1839
(2.000000,3.528000,0.000000); 10.1841
(2.000000,3.532000,0.000000); 10.1842
(2.000000,3.536000,0.000000); 10.1843
(2.000000,3.540000,0.000000); 10.1844
(2.000000,3.544000,0.000000); 10.1845
(2.000000,3.548000,0.000000); 10.1846
(2.000000,3.552000,0.000000); 10.1847
(2.000000,3.556000,0.000000); 10.1849
(2.000000,3.560000,0.000000); 10.185
(2.000000,3.564000,0.000000); 10.1851
(2.000000,3.568000,0.000000); 10.1852
(2.000000,3.572000,0.000000); 10.1853
(2.000000,3.576000,0.000000); 10.1854
(2.000000,3.580000,0.000000); 10.1855
(2.000000,3.584000,0.000000); 10.1857
(2.000000,3.588000,0.000000); 10.1858
(2.000000,3.592000,0.000000); 10.1859
(2.000000,3.596000,0.000000); 10.186
(2.000000,3.600000,0.000000); 10.1861
(2.000000,3.604000,0.000000); 10.1862
(2.000000,3.608000,0.000000); 10.1863
(2.000000,3.612000,0.000000); 10.1864
(2.000000,3.616000,0.000000); 10.1866
(2.000000,3.620000,0.000000); 10.1867
(2.000000,3.624000,0.000000); 10.1868
(2.000000,3.628000,0.000000); 10.1869
(2.000000,3.632000,0.000000); 10.187
(2.000000,3.636000,0.000000); 10.187
(2.000000,3.640000,0.000000); 10.1871
(2.000000,3.644000,0.000000); 10.1872
(2.000000,3.648000,0.000000); 10.1873
(2.000000,3.652000,0.000000); 10.1874
(2.000000,3.656000,0.000000); 10.1875
(2.000000,3.660000,0.000000); 10.1876
(2.000000,3.664000,0.000000); 10.1877
(2.000000,3.668000,0.000000); 10.1878
(2.000000,3.672000,0.000000); 10.1879
(2.000000,3.676000,0.000000); 10.188
(2.000000,3.680000,0.000000); 10.1881
(2.000000,3.684000,0.000000); 10.1881
(2.000000,3.688000,0.000000); 10.1882
(2.000000,3.692000,0.000000); 10.1883
(2.000000,3.696000,0.000000); 10.1884
(2.000000,3.700000,0.000000); 10.1885
(2.000000,3.704000,0.000000); 10.1886
(2.000000,3.708000,0.000000); 10.1887
(2.000000,3.712000,0.000000); 10.1888
(2.000000,3.716000,0.000000); 10.1889
(2.000000,3.720000,0.000000); 10.1889
(2.000000,3.724000,0.000000); 10.189
(2.000000,3.728000,0.000000); 10.1891
(2.000000,3.732000,0.000000); 10.1892
(2.000000,3.736000,0.000000); 10.1893
(2.000000,3.740000,0.000000); 10.1893
(2.000000,3.744000,0.000000); 10.1894
(2.000000,3.748000,0.000000); 10.1895
(2.000000,3.752000,0.000000); 10.1896
(2.000000,3.756000,0.000000); 10.1897
(2.000000,3.760000,0.000000); 10.1897
(2.000000,3.764000,0.000000); 10.1898
(2.000000,3.768000,0.000000); 10.1899
(2.000000,3.772000,0.000000); 10.19
(2.000000,3.776000,0.000000); 10.19
(2.000000,3.780000,0.000000); 10.1901
(2.000000,3.784000,0.000000); 10.1902
(2.000000,3.788000,0.000000); 10.1903
(2.000000,3.792000,0.000000); 10.1904
(2.000000,3.796000,0.000000); 10.1904
(2.000000,3.800000,0.000000); 10.1905
(2.000000,3.804000,0.000000); 10.1906
(2.000000,3.808000,0.000000); 10.1907
(2.000000,3.812000,0.000000); 10.1907
(2.000000,3.816000,0.000000); 10.1908
(2.000000,3.820000,0.000000); 10.1909
(2.000000,3.824000,0.000000); 10.1909
(2.000000,3.828000,0.000000); 10.191
(2.000000,3.832000,0.000000); 10.1911
(2.000000,3.836000,0.000000); 10.1912
(2.000000,3.840000,0.000000); 10.1912
(2.000000,3.844000,0.000000); 10.1913
(2.000000,3.848000,0.000000); 10.1914
(2.000000,3.852000,0.000000); 10.1914
(2.000000,3.856000,0.000000); 10.1915
(2.000000,3.860000,0.000000); 10.1916
(2.000000,3.864000,0.000000); 10.1916
(2.000000,3.868000,0.000000); 10.1917
(2.000000,3.872000,0.000000); 10.1918
(2.000000,3.876000,0.000000); 10.1918
(2.000000,3.880000,0.000000); 10.1919
(2.000000,3.884000,0.000000); 10.192
(2.000000,3.888000,0.000000); 10.192
(2.000000,3.892000,0.000000); 10.1921
(2.000000,3.896000,0.000000); 10.1922
(2.000000,3.900000,0.000000); 10.1922
(2.000000,3.904000,0.000000); 10.1923
(2.000000,3.908000,0.000000); 10.1924
(2.000000,3.912000,0.000000); 10.1924
(2.000000,3.916000,0.000000); 10.1925
(2.000000,3.920000,0.000000); 10.1925
(2.000000,3.924000,0.000000); 10.1926
(2.000000,3.928000,0.000000); 10.1926
(2.000000,3.932000,0.000000); 10.1927
(2.000000,3.936000,0.000000); 10.1928
(2.000000,3.940000,0.000000); 10.1928
(2.000000,3.944000,0.000000); 10.1929
(2.000000,3.948000,0.000000); 10.1929
(2.000000,3.952000,0.000000); 10.193
(2.000000,3.956000,0.000000); 10.193
(2.000000,3.960000,0.000000); 10.1931
(2.000000,3.964000,0.000000); 10.1932
(2.000000,3.968000,0.000000); 10.1932
(2.000000,3.972000,0.000000); 10.1933
(2.000000,3.976000,0.000000); 10.1933
(2.000000,3.980000,0.000000); 10.1934
(2.000000,3.984000,0.000000); 10.1934
(2.000000,3.988000,0.000000); 10.1935
(2.000000,3.992000,0.000000); 10.1936
(2.000000,3.996000,0.000000); 10.1936
(2.000000,4.000000,0.000000); 10.1937
--
