LOGFILE

(2.000000,0.000000,0.000000); 11.603
(2.000000,0.004000,0.000000); 11.599
(2.000000,0.008000,0.000000); 11.595
(2.000000,0.012000,0.000000); 11.591
(2.000000,0.016000,0.000000); 11.587
(2.000000,0.020000,0.000000); 11.583
(2.000000,0.024000,0.000000); 11.5791
(2.000000,0.028000,0.000000); 11.5751
(2.000000,0.032000,0.000000); 11.5711
(2.000000,0.036000,0.000000); 11.5671
(2.000000,0.040000,0.000000); 11.5631
(2.000000,0.044000,0.000000); 11.5591
(2.000000,0.048000,0.000000); 11.5551
(2.000000,0.052000,0.000000); 11.5511
(2.000000,0.056000,0.000000); 11.5471
(2.000000,0.060000,0.000000); 11.5431
(2.000000,0.064000,0.000000); 11.5391
(2.000000,0.068000,0.000000); 11.5351
(2.000000,0.072000,0.000000); 11.5311
(2.000000,0.076000,0.000000); 11.5271
(2.000000,0.080000,0.000000); 11.5231
(2.000000,0.084000,0.000000); 11.5191
(2.000000,0.088000,0.000000); 11.5151
(2.000000,0.092000,0.000000); 11.5111
(2.000000,0.096000,0.000000); 11.5071
(2.000000,0.100000,0.000000); 11.5031
(2.000000,0.104000,0.000000); 11.4991
(2.000000,0.108000,0.000000); 11.4951
(2.000000,0.112000,0.000000); 11.4911
(2.000000,0.116000,0.000000); 11.4871
(2.000000,0.120000,0.000000); 11.4831
(2.000000,0.124000,0.000000); 11.4791
(2.000000,0.128000,0.000000); 11.4751
(2.000000,0.132000,0.000000); 11.4711
(2.000000,0.136000,0.000000); 11.4671
(2.000000,0.140000,0.000000); 11.4631
(2.000000,0.144000,0.000000); 11.4591
(2.000000,0.148000,0.000000); 11.4551
(2.000000,0.152000,0.000000); 11.4511
(2.000000,0.156000,0.000000); 11.4471
(2.000000,0.160000,0.000000); 11.4431
(2.000000,0.164000,0.000000); 11.4391
(2.000000,0.168000,0.000000); 11.4351
(2.000000,0.172000,0.000000); 11.4311
(2.000000,0.176000,0.000000); 11.4271
(2.000000,0.180000,0.000000); 11.4231
(2.000000,0.184000,0.000000); 11.4191
(2.000000,0.188000,0.000000); 11.4151
(2.000000,0.192000,0.000000); 11.4111
(2.000000,0.196000,0.000000); 11.4071
(2.000000,0.200000,0.000000); 11.4031
(2.000000,0.204000,0.000000); 11.3991
(2.000000,0.208000,0.000000); 11.3951
(2.000000,0.212000,0.000000); 11.3911
(2.000000,0.216000,0.000000); 11.3871
(2.000000,0.220000,0.000000); 11.3831
(2.000000,0.224000,0.000000); 11.3791
(2.000000,0.228000,0.000000); 11.3751
(2.000000,0.232000,0.000000); 11.3712
(2.000000,0.236000,0.000000); 11.3672
(2.000000,0.240000,0.000000); 11.3632
(2.000000,0.244000,0.000000); 11.3592
(2.000000,0.248000,0.000000); 11.3552
(2.000000,0.252000,0.000000); 11.3512
(2.000000,0.256000,0.000000); 11.3472
(2.000000,0.260000,0.000000); 11.3432
(2.000000,0.264000,0.000000); 11.3392
(2.000000,0.268000,0.000000); 11.3352
(2.000000,0.272000,0.000000); 11.3312
(2.000000,0.276000,0.000000); 11.3272
(2.000000,0.280000,0.000000); 11.3232
(2.000000,0.284000,0.000000); 11.3192
(2.000000,0.288000,0.000000); 11.3152
(2.000000,0.292000,0.000000); 11.3112
(2.000000,0.296000,0.000000); 11.3072
(2.000000,0.300000,0.000000); 11.3032
(2.000000,0.304000,0.000000); 11.2992
(2.000000,0.308000,0.000000); 11.2952
(2.000000,0.312000,0.000000); 11.2912
(2.000000,0.316000,0.000000); 11.2872
(2.000000,0.320000,0.000000); 11.2832
(2.000000,0.324000,0.000000); 11.2792
(2.000000,0.328000,0.000000); 11.2752
(2.000000,0.332000,0.000000); 11.2712
(2.000000,0.336000,0.000000); 11.2672
(2.000000,0.340000,0.000000); 11.2632
(2.000000,0.344000,0.000000); 11.2592
(2.000000,0.348000,0.000000); 11.2552
(2.000000,0.352000,0.000000); 11.2512
(2.000000,0.356000,0.000000); 11.2472
(2.000000,0.360000,0.000000); 11.2432
(2.000000,0.364000,0.000000); 11.2392
(2.000000,0.368000,0.000000); 11.2352
(2.000000,0.372000,0.000000); 11.2312
(2.000000,0.376000,0.000000); 11.2272
(2.000000,0.380000,0.000000); 11.2232
(2.000000,0.384000,0.000000); 11.2192
(2.000000,0.388000,0.000000); 11.2152
(2.000000,0.392000,0.000000); 11.2112
(2.000000,0.396000,0.000000); 11.2072
(2.000000,0.400000,0.000000); 11.2032
(2.000000,0.404000,0.000000); 11.1992
(2.000000,0.408000,0.000000); 11.1952
(2.000000,0.412000,0.000000); 11.1912
(2.000000,0.416000,0.000000); 11.1872
(2.000000,0.420000,0.000000); 11.1832
(2.000000,0.424000,0.000000); 11.1792
(2.000000,0.428000,0.000000); 11.1752
(2.000000,0.432000,0.000000); 11.1712
(2.000000,0.436000,0.000000); 11.1673
(2.000000,0.440000,0.000000); 11.1633
(2.000000,0.444000,0.000000); 11.1593
(2.000000,0.448000,0.000000); 11.1553
(2.000000,0.452000,0.000000); 11.1513
(2.000000,0.456000,0.000000); 11.1473
(2.000000,0.460000,0.000000); 11.1433
(2.000000,0.464000,0.000000); 11.1393
(2.000000,0.468000,0.000000); 11.1353
(2.000000,0.472000,0.000000); 11.1313
(2.000000,0.476000,0.000000); 11.1273
(2.000000,0.480000,0.000000); 11.1233
(2.000000,0.484000,0.000000); 11.1193
(2.000000,0.488000,0.000000); 11.1153
(2.000000,0.492000,0.000000); 11.1113
(2.000000,0.496000,0.000000); 11.1073
(2.000000,0.500000,0.000000); 11.1033
(2.000000,0.504000,0.000000); 11.0993
(2.000000,0.508000,0.000000); 11.0953
(2.000000,0.512000,0.000000); 11.0913
(2.000000,0.516000,0.000000); 11.0873
(2.000000,0.520000,0.000000); 11.0833
(2.000000,0.524000,0.000000); 11.0793
(2.000000,0.528000,0.000000); 11.0753
(2.000000,0.532000,0.000000); 11.0713
(2.000000,0.536000,0.000000); 11.0673
(2.000000,0.540000,0.000000); 11.0633
(2.000000,0.544000,0.000000); 11.0593
(2.000000,0.548000,0.000000); 11.0553
(2.000000,0.552000,0.000000); 11.0513
(2.000000,0.556000,0.000000); 11.0473
(2.000000,0.560000,0.000000); 11.0433
(2.000000,0.564000,0.000000); 11.0393
(2.000000,0.568000,0.000000); 11.0353
(2.000000,0.572000,0.000000); 11.0313
(2.000000,0.576000,0.000000); 11.0273
(2.000000,0.580000,0.000000); 11.0233
(2.000000,0.584000,0.000000); 11.0193
(2.000000,0.588000,0.000000); 11.0153
(2.000000,0.592000,0.000000); 11.0113
(2.000000,0.596000,0.000000); 11.0073
(2.000000,0.600000,0.000000); 11.0033
(2.000000,0.604000,0.000000); 10.9993
(2.000000,0.608000,0.000000); 10.9953
(2.000000,0.612000,0.000000); 10.9913
(2.000000,0.616000,0.000000); 10.9873
(2.000000,0.620000,0.000000); 10.9833
(2.000000,0.624000,0.000000); 10.9793
(2.000000,0.628000,0.000000); 10.9753
(2.000000,0.632000,0.000000); 10.9713
(2.000000,0.636000,0.000000); 10.9673
(2.000000,0.640000,0.000000); 10.9633
(2.000000,0.644000,0.000000); 10.9594
(2.000000,0.648000,0.000000); 10.9554
(2.000000,0.652000,0.000000); 10.9514
(2.000000,0.656000,0.000000); 10.9474
(2.000000,0.660000,0.000000); 10.9434
(2.000000,0.664000,0.000000); 10.9394
(2.000000,0.668000,0.000000); 10.9354
(2.000000,0.672000,0.000000); 10.9314
(2.000000,0.676000,0.000000); 10.9274
(2.000000,0.680000,0.000000); 10.9234
(2.000000,0.684000,0.000000); 10.9194
(2.000000,0.688000,0.000000); 10.9154
(2.000000,0.692000,0.000000); 10.9114
(2.000000,0.696000,0.000000); 10.9074
(2.000000,0.700000,0.000000); 10.9034
(2.000000,0.704000,0.000000); 10.8994
(2.000000,0.708000,0.000000); 10.8954
(2.000000,0.712000,0.000000); 10.8914
(2.000000,0.716000,0.000000); 10.8874
(2.000000,0.720000,0.000000); 10.8834
(2.000000,0.724000,0.000000); 10.8794
(2.000000,0.728000,0.000000); 10.8754
(2.000000,0.732000,0.000000); 10.8714
(2.000000,0.736000,0.000000); 10.8674
(2.000000,0.740000,0.000000); 10.8634
(2.000000,0.744000,0.000000); 10.8594
(2.000000,0.748000,0.000000); 10.8554
(2.000000,0.752000,0.000000); 10.8514
(2.000000,0.756000,0.000000); 10.8474
(2.000000,0.760000,0.000000); 10.8434
(2.000000,0.764000,0.000000); 10.8394
(2.000000,0.768000,0.000000); 10.8354
(2.000000,0.772000,0.000000); 10.8314
(2.000000,0.776000,0.000000); 10.8274
(2.000000,0.780000,0.000000); 10.8234
(2.000000,0.784000,0.000000); 10.8194
(2.000000,0.788000,0.000000); 10.8154
(2.000000,0.792000,0.000000); 10.8114
(2.000000,0.796000,0.000000); 10.8074
(2.000000,0.800000,0.000000); 10.8034
(2.000000,0.804000,0.000000); 10.7994
(2.000000,0.808000,0.000000); 10.7954
(2.000000,0.812000,0.000000); 10.7914
(2.000000,0.816000,0.000000); 10.7874
(2.000000,0.820000,0.000000); 10.7834
(2.000000,0.824000,0.000000); 10.7794
(2.000000,0.828000,0.000000); 10.7754
(2.000000,0.832000,0.000000); 10.7714
(2.000000,0.836000,0.000000); 10.7674
(2.000000,0.840000,0.000000); 10.7634
(2.000000,0.844000,0.000000); 10.7594
(2.000000,0.848000,0.000000); 10.7554
(2.000000,0.852000,0.000000); 10.7515
(2.000000,0.856000,0.000000); 10.7475
(2.000000,0.860000,0.000000); 10.7435
(2.000000,0.864000,0.000000); 10.7395
(2.000000,0.868000,0.000000); 10.7355
(2.000000,0.872000,0.000000); 10.7315
(2.000000,0.876000,0.000000); 10.7275
(2.000000,0.880000,0.000000); 10.7235
(2.000000,0.884000,0.000000); 10.7195
(2.000000,0.888000,0.000000); 10.7155
(2.000000,0.892000,0.000000); 10.7115
(2.000000,0.896000,0.000000); 10.7075
(2.000000,0.900000,0.000000); 10.7035
(2.000000,0.904000,0.000000); 10.6995
(2.000000,0.908000,0.000000); 10.6955
(2.000000,0.912000,0.000000); 10.6915
(2.000000,0.916000,0.000000); 10.6875
(2.000000,0.920000,0.000000); 10.6835
(2.000000,0.924000,0.000000); 10.6795
(2.000000,0.928000,0.000000); 10.6755
(2.000000,0.932000,0.000000); 10.6715
(2.000000,0.936000,0.000000); 10.6675
(2.000000,0.940000,0.000000); 10.6635
(2.000000,0.944000,0.000000); 10.6595
(2.000000,0.948000,0.000000); 10.6555
(2.000000,0.952000,0.000000); 10.6515
(2.000000,0.956000,0.000000); 10.6475
(2.000000,0.960000,0.000000); 10.6435
(2.000000,0.964000,0.000000); 10.6395
(2.000000,0.968000,0.000000); 10.6355
(2.000000,0.972000,0.000000); 10.6315
(2.000000,0.976000,0.000000); 10.6275
(2.000000,0.980000,0.000000); 10.6235
(2.000000,0.984000,0.000000); 10.6195
(2.000000,0.988000,0.000000); 10.6155
(2.000000,0.992000,0.000000); 10.6115
(2.000000,0.996000,0.000000); 10.6075
(2.000000,1.000000,0.000000); 10.6035
(2.000000,1.004000,0.000000); 10.5995
(2.000000,1.008000,0.000000); 10.5955
(2.000000,1.012000,0.000000); 10.5915
(2.000000,1.016000,0.000000); 10.5875
(2.000000,1.020000,0.000000); 10.5835
(2.000000,1.024000,0.000000); 10.5795
(2.000000,1.028000,0.000000); 10.5755
(2.000000,1.032000,0.000000); 10.5715
(2.000000,1.036000,0.000000); 10.5675
(2.000000,1.040000,0.000000); 10.5635
(2.000000,1.044000,0.000000); 10.5595
(2.000000,1.048000,0.000000); 10.5555
(2.000000,1.052000,0.000000); 10.5515
(2.000000,1.056000,0.000000); 10.5475
(2.000000,1.060000,0.000000); 10.5436
(2.000000,1.064000,0.000000); 10.5396
(2.000000,1.068000,0.000000); 10.5356
(2.000000,1.072000,0.000000); 10.5316
(2.000000,1.076000,0.000000); 10.5276
(2.000000,1.080000,0.000000); 10.5236
(2.000000,1.084000,0.000000); 10.5196
(2.000000,1.088000,0.000000); 10.5156
(2.000000,1.092000,0.000000); 10.5116
(2.000000,1.096000,0.000000); 10.5076
(2.000000,1.100000,0.000000); 10.5036
(2.000000,1.104000,0.000000); 10.4996
(2.000000,1.108000,0.000000); 10.4956
(2.000000,1.112000,0.000000); 10.4916
(2.000000,1.116000,0.000000); 10.4876
(2.000000,1.120000,0.000000); 10.4836
(2.000000,1.124000,0.000000); 10.4796
(2.000000,1.128000,0.000000); 10.4756
(2.000000,1.132000,0.000000); 10.4716
(2.000000,1.136000,0.000000); 10.4676
(2.000000,1.140000,0.000000); 10.4636
(2.000000,1.144000,0.000000); 10.4596
(2.000000,1.148000,0.000000); 10.4556
(2.000000,1.152000,0.000000); 10.4516
(2.000000,1.156000,0.000000); 10.4476
(2.000000,1.160000,0.000000); 10.4436
(2.000000,1.164000,0.000000); 10.4396
(2.000000,1.168000,0.000000); 10.4356
(2.000000,1.172000,0.000000); 10.4316
(2.000000,1.176000,0.000000); 10.4276
(2.000000,1.180000,0.000000); 10.4236
(2.000000,1.184000,0.000000); 10.4196
(2.000000,1.188000,0.000000); 10.4156
(2.000000,1.192000,0.000000); 10.4116
(2.000000,1.196000,0.000000); 10.4076
(2.000000,1.200000,0.000000); 10.4036
(2.000000,1.204000,0.000000); 10.3996
(2.000000,1.208000,0.000000); 10.3956
(2.000000,1.212000,0.000000); 10.3916
(2.000000,1.216000,0.000000); 10.3876
(2.000000,1.220000,0.000000); 10.3836
(2.000000,1.224000,0.000000); 10.3796
(2.000000,1.228000,0.000000); 10.3756
(2.000000,1.232000,0.000000); 10.3716
(2.000000,1.236000,0.000000); 10.3676
(2.000000,1.240000,0.000000); 10.3636
(2.000000,1.244000,0.000000); 10.3596
(2.000000,1.248000,0.000000); 10.3556
(2.000000,1.252000,0.000000); 10.3516
(2.000000,1.256000,0.000000); 10.3476
(2.000000,1.260000,0.000000); 10.3436
(2.000000,1.264000,0.000000); 10.3397
(2.000000,1.268000,0.000000); 10.3357
(2.000000,1.272000,0.000000); 10.3317
(2.000000,1.276000,0.000000); 10.3277
(2.000000,1.280000,0.000000); 10.3237
(2.000000,1.284000,0.000000); 10.3197
(2.000000,1.288000,0.000000); 10.3157
(2.000000,1.292000,0.000000); 10.3117
(2.000000,1.296000,0.000000); 10.3077
(2.000000,1.300000,0.000000); 10.3037
(2.000000,1.304000,0.000000); 10.2997
(2.000000,1.308000,0.000000); 10.2957
(2.000000,1.312000,0.000000); 10.2917
(2.000000,1.316000,0.000000); 10.2877
(2.000000,1.320000,0.000000); 10.2837
(2.000000,1.324000,0.000000); 10.2797
(2.000000,1.328000,0.000000); 10.2757
(2.000000,1.332000,0.000000); 10.2717
(2.000000,1.336000,0.000000); 10.2677
(2.000000,1.340000,0.000000); 10.2637
(2.000000,1.344000,0.000000); 10.2597
(2.000000,1.348000,0.000000); 10.2557
(2.000000,1.352000,0.000000); 10.2517
(2.000000,1.356000,0.000000); 10.2477
(2.000000,1.360000,0.000000); 10.2437
(2.000000,1.364000,0.000000); 10.2397
(2.000000,1.368000,0.000000); 10.2357
(2.000000,1.372000,0.000000); 10.2317
(2.000000,1.376000,0.000000); 10.2277
(2.000000,1.380000,0.000000); 10.2237
(2.000000,1.384000,0.000000); 10.2197
(2.000000,1.388000,0.000000); 10.2157
(2.000000,1.392000,0.000000); 10.2117
(2.000000,1.396000,0.000000); 10.2077
(2.000000,1.400000,0.000000); 10.2037
(2.000000,1.404000,0.000000); 10.1997
(2.000000,1.408000,0.000000); 10.1957
(2.000000,1.412000,0.000000); 10.1917
(2.000000,1.416000,0.000000); 10.1877
(2.000000,1.420000,0.000000); 10.1837
(2.000000,1.424000,0.000000); 10.1797
(2.000000,1.428000,0.000000); 10.1757
(2.000000,1.432000,0.000000); 10.1717
(2.000000,1.436000,0.000000); 10.1677
(2.000000,1.440000,0.000000); 10.1637
(2.000000,1.444000,0.000000); 10.1597
(2.000000,1.448000,0.000000); 10.1557
(2.000000,1.452000,0.000000); 10.1517
(2.000000,1.456000,0.000000); 10.1477
(2.000000,1.460000,0.000000); 10.1437
(2.000000,1.464000,0.000000); 10.1397
(2.000000,1.468000,0.000000); 10.1358
(2.000000,1.472000,0.000000); 10.1318
(2.000000,1.476000,0.000000); 10.1278
(2.000000,1.480000,0.000000); 10.1238
(2.000000,1.484000,0.000000); 10.1198
(2.000000,1.488000,0.000000); 10.1158
(2.000000,1.492000,0.000000); 10.1118
(2.000000,1.496000,0.000000); 10.1078
(2.000000,1.500000,0.000000); 10.1038
(2.000000,1.504000,0.000000); 10.0998
(2.000000,1.508000,0.000000); 10.0958
(2.000000,1.512000,0.000000); 10.0918
(2.000000,1.516000,0.000000); 10.0878
(2.000000,1.520000,0.000000); 10.0838
(2.000000,1.524000,0.000000); 10.0798
(2.000000,1.528000,0.000000); 10.0758
(2.000000,1.532000,0.000000); 10.0718
(2.000000,1.536000,0.000000); 10.0678
(2.000000,1.540000,0.000000); 10.0638
(2.000000,1.544000,0.000000); 10.0598
(2.000000,1.548000,0.000000); 10.0558
(2.000000,1.552000,0.000000); 10.0518
(2.000000,1.556000,0.000000); 10.0478
(2.000000,1.560000,0.000000); 10.0438
(2.000000,1.564000,0.000000); 10.0398
(2.000000,1.568000,0.000000); 10.0358
(2.000000,1.572000,0.000000); 10.0318
(2.000000,1.576000,0.000000); 10.0278
(2.000000,1.580000,0.000000); 10.0238
(2.000000,1.584000,0.000000); 10.0198
(2.000000,1.588000,0.000000); 10.0158
(2.000000,1.592000,0.000000); 10.0118
(2.000000,1.596000,0.000000); 10.0078
(2.000000,1.600000,0.000000); 10.0038
(2.000000,1.604000,0.000000); 9.99981
(2.000000,1.608000,0.000000); 9.99582
(2.000000,1.612000,0.000000); 9.99182
(2.000000,1.616000,0.000000); 9.98782
(2.000000,1.620000,0.000000); 9.98382
(2.000000,1.624000,0.000000); 9.97982
(2.000000,1.628000,0.000000); 9.97583
(2.000000,1.632000,0.000000); 9.97183
(2.000000,1.636000,0.000000); 9.96783
(2.000000,1.640000,0.000000); 9.96383
(2.000000,1.644000,0.000000); 9.95984
(2.000000,1.648000,0.000000); 9.95584
(2.000000,1.652000,0.000000); 9.95184
(2.000000,1.656000,0.000000); 9.94784
(2.000000,1.660000,0.000000); 9.94385
(2.000000,1.664000,0.000000); 9.93985
(2.000000,1.668000,0.000000); 9.93585
(2.000000,1.672000,0.000000); 9.93185
(2.000000,1.676000,0.000000); 9.92785
(2.000000,1.680000,0.000000); 9.92386
(2.000000,1.684000,0.000000); 9.91986
(2.000000,1.688000,0.000000); 9.91586
(2.000000,1.692000,0.000000); 9.91186
(2.000000,1.696000,0.000000); 9.90786
(2.000000,1.700000,0.000000); 9.90387
(2.000000,1.704000,0.000000); 9.89987
(2.000000,1.708000,0.000000); 9.89587
(2.000000,1.712000,0.000000); 9.89187
(2.000000,1.716000,0.000000); 9.88787
(2.000000,1.720000,0.000000); 9.88388
(2.000000,1.724000,0.000000); 9.87988
(2.000000,1.728000,0.000000); 9.87588
(2.000000,1.732000,0.000000); 9.87188
(2.000000,1.736000,0.000000); 9.86788
(2.000000,1.740000,0.000000); 9.86388
(2.000000,1.744000,0.000000); 9.85988
(2.000000,1.748000,0.000000); 9.85588
(2.000000,1.752000,0.000000); 9.85188
(2.000000,1.756000,0.000000); 9.84788
(2.000000,1.760000,0.000000); 9.84388
(2.000000,1.764000,0.000000); 9.83989
(2.000000,1.768000,0.000000); 9.83589
(2.000000,1.772000,0.000000); 9.83189
(2.000000,1.776000,0.000000); 9.8279
(2.000000,1.780000,0.000000); 9.8239
(2.000000,1.784000,0.000000); 9.8199
(2.000000,1.788000,0.000000); 9.81591
(2.000000,1.792000,0.000000); 9.81191
(2.000000,1.796000,0.000000); 9.80791
(2.000000,1.800000,0.000000); 9.80391
(2.000000,1.804000,0.000000); 9.79992
(2.000000,1.808000,0.000000); 9.79592
(2.000000,1.812000,0.000000); 9.79193
(2.000000,1.816000,0.000000); 9.78793
(2.000000,1.820000,0.000000); 9.78393
(2.000000,1.824000,0.000000); 9.77994
(2.000000,1.828000,0.000000); 9.77594
(2.000000,1.832000,0.000000); 9.77195
(2.000000,1.836000,0.000000); 9.76795
(2.000000,1.840000,0.000000); 9.76395
(2.000000,1.844000,0.000000); 9.75995
(2.000000,1.848000,0.000000); 9.75594
(2.000000,1.852000,0.000000); 9.75194
(2.000000,1.856000,0.000000); 9.74794
(2.000000,1.860000,0.000000); 9.74393
(2.000000,1.864000,0.000000); 9.73993
(2.000000,1.868000,0.000000); 9.73592
(2.000000,1.872000,0.000000); 9.73192
(2.000000,1.876000,0.000000); 9.72792
(2.000000,1.880000,0.000000); 9.72391
(2.000000,1.884000,0.000000); 9.71991
(2.000000,1.888000,0.000000); 9.7159
(2.000000,1.892000,0.000000); 9.71191
(2.000000,1.896000,0.000000); 9.70792
(2.000000,1.900000,0.000000); 9.70393
(2.000000,1.904000,0.000000); 9.69993
(2.000000,1.908000,0.000000); 9.69594
(2.000000,1.912000,0.000000); 9.69195
(2.000000,1.916000,0.000000); 9.68796
(2.000000,1.920000,0.000000); 9.68397
(2.000000,1.924000,0.000000); 9.67998
(2.000000,1.928000,0.000000); 9.676
(2.000000,1.932000,0.000000); 9.67202
(2.000000,1.936000,0.000000); 9.66804
(2.000000,1.940000,0.000000); 9.66406
(2.000000,1.944000,0.000000); 9.66008
(2.000000,1.948000,0.000000); 9.6561
(2.000000,1.952000,0.000000); 9.65212
(2.000000,1.956000,0.000000); 9.64815
(2.000000,1.960000,0.000000); 9.64417
(2.000000,1.964000,0.000000); 9.64019
(2.000000,1.968000,0.000000); 9.63621
(2.000000,1.972000,0.000000); 9.63223
(2.000000,1.976000,0.000000); 9.62822
(2.000000,1.980000,0.000000); 9.62416
(2.000000,1.984000,0.000000); 9.6201
(2.000000,1.988000,0.000000); 9.61604
(2.000000,1.992000,0.000000); 9.61198
(2.000000,1.996000,0.000000); 9.60792
(2.000000,2.000000,0.000000); 9.60386
(2.000000,2.004000,0.000000); 9.5998
(2.000000,2.008000,0.000000); 9.59574
(2.000000,2.012000,0.000000); 9.59168
(2.000000,2.016000,0.000000); 9.58762
(2.000000,2.020000,0.000000); 9.58357
(2.000000,2.024000,0.000000); 9.57951
(2.000000,2.028000,0.000000); 9.57545
(2.000000,2.032000,0.000000); 9.57139
(2.000000,2.036000,0.000000); 9.56733
(2.000000,2.040000,0.000000); 9.56327
(2.000000,2.044000,0.000000); 9.55921
(2.000000,2.048000,0.000000); 9.55515
(2.000000,2.052000,0.000000); 9.55107
(2.000000,2.056000,0.000000); 9.547
(2.000000,2.060000,0.000000); 9.54328
(2.000000,2.064000,0.000000); 9.53953
(2.000000,2.068000,0.000000); 9.53577
(2.000000,2.072000,0.000000); 9.53201
(2.000000,2.076000,0.000000); 9.52825
(2.000000,2.080000,0.000000); 9.52449
(2.000000,2.084000,0.000000); 9.52073
(2.000000,2.088000,0.000000); 9.51697
(2.000000,2.092000,0.000000); 9.51321
(2.000000,2.096000,0.000000); 9.50945
(2.000000,2.100000,0.000000); 9.50569
(2.000000,2.104000,0.000000); 9.50193
(2.000000,2.108000,0.000000); 9.49817
(2.000000,2.112000,0.000000); 9.49441
(2.000000,2.116000,0.000000); 9.49065
(2.000000,2.120000,0.000000); 9.48689
(2.000000,2.124000,0.000000); 9.4828
(2.000000,2.128000,0.000000); 9.4778
(2.000000,2.132000,0.000000); 9.47281
(2.000000,2.136000,0.000000); 9.46782
(2.000000,2.140000,0.000000); 9.46283
(2.000000,2.144000,0.000000); 9.45784
(2.000000,2.148000,0.000000); 9.45284
(2.000000,2.152000,0.000000); 9.44785
(2.000000,2.156000,0.000000); 9.44286
(2.000000,2.160000,0.000000); 9.43787
(2.000000,2.164000,0.000000); 9.43287
(2.000000,2.168000,0.000000); 9.42835
(2.000000,2.172000,0.000000); 9.42401
(2.000000,2.176000,0.000000); 9.41968
(2.000000,2.180000,0.000000); 9.41534
(2.000000,2.184000,0.000000); 9.41101
(2.000000,2.188000,0.000000); 9.40667
(2.000000,2.192000,0.000000); 9.404
(2.000000,2.196000,0.000000); 9.40228
(2.000000,2.200000,0.000000); 9.40056
(2.000000,2.204000,0.000000); 9.39884
(2.000000,2.208000,0.000000); 9.39711
(2.000000,2.212000,0.000000); 9.39539
(2.000000,2.216000,0.000000); 9.39367
(2.000000,2.220000,0.000000); 9.39195
(2.000000,2.224000,0.000000); 9.39023
(2.000000,2.228000,0.000000); 9.3885
(2.000000,2.232000,0.000000); 9.38678
(2.000000,2.236000,0.000000); 9.38589
(2.000000,2.240000,0.000000); 9.38504
(2.000000,2.244000,0.000000); 9.38419
(2.000000,2.248000,0.000000); 9.38334
(2.000000,2.252000,0.000000); 9.38248
(2.000000,2.256000,0.000000); 9.38154
(2.000000,2.260000,0.000000); 9.3702
(2.000000,2.264000,0.000000); 9.35885
(2.000000,2.268000,0.000000); 9.34751
(2.000000,2.272000,0.000000); 9.33863
(2.000000,2.276000,0.000000); 9.33206
(2.000000,2.280000,0.000000); 9.3255
(2.000000,2.284000,0.000000); 9.31893
(2.000000,2.288000,0.000000); 9.31237
(2.000000,2.292000,0.000000); 9.3058
(2.000000,2.296000,0.000000); 9.29924
(2.000000,2.300000,0.000000); 9.29267
(2.000000,2.304000,0.000000); 9.2861
(2.000000,2.308000,0.000000); 9.27954
(2.000000,2.312000,0.000000); 9.27297
(2.000000,2.316000,0.000000); 9.26641
(2.000000,2.320000,0.000000); 9.25984
(2.000000,2.324000,0.000000); 9.25328
(2.000000,2.328000,0.000000); 9.24671
(2.000000,2.332000,0.000000); 9.24015
(2.000000,2.336000,0.000000); 9.23358
(2.000000,2.340000,0.000000); 9.22702
(2.000000,2.344000,0.000000); 9.22045
(2.000000,2.348000,0.000000); 9.21389
(2.000000,2.352000,0.000000); 9.21207
(2.000000,2.356000,0.000000); 9.25415
(2.000000,2.360000,0.000000); 9.29623
(2.000000,2.364000,0.000000); 9.33831
(2.000000,2.368000,0.000000); 9.38039
(2.000000,2.372000,0.000000); 9.42247
(2.000000,2.376000,0.000000); 9.46455
(2.000000,2.380000,0.000000); 9.50574
(2.000000,2.384000,0.000000); 9.54613
(2.000000,2.388000,0.000000); 9.58652
(2.000000,2.392000,0.000000); 9.62692
(2.000000,2.396000,0.000000); 9.66731
(2.000000,2.400000,0.000000); 9.70771
(2.000000,2.404000,0.000000); 9.7481
(2.000000,2.408000,0.000000); 9.7885
(2.000000,2.412000,0.000000); 9.82889
(2.000000,2.416000,0.000000); 9.86929
(2.000000,2.420000,0.000000); 9.90968
(2.000000,2.424000,0.000000); 9.95007
(2.000000,2.428000,0.000000); 9.99047
(2.000000,2.432000,0.000000); 10.0309
(2.000000,2.436000,0.000000); 10.0713
(2.000000,2.440000,0.000000); 10.1117
(2.000000,2.444000,0.000000); 10.152
(2.000000,2.448000,0.000000); 10.1622
(2.000000,2.452000,0.000000); 10.1629
(2.000000,2.456000,0.000000); 10.1636
(2.000000,2.460000,0.000000); 10.1643
(2.000000,2.464000,0.000000); 10.165
(2.000000,2.468000,0.000000); 10.1657
(2.000000,2.472000,0.000000); 10.1663
(2.000000,2.476000,0.000000); 10.167
(2.000000,2.480000,0.000000); 10.1677
(2.000000,2.484000,0.000000); 10.1684
(2.000000,2.488000,0.000000); 10.1691
(2.000000,2.492000,0.000000); 10.1698
(2.000000,2.496000,0.000000); 10.1705
(2.000000,2.500000,0.000000); 10.1712
(2.000000,2.504000,0.000000); 10.1719
(2.000000,2.508000,0.000000); 10.1725
(2.000000,2.512000,0.000000); 10.1731
(2.000000,2.516000,0.000000); 10.1737
(2.000000,2.520000,0.000000); 10.1743
(2.000000,2.524000,0.000000); 10.1749
(2.000000,2.528000,0.000000); 10.1755
(2.000000,2.532000,0.000000); 10.1762
(2.000000,2.536000,0.000000); 10.1768
(2.000000,2.540000,0.000000); 10.1771
(2.000000,2.544000,0.000000); 10.1772
(2.000000,2.548000,0.000000); 10.1774
(2.000000,2.552000,0.000000); 10.1776
(2.000000,2.556000,0.000000); 10.1777
(2.000000,2.560000,0.000000); 10.1779
(2.000000,2.564000,0.000000); 10.178
(2.000000,2.568000,0.000000); 10.1782
(2.000000,2.572000,0.000000); 10.1784
(2.000000,2.576000,0.000000); 10.1785
(2.000000,2.580000,0.000000); 10.1787
(2.000000,2.584000,0.000000); 10.1788
(2.000000,2.588000,0.000000); 10.179
(2.000000,2.592000,0.000000); 10.1791
(2.000000,2.596000,0.000000); 10.1793
(2.000000,2.600000,0.000000); 10.1795
(2.000000,2.604000,0.000000); 10.1796
(2.000000,2.608000,0.000000); 10.1798
(2.000000,2.612000,0.000000); 10.1799
(2.000000,2.616000,0.000000); 10.1801
(2.000000,2.620000,0.000000); 10.1803
(2.000000,2.624000,0.000000); 10.1804
(2.000000,2.628000,0.000000); 10.1806
(2.000000,2.632000,0.000000); 10.1807
(2.000000,2.636000,0.000000); 10.1807
(2.000000,2.640000,0.000000); 10.1808
(2.000000,2.644000,0.000000); 10.1809
(2.000000,2.648000,0.000000); 10.181
(2.000000,2.652000,0.000000); 10.181
(2.000000,2.656000,0.000000); 10.1811
(2.000000,2.660000,0.000000); 10.1812
(2.000000,2.664000,0.000000); 10.1812
(2.000000,2.668000,0.000000); 10.1813
(2.000000,2.672000,0.000000); 10.1814
(2.000000,2.676000,0.000000); 10.1814
(2.000000,2.680000,0.000000); 10.1815
(2.000000,2.684000,0.000000); 10.1816
(2.000000,2.688000,0.000000); 10.1816
(2.000000,2.692000,0.000000); 10.1817
(2.000000,2.696000,0.000000); 10.1818
(2.000000,2.700000,0.000000); 10.1818
(2.000000,2.704000,0.000000); 10.1819
(2.000000,2.708000,0.000000); 10.182
(2.000000,2.712000,0.000000); 10.1821
(2.000000,2.716000,0.000000); 10.1821
(2.000000,2.720000,0.000000); 10.1822
(2.000000,2.724000,0.000000); 10.1823
(2.000000,2.728000,0.000000); 10.1823
(2.000000,2.732000,0.000000); 10.1824
(2.000000,2.736000,0.000000); 10.1825
(2.000000,2.740000,0.000000); 10.1825
(2.000000,2.744000,0.000000); 10.1826
(2.000000,2.748000,0.000000); 10.1827
(2.000000,2.752000,0.000000); 10.1827
(2.000000,2.756000,0.000000); 10.1828
(2.000000,2.760000,0.000000); 10.1829
(2.000000,2.764000,0.000000); 10.1829
(2.000000,2.768000,0.000000); 10.183
(2.000000,2.772000,0.000000); 10.183
(2.000000,2.776000,0.000000); 10.1831
(2.000000,2.780000,0.000000); 10.1831
(2.000000,2.784000,0.000000); 10.1831
(2.000000,2.788000,0.000000); 10.1832
(2.000000,2.792000,0.000000); 10.1832
(2.000000,2.796000,0.000000); 10.1833
(2.000000,2.800000,0.000000); 10.1833
(2.000000,2.804000,0.000000); 10.1834
(2.000000,2.808000,0.000000); 10.1834
(2.000000,2.812000,0.000000); 10.1835
(2.000000,2.816000,0.000000); 10.1835
(2.000000,2.820000,0.000000); 10.1835
(2.000000,2.824000,0.000000); 10.1836
(2.000000,2.828000,0.000000); 10.1836
(2.000000,2.832000,0.000000); 10.1837
(2.000000,2.836000,0.000000); 10.1837
(2.000000,2.840000,0.000000); 10.1838
(2.000000,2.844000,0.000000); 10.1838
(2.000000,2.848000,0.000000); 10.1839
(2.000000,2.852000,0.000000); 10.1839
(2.000000,2.856000,0.000000); 10.1839
(2.000000,2.860000,0.000000); 10.184
(2.000000,2.864000,0.000000); 10.184
(2.000000,2.868000,0.000000); 10.1841
(2.000000,2.872000,0.000000); 10.1841
(2.000000,2.876000,0.000000); 10.1842
(2.000000,2.880000,0.000000); 10.1842
(2.000000,2.884000,0.000000); 10.1842
(2.000000,2.888000,0.000000); 10.1843
(2.000000,2.892000,0.000000); 10.1843
(2.000000,2.896000,0.000000); 10.1844
(2.000000,2.900000,0.000000); 10.1844
(2.000000,2.904000,0.000000); 10.1844
(2.000000,2.908000,0.000000); 10.1845
(2.000000,2.912000,0.000000); 10.1845
(2.000000,2.916000,0.000000); 10.1846
(2.000000,2.920000,0.000000); 10.1846
(2.000000,2.924000,0.000000); 10.1846
(2.000000,2.928000,0.000000); 10.1847
(2.000000,2.932000,0.000000); 10.1847
(2.000000,2.936000,0.000000); 10.1847
(2.000000,2.940000,0.000000); 10.1848
(2.000000,2.944000,0.000000); 10.1848
(2.000000,2.948000,0.000000); 10.1849
(2.000000,2.952000,0.000000); 10.1849
(2.000000,2.956000,0.000000); 10.1849
(2.000000,2.960000,0.000000); 10.185
(2.000000,2.964000,0.000000); 10.185
(2.000000,2.968000,0.000000); 10.185
(2.000000,2.972000,0.000000); 10.1851
(2.000000,2.976000,0.000000); 10.1851
(2.000000,2.980000,0.000000); 10.1851
(2.000000,2.984000,0.000000); 10.1852
(2.000000,2.988000,0.000000); 10.1852
(2.000000,2.992000,0.000000); 10.1853
(2.000000,2.996000,0.000000); 10.1853
(2.000000,3.000000,0.000000); 10.1853
(2.000000,3.004000,0.000000); 10.1854
(2.000000,3.008000,0.000000); 10.1854
(2.000000,3.012000,0.000000); 10.1854
(2.000000,3.016000,0.000000); 10.1855
(2.000000,3.020000,0.000000); 10.1855
(2.000000,3.024000,0.000000); 10.1856
(2.000000,3.028000,0.000000); 10.1856
(2.000000,3.032000,0.000000); 10.1856
(2.000000,3.036000,0.000000); 10.1857
(2.000000,3.040000,0.000000); 10.1857
(2.000000,3.044000,0.000000); 10.1857
(2.000000,3.048000,0.000000); 10.1858
(2.000000,3.052000,0.000000); 10.1858
(2.000000,3.056000,0.000000); 10.1858
(2.000000,3.060000,0.000000); 10.1859
(2.000000,3.064000,0.000000); 10.1859
(2.000000,3.068000,0.000000); 10.1859
(2.000000,3.072000,0.000000); 10.186
(2.000000,3.076000,0.000000); 10.186
(2.000000,3.080000,0.000000); 10.186
(2.000000,3.084000,0.000000); 10.1861
(2.000000,3.088000,0.000000); 10.1861
(2.000000,3.092000,0.000000); 10.1861
(2.000000,3.096000,0.000000); 10.1862
(2.000000,3.100000,0.000000); 10.1862
(2.000000,3.104000,0.000000); 10.1862
(2.000000,3.108000,0.000000); 10.1863
(2.000000,3.112000,0.000000); 10.1863
(2.000000,3.116000,0.000000); 10.1864
(2.000000,3.120000,0.000000); 10.1864
(2.000000,3.124000,0.000000); 10.1864
(2.000000,3.128000,0.000000); 10.1865
(2.000000,3.132000,0.000000); 10.1865
(2.000000,3.136000,0.000000); 10.1865
(2.000000,3.140000,0.000000); 10.1866
(2.000000,3.144000,0.000000); 10.1866
(2.000000,3.148000,0.000000); 10.1866
(2.000000,3.152000,0.000000); 10.1867
(2.000000,3.156000,0.000000); 10.1867
(2.000000,3.160000,0.000000); 10.1867
(2.000000,3.164000,0.000000); 10.1868
(2.000000,3.168000,0.000000); 10.1868
(2.000000,3.172000,0.000000); 10.1868
(2.000000,3.176000,0.000000); 10.1869
(2.000000,3.180000,0.000000); 10.1869
(2.000000,3.184000,0.000000); 10.1869
(2.000000,3.188000,0.000000); 10.187
(2.000000,3.192000,0.000000); 10.187
(2.000000,3.196000,0.000000); 10.187
(2.000000,3.200000,0.000000); 10.1871
(2.000000,3.204000,0.000000); 10.1871
(2.000000,3.208000,0.000000); 10.1871
(2.000000,3.212000,0.000000); 10.1872
(2.000000,3.216000,0.000000); 10.1872
(2.000000,3.220000,0.000000); 10.1872
(2.000000,3.224000,0.000000); 10.1873
(2.000000,3.228000,0.000000); 10.1873
(2.000000,3.232000,0.000000); 10.1873
(2.000000,3.236000,0.000000); 10.1874
(2.000000,3.240000,0.000000); 10.1874
(2.000000,3.244000,0.000000); 10.1874
(2.000000,3.248000,0.000000); 10.1875
(2.000000,3.252000,0.000000); 10.1875
(2.000000,3.256000,0.000000); 10.1876
(2.000000,3.260000,0.000000); 10.1876
(2.000000,3.264000,0.000000); 10.1876
(2.000000,3.268000,0.000000); 10.1877
(2.000000,3.272000,0.000000); 10.1877
(2.000000,3.276000,0.000000); 10.1877
(2.000000,3.280000,0.000000); 10.1878
(2.000000,3.284000,0.000000); 10.1878
(2.000000,3.288000,0.000000); 10.1878
(2.000000,3.292000,0.000000); 10.1879
(2.000000,3.296000,0.000000); 10.1879
(2.000000,3.300000,0.000000); 10.1879
(2.000000,3.304000,0.000000); 10.188
(2.000000,3.308000,0.000000); 10.188
(2.000000,3.312000,0.000000); 10.188
(2.000000,3.316000,0.000000); 10.1881
(2.000000,3.320000,0.000000); 10.1881
(2.000000,3.324000,0.000000); 10.1881
(2.000000,3.328000,0.000000); 10.1882
(2.000000,3.332000,0.000000); 10.1882
(2.000000,3.336000,0.000000); 10.1882
(2.000000,3.340000,0.000000); 10.1883
(2.000000,3.344000,0.000000); 10.1883
(2.000000,3.348000,0.000000); 10.1883
(2.000000,3.352000,0.000000); 10.1884
(2.000000,3.356000,0.000000); 10.1884
(2.000000,3.360000,0.000000); 10.1884
(2.000000,3.364000,0.000000); 10.1885
(2.000000,3.368000,0.000000); 10.1885
(2.000000,3.372000,0.000000); 10.1885
(2.000000,3.376000,0.000000); 10.1886
(2.000000,3.380000,0.000000); 10.1886
(2.000000,3.384000,0.000000); 10.1886
(2.000000,3.388000,0.000000); 10.1887
(2.000000,3.392000,0.000000); 10.1887
(2.000000,3.396000,0.000000); 10.1887
(2.000000,3.400000,0.000000); 10.1888
(2.000000,3.404000,0.000000); 10.1888
(2.000000,3.408000,0.000000); 10.1888
(2.000000,3.412000,0.000000); 10.1889
(2.000000,3.416000,0.000000); 10.1889
(2.000000,3.420000,0.000000); 10.1889
(2.000000,3.424000,0.000000); 10.189
(2.000000,3.428000,0.000000); 10.189
(2.000000,3.432000,0.000000); 10.189
(2.000000,3.436000,0.000000); 10.1891
(2.000000,3.440000,0.000000); 10.1891
(2.000000,3.444000,0.000000); 10.1891
(2.000000,3.448000,0.000000); 10.1892
(2.000000,3.452000,0.000000); 10.1892
(2.000000,3.456000,0.000000); 10.1892
(2.000000,3.460000,0.000000); 10.1893
(2.000000,3.464000,0.000000); 10.1893
(2.000000,3.468000,0.000000); 10.1893
(2.000000,3.472000,0.000000); 10.1894
(2.000000,3.476000,0.000000); 10.1894
(2.000000,3.480000,0.000000); 10.1894
(2.000000,3.484000,0.000000); 10.1895
(2.000000,3.488000,0.000000); 10.1895
(2.000000,3.492000,0.000000); 10.1895
(2.000000,3.496000,0.000000); 10.1896
(2.000000,3.500000,0.000000); 10.1896
(2.000000,3.504000,0.000000); 10.1896
(2.000000,3.508000,0.000000); 10.1897
(2.000000,3.512000,0.000000); 10.1897
(2.000000,3.516000,0.000000); 10.1897
(2.000000,3.520000,0.000000); 10.1898
(2.000000,3.524000,0.000000); 10.1898
(2.000000,3.528000,0.000000); 10.1898
(2.000000,3.532000,0.000000); 10.1899
(2.000000,3.536000,0.000000); 10.1899
(2.000000,3.540000,0.000000); 10.1899
(2.000000,3.544000,0.000000); 10.19
(2.000000,3.548000,0.000000); 10.19
(2.000000,3.552000,0.000000); 10.19
(2.000000,3.556000,0.000000); 10.1901
(2.000000,3.560000,0.000000); 10.1901
(2.000000,3.564000,0.000000); 10.1901
(2.000000,3.568000,0.000000); 10.1902
(2.000000,3.572000,0.000000); 10.1902
(2.000000,3.576000,0.000000); 10.1902
(2.000000,3.580000,0.000000); 10.1903
(2.000000,3.584000,0.000000); 10.1903
(2.000000,3.588000,0.000000); 10.1903
(2.000000,3.592000,0.000000); 10.1904
(2.000000,3.596000,0.000000); 10.1904
(2.000000,3.600000,0.000000); 10.1904
(2.000000,3.604000,0.000000); 10.1905
(2.000000,3.608000,0.000000); 10.1905
(2.000000,3.612000,0.000000); 10.1905
(2.000000,3.616000,0.000000); 10.1906
(2.000000,3.620000,0.000000); 10.1906
(2.000000,3.624000,0.000000); 10.1906
(2.000000,3.628000,0.000000); 10.1907
(2.000000,3.632000,0.000000); 10.1907
(2.000000,3.636000,0.000000); 10.1907
(2.000000,3.640000,0.000000); 10.1908
(2.000000,3.644000,0.000000); 10.1908
(2.000000,3.648000,0.000000); 10.1908
(2.000000,3.652000,0.000000); 10.1909
(2.000000,3.656000,0.000000); 10.1909
(2.000000,3.660000,0.000000); 10.1909
(2.000000,3.664000,0.000000); 10.191
(2.000000,3.668000,0.000000); 10.191
(2.000000,3.672000,0.000000); 10.191
(2.000000,3.676000,0.000000); 10.1911
(2.000000,3.680000,0.000000); 10.1911
(2.000000,3.684000,0.000000); 10.1911
(2.000000,3.688000,0.000000); 10.1912
(2.000000,3.692000,0.000000); 10.1912
(2.000000,3.696000,0.000000); 10.1912
(2.000000,3.700000,0.000000); 10.1913
(2.000000,3.704000,0.000000); 10.1913
(2.000000,3.708000,0.000000); 10.1913
(2.000000,3.712000,0.000000); 10.1914
(2.000000,3.716000,0.000000); 10.1914
(2.000000,3.720000,0.000000); 10.1914
(2.000000,3.724000,0.000000); 10.1915
(2.000000,3.728000,0.000000); 10.1915
(2.000000,3.732000,0.000000); 10.1915
(2.000000,3.736000,0.000000); 10.1916
(2.000000,3.740000,0.000000); 10.1916
(2.000000,3.744000,0.000000); 10.1916
(2.000000,3.748000,0.000000); 10.1917
(2.000000,3.752000,0.000000); 10.1917
(2.000000,3.756000,0.000000); 10.1917
(2.000000,3.760000,0.000000); 10.1918
(2.000000,3.764000,0.000000); 10.1918
(2.000000,3.768000,0.000000); 10.1918
(2.000000,3.772000,0.000000); 10.1919
(2.000000,3.776000,0.000000); 10.1919
(2.000000,3.780000,0.000000); 10.1919
(2.000000,3.784000,0.000000); 10.192
(2.000000,3.788000,0.000000); 10.192
(2.000000,3.792000,0.000000); 10.192
(2.000000,3.796000,0.000000); 10.1921
(2.000000,3.800000,0.000000); 10.1921
(2.000000,3.804000,0.000000); 10.1921
(2.000000,3.808000,0.000000); 10.1922
(2.000000,3.812000,0.000000); 10.1922
(2.000000,3.816000,0.000000); 10.1922
(2.000000,3.820000,0.000000); 10.1922
(2.000000,3.824000,0.000000); 10.1923
(2.000000,3.828000,0.000000); 10.1923
(2.000000,3.832000,0.000000); 10.1923
(2.000000,3.836000,0.000000); 10.1924
(2.000000,3.840000,0.000000); 10.1924
(2.000000,3.844000,0.000000); 10.1924
(2.000000,3.848000,0.000000); 10.1925
(2.000000,3.852000,0.000000); 10.1925
(2.000000,3.856000,0.000000); 10.1925
(2.000000,3.860000,0.000000); 10.1926
(2.000000,3.864000,0.000000); 10.1926
(2.000000,3.868000,0.000000); 10.1926
(2.000000,3.872000,0.000000); 10.1927
(2.000000,3.876000,0.000000); 10.1927
(2.000000,3.880000,0.000000); 10.1927
(2.000000,3.884000,0.000000); 10.1928
(2.000000,3.888000,0.000000); 10.1928
(2.000000,3.892000,0.000000); 10.1928
(2.000000,3.896000,0.000000); 10.1929
(2.000000,3.900000,0.000000); 10.1929
(2.000000,3.904000,0.000000); 10.1929
(2.000000,3.908000,0.000000); 10.193
(2.000000,3.912000,0.000000); 10.193
(2.000000,3.916000,0.000000); 10.193
(2.000000,3.920000,0.000000); 10.193
(2.000000,3.924000,0.000000); 10.1931
(2.000000,3.928000,0.000000); 10.1931
(2.000000,3.932000,0.000000); 10.1931
(2.000000,3.936000,0.000000); 10.1932
(2.000000,3.940000,0.000000); 10.1932
(2.000000,3.944000,0.000000); 10.1932
(2.000000,3.948000,0.000000); 10.1933
(2.000000,3.952000,0.000000); 10.1933
(2.000000,3.956000,0.000000); 10.1933
(2.000000,3.960000,0.000000); 10.1934
(2.000000,3.964000,0.000000); 10.1934
(2.000000,3.968000,0.000000); 10.1934
(2.000000,3.972000,0.000000); 10.1935
(2.000000,3.976000,0.000000); 10.1935
(2.000000,3.980000,0.000000); 10.1935
(2.000000,3.984000,0.000000); 10.1936
(2.000000,3.988000,0.000000); 10.1936
(2.000000,3.992000,0.000000); 10.1936
(2.000000,3.996000,0.000000); 10.1936
(2.000000,4.000000,0.000000); 10.1937
--
(2.000000,0.000000,0.000000); 13.603
(2.000000,0.004000,0.000000); 13.598
(2.000000,0.008000,0.000000); 13.5929
(2.000000,0.012000,0.000000); 13.5879
(2.000000,0.016000,0.000000); 13.5828
(2.000000,0.020000,0.000000); 13.5777
(2.000000,0.024000,0.000000); 13.5727
(2.000000,0.028000,0.000000); 13.5676
(2.000000,0.032000,0.000000); 13.5626
(2.000000,0.036000,0.000000); 13.5575
(2.000000,0.040000,0.000000); 13.5525
(2.000000,0.044000,0.000000); 13.5474
(2.000000,0.048000,0.000000); 13.5423
(2.000000,0.052000,0.000000); 13.5373
(2.000000,0.056000,0.000000); 13.5322
(2.000000,0.060000,0.000000); 13.5272
(2.000000,0.064000,0.000000); 13.5221
(2.000000,0.068000,0.000000); 13.517
(2.000000,0.072000,0.000000); 13.512
(2.000000,0.076000,0.000000); 13.5069
(2.000000,0.080000,0.000000); 13.5019
(2.000000,0.084000,0.000000); 13.4968
(2.000000,0.088000,0.000000); 13.4918
(2.000000,0.092000,0.000000); 13.4867
(2.000000,0.096000,0.000000); 13.4816
(2.000000,0.100000,0.000000); 13.4766
(2.000000,0.104000,0.000000); 13.4715
(2.000000,0.108000,0.000000); 13.4665
(2.000000,0.112000,0.000000); 13.4614
(2.000000,0.116000,0.000000); 13.4563
(2.000000,0.120000,0.000000); 13.4513
(2.000000,0.124000,0.000000); 13.4462
(2.000000,0.128000,0.000000); 13.4412
(2.000000,0.132000,0.000000); 13.4361
(2.000000,0.136000,0.000000); 13.4311
(2.000000,0.140000,0.000000); 13.426
(2.000000,0.144000,0.000000); 13.4209
(2.000000,0.148000,0.000000); 13.4159
(2.000000,0.152000,0.000000); 13.4108
(2.000000,0.156000,0.000000); 13.4058
(2.000000,0.160000,0.000000); 13.4007
(2.000000,0.164000,0.000000); 13.3956
(2.000000,0.168000,0.000000); 13.3906
(2.000000,0.172000,0.000000); 13.3855
(2.000000,0.176000,0.000000); 13.3805
(2.000000,0.180000,0.000000); 13.3754
(2.000000,0.184000,0.000000); 13.3704
(2.000000,0.188000,0.000000); 13.3653
(2.000000,0.192000,0.000000); 13.3602
(2.000000,0.196000,0.000000); 13.3552
(2.000000,0.200000,0.000000); 13.3501
(2.000000,0.204000,0.000000); 13.3451
(2.000000,0.208000,0.000000); 13.34
(2.000000,0.212000,0.000000); 13.3349
(2.000000,0.216000,0.000000); 13.3299
(2.000000,0.220000,0.000000); 13.3248
(2.000000,0.224000,0.000000); 13.3198
(2.000000,0.228000,0.000000); 13.3147
(2.000000,0.232000,0.000000); 13.3096
(2.000000,0.236000,0.000000); 13.3046
(2.000000,0.240000,0.000000); 13.2995
(2.000000,0.244000,0.000000); 13.2945
(2.000000,0.248000,0.000000); 13.2894
(2.000000,0.252000,0.000000); 13.2844
(2.000000,0.256000,0.000000); 13.2793
(2.000000,0.260000,0.000000); 13.2742
(2.000000,0.264000,0.000000); 13.2692
(2.000000,0.268000,0.000000); 13.2641
(2.000000,0.272000,0.000000); 13.2591
(2.000000,0.276000,0.000000); 13.254
(2.000000,0.280000,0.000000); 13.2489
(2.000000,0.284000,0.000000); 13.2439
(2.000000,0.288000,0.000000); 13.2388
(2.000000,0.292000,0.000000); 13.2338
(2.000000,0.296000,0.000000); 13.2287
(2.000000,0.300000,0.000000); 13.2237
(2.000000,0.304000,0.000000); 13.2186
(2.000000,0.308000,0.000000); 13.2135
(2.000000,0.312000,0.000000); 13.2085
(2.000000,0.316000,0.000000); 13.2034
(2.000000,0.320000,0.000000); 13.1984
(2.000000,0.324000,0.000000); 13.1933
(2.000000,0.328000,0.000000); 13.1882
(2.000000,0.332000,0.000000); 13.1832
(2.000000,0.336000,0.000000); 13.1781
(2.000000,0.340000,0.000000); 13.1731
(2.000000,0.344000,0.000000); 13.168
(2.000000,0.348000,0.000000); 13.163
(2.000000,0.352000,0.000000); 13.1579
(2.000000,0.356000,0.000000); 13.1528
(2.000000,0.360000,0.000000); 13.1478
(2.000000,0.364000,0.000000); 13.1427
(2.000000,0.368000,0.000000); 13.1377
(2.000000,0.372000,0.000000); 13.1326
(2.000000,0.376000,0.000000); 13.1275
(2.000000,0.380000,0.000000); 13.1225
(2.000000,0.384000,0.000000); 13.1174
(2.000000,0.388000,0.000000); 13.1124
(2.000000,0.392000,0.000000); 13.1073
(2.000000,0.396000,0.000000); 13.1023
(2.000000,0.400000,0.000000); 13.0972
(2.000000,0.404000,0.000000); 13.0921
(2.000000,0.408000,0.000000); 13.0871
(2.000000,0.412000,0.000000); 13.082
(2.000000,0.416000,0.000000); 13.077
(2.000000,0.420000,0.000000); 13.0719
(2.000000,0.424000,0.000000); 13.0668
(2.000000,0.428000,0.000000); 13.0618
(2.000000,0.432000,0.000000); 13.0567
(2.000000,0.436000,0.000000); 13.0517
(2.000000,0.440000,0.000000); 13.0466
(2.000000,0.444000,0.000000); 13.0415
(2.000000,0.448000,0.000000); 13.0365
(2.000000,0.452000,0.000000); 13.0314
(2.000000,0.456000,0.000000); 13.0264
(2.000000,0.460000,0.000000); 13.0213
(2.000000,0.464000,0.000000); 13.0163
(2.000000,0.468000,0.000000); 13.0112
(2.000000,0.472000,0.000000); 13.0061
(2.000000,0.476000,0.000000); 13.0011
(2.000000,0.480000,0.000000); 12.996
(2.000000,0.484000,0.000000); 12.991
(2.000000,0.488000,0.000000); 12.9859
(2.000000,0.492000,0.000000); 12.9808
(2.000000,0.496000,0.000000); 12.9758
(2.000000,0.500000,0.000000); 12.9707
(2.000000,0.504000,0.000000); 12.9657
(2.000000,0.508000,0.000000); 12.9606
(2.000000,0.512000,0.000000); 12.9556
(2.000000,0.516000,0.000000); 12.9505
(2.000000,0.520000,0.000000); 12.9454
(2.000000,0.524000,0.000000); 12.9404
(2.000000,0.528000,0.000000); 12.9353
(2.000000,0.532000,0.000000); 12.9303
(2.000000,0.536000,0.000000); 12.9252
(2.000000,0.540000,0.000000); 12.9201
(2.000000,0.544000,0.000000); 12.9151
(2.000000,0.548000,0.000000); 12.91
(2.000000,0.552000,0.000000); 12.905
(2.000000,0.556000,0.000000); 12.8999
(2.000000,0.560000,0.000000); 12.8949
(2.000000,0.564000,0.000000); 12.8898
(2.000000,0.568000,0.000000); 12.8847
(2.000000,0.572000,0.000000); 12.8797
(2.000000,0.576000,0.000000); 12.8746
(2.000000,0.580000,0.000000); 12.8696
(2.000000,0.584000,0.000000); 12.8645
(2.000000,0.588000,0.000000); 12.8594
(2.000000,0.592000,0.000000); 12.8544
(2.000000,0.596000,0.000000); 12.8493
(2.000000,0.600000,0.000000); 12.8443
(2.000000,0.604000,0.000000); 12.8392
(2.000000,0.608000,0.000000); 12.8341
(2.000000,0.612000,0.000000); 12.8291
(2.000000,0.616000,0.000000); 12.824
(2.000000,0.620000,0.000000); 12.819
(2.000000,0.624000,0.000000); 12.8139
(2.000000,0.628000,0.000000); 12.8089
(2.000000,0.632000,0.000000); 12.8038
(2.000000,0.636000,0.000000); 12.7987
(2.000000,0.640000,0.000000); 12.7937
(2.000000,0.644000,0.000000); 12.7886
(2.000000,0.648000,0.000000); 12.7836
(2.000000,0.652000,0.000000); 12.7785
(2.000000,0.656000,0.000000); 12.7734
(2.000000,0.660000,0.000000); 12.7684
(2.000000,0.664000,0.000000); 12.7633
(2.000000,0.668000,0.000000); 12.7583
(2.000000,0.672000,0.000000); 12.7532
(2.000000,0.676000,0.000000); 12.7482
(2.000000,0.680000,0.000000); 12.7431
(2.000000,0.684000,0.000000); 12.738
(2.000000,0.688000,0.000000); 12.733
(2.000000,0.692000,0.000000); 12.7279
(2.000000,0.696000,0.000000); 12.7229
(2.000000,0.700000,0.000000); 12.7178
(2.000000,0.704000,0.000000); 12.7127
(2.000000,0.708000,0.000000); 12.7077
(2.000000,0.712000,0.000000); 12.7026
(2.000000,0.716000,0.000000); 12.6976
(2.000000,0.720000,0.000000); 12.6925
(2.000000,0.724000,0.000000); 12.6874
(2.000000,0.728000,0.000000); 12.6824
(2.000000,0.732000,0.000000); 12.6773
(2.000000,0.736000,0.000000); 12.6723
(2.000000,0.740000,0.000000); 12.6672
(2.000000,0.744000,0.000000); 12.6622
(2.000000,0.748000,0.000000); 12.6571
(2.000000,0.752000,0.000000); 12.652
(2.000000,0.756000,0.000000); 12.647
(2.000000,0.760000,0.000000); 12.6419
(2.000000,0.764000,0.000000); 12.6369
(2.000000,0.768000,0.000000); 12.6318
(2.000000,0.772000,0.000000); 12.6267
(2.000000,0.776000,0.000000); 12.6217
(2.000000,0.780000,0.000000); 12.6166
(2.000000,0.784000,0.000000); 12.6116
(2.000000,0.788000,0.000000); 12.6065
(2.000000,0.792000,0.000000); 12.6015
(2.000000,0.796000,0.000000); 12.5964
(2.000000,0.800000,0.000000); 12.5913
(2.000000,0.804000,0.000000); 12.5863
(2.000000,0.808000,0.000000); 12.5812
(2.000000,0.812000,0.000000); 12.5762
(2.000000,0.816000,0.000000); 12.5711
(2.000000,0.820000,0.000000); 12.566
(2.000000,0.824000,0.000000); 12.561
(2.000000,0.828000,0.000000); 12.5559
(2.000000,0.832000,0.000000); 12.5509
(2.000000,0.836000,0.000000); 12.5458
(2.000000,0.840000,0.000000); 12.5407
(2.000000,0.844000,0.000000); 12.5357
(2.000000,0.848000,0.000000); 12.5306
(2.000000,0.852000,0.000000); 12.5256
(2.000000,0.856000,0.000000); 12.5205
(2.000000,0.860000,0.000000); 12.5155
(2.000000,0.864000,0.000000); 12.5104
(2.000000,0.868000,0.000000); 12.5053
(2.000000,0.872000,0.000000); 12.5003
(2.000000,0.876000,0.000000); 12.4952
(2.000000,0.880000,0.000000); 12.4902
(2.000000,0.884000,0.000000); 12.4851
(2.000000,0.888000,0.000000); 12.48
(2.000000,0.892000,0.000000); 12.475
(2.000000,0.896000,0.000000); 12.4699
(2.000000,0.900000,0.000000); 12.4649
(2.000000,0.904000,0.000000); 12.4598
(2.000000,0.908000,0.000000); 12.4548
(2.000000,0.912000,0.000000); 12.4497
(2.000000,0.916000,0.000000); 12.4446
(2.000000,0.920000,0.000000); 12.4396
(2.000000,0.924000,0.000000); 12.4345
(2.000000,0.928000,0.000000); 12.4295
(2.000000,0.932000,0.000000); 12.4244
(2.000000,0.936000,0.000000); 12.4193
(2.000000,0.940000,0.000000); 12.4143
(2.000000,0.944000,0.000000); 12.4092
(2.000000,0.948000,0.000000); 12.4042
(2.000000,0.952000,0.000000); 12.3991
(2.000000,0.956000,0.000000); 12.394
(2.000000,0.960000,0.000000); 12.389
(2.000000,0.964000,0.000000); 12.3839
(2.000000,0.968000,0.000000); 12.3789
(2.000000,0.972000,0.000000); 12.3738
(2.000000,0.976000,0.000000); 12.3688
(2.000000,0.980000,0.000000); 12.3637
(2.000000,0.984000,0.000000); 12.3586
(2.000000,0.988000,0.000000); 12.3536
(2.000000,0.992000,0.000000); 12.3485
(2.000000,0.996000,0.000000); 12.3435
(2.000000,1.000000,0.000000); 12.3384
(2.000000,1.004000,0.000000); 12.3333
(2.000000,1.008000,0.000000); 12.3283
(2.000000,1.012000,0.000000); 12.3232
(2.000000,1.016000,0.000000); 12.3182
(2.000000,1.020000,0.000000); 12.3131
(2.000000,1.024000,0.000000); 12.308
(2.000000,1.028000,0.000000); 12.303
(2.000000,1.032000,0.000000); 12.2979
(2.000000,1.036000,0.000000); 12.2929
(2.000000,1.040000,0.000000); 12.2878
(2.000000,1.044000,0.000000); 12.2828
(2.000000,1.048000,0.000000); 12.2777
(2.000000,1.052000,0.000000); 12.2726
(2.000000,1.056000,0.000000); 12.2676
(2.000000,1.060000,0.000000); 12.2625
(2.000000,1.064000,0.000000); 12.2575
(2.000000,1.068000,0.000000); 12.2524
(2.000000,1.072000,0.000000); 12.2473
(2.000000,1.076000,0.000000); 12.2423
(2.000000,1.080000,0.000000); 12.2372
(2.000000,1.084000,0.000000); 12.2322
(2.000000,1.088000,0.000000); 12.2271
(2.000000,1.092000,0.000000); 12.222
(2.000000,1.096000,0.000000); 12.217
(2.000000,1.100000,0.000000); 12.2119
(2.000000,1.104000,0.000000); 12.2069
(2.000000,1.108000,0.000000); 12.2018
(2.000000,1.112000,0.000000); 12.1968
(2.000000,1.116000,0.000000); 12.1917
(2.000000,1.120000,0.000000); 12.1866
(2.000000,1.124000,0.000000); 12.1816
(2.000000,1.128000,0.000000); 12.1765
(2.000000,1.132000,0.000000); 12.1715
(2.000000,1.136000,0.000000); 12.1664
(2.000000,1.140000,0.000000); 12.1613
(2.000000,1.144000,0.000000); 12.1563
(2.000000,1.148000,0.000000); 12.1512
(2.000000,1.152000,0.000000); 12.1462
(2.000000,1.156000,0.000000); 12.1411
(2.000000,1.160000,0.000000); 12.136
(2.000000,1.164000,0.000000); 12.131
(2.000000,1.168000,0.000000); 12.1259
(2.000000,1.172000,0.000000); 12.1209
(2.000000,1.176000,0.000000); 12.1158
(2.000000,1.180000,0.000000); 12.1108
(2.000000,1.184000,0.000000); 12.1057
(2.000000,1.188000,0.000000); 12.1006
(2.000000,1.192000,0.000000); 12.0956
(2.000000,1.196000,0.000000); 12.0905
(2.000000,1.200000,0.000000); 12.0855
(2.000000,1.204000,0.000000); 12.0804
(2.000000,1.208000,0.000000); 12.0753
(2.000000,1.212000,0.000000); 12.0703
(2.000000,1.216000,0.000000); 12.0652
(2.000000,1.220000,0.000000); 12.0602
(2.000000,1.224000,0.000000); 12.0551
(2.000000,1.228000,0.000000); 12.05
(2.000000,1.232000,0.000000); 12.045
(2.000000,1.236000,0.000000); 12.0399
(2.000000,1.240000,0.000000); 12.0349
(2.000000,1.244000,0.000000); 12.0298
(2.000000,1.248000,0.000000); 12.0248
(2.000000,1.252000,0.000000); 12.0197
(2.000000,1.256000,0.000000); 12.0146
(2.000000,1.260000,0.000000); 12.0096
(2.000000,1.264000,0.000000); 12.0045
(2.000000,1.268000,0.000000); 11.9995
(2.000000,1.272000,0.000000); 11.9944
(2.000000,1.276000,0.000000); 11.9893
(2.000000,1.280000,0.000000); 11.9843
(2.000000,1.284000,0.000000); 11.9792
(2.000000,1.288000,0.000000); 11.9742
(2.000000,1.292000,0.000000); 11.9691
(2.000000,1.296000,0.000000); 11.964
(2.000000,1.300000,0.000000); 11.959
(2.000000,1.304000,0.000000); 11.9539
(2.000000,1.308000,0.000000); 11.9489
(2.000000,1.312000,0.000000); 11.9438
(2.000000,1.316000,0.000000); 11.9387
(2.000000,1.320000,0.000000); 11.9337
(2.000000,1.324000,0.000000); 11.9286
(2.000000,1.328000,0.000000); 11.9236
(2.000000,1.332000,0.000000); 11.9185
(2.000000,1.336000,0.000000); 11.9135
(2.000000,1.340000,0.000000); 11.9084
(2.000000,1.344000,0.000000); 11.9033
(2.000000,1.348000,0.000000); 11.8983
(2.000000,1.352000,0.000000); 11.8932
(2.000000,1.356000,0.000000); 11.8882
(2.000000,1.360000,0.000000); 11.8831
(2.000000,1.364000,0.000000); 11.878
(2.000000,1.368000,0.000000); 11.873
(2.000000,1.372000,0.000000); 11.8679
(2.000000,1.376000,0.000000); 11.8629
(2.000000,1.380000,0.000000); 11.8578
(2.000000,1.384000,0.000000); 11.8527
(2.000000,1.388000,0.000000); 11.8477
(2.000000,1.392000,0.000000); 11.8426
(2.000000,1.396000,0.000000); 11.8376
(2.000000,1.400000,0.000000); 11.8325
(2.000000,1.404000,0.000000); 11.8274
(2.000000,1.408000,0.000000); 11.8224
(2.000000,1.412000,0.000000); 11.8173
(2.000000,1.416000,0.000000); 11.8123
(2.000000,1.420000,0.000000); 11.8072
(2.000000,1.424000,0.000000); 11.8022
(2.000000,1.428000,0.000000); 11.7971
(2.000000,1.432000,0.000000); 11.792
(2.000000,1.436000,0.000000); 11.787
(2.000000,1.440000,0.000000); 11.7819
(2.000000,1.444000,0.000000); 11.7769
(2.000000,1.448000,0.000000); 11.7718
(2.000000,1.452000,0.000000); 11.7667
(2.000000,1.456000,0.000000); 11.7617
(2.000000,1.460000,0.000000); 11.7566
(2.000000,1.464000,0.000000); 11.7516
(2.000000,1.468000,0.000000); 11.7465
(2.000000,1.472000,0.000000); 11.7414
(2.000000,1.476000,0.000000); 11.7364
(2.000000,1.480000,0.000000); 11.7313
(2.000000,1.484000,0.000000); 11.7263
(2.000000,1.488000,0.000000); 11.7212
(2.000000,1.492000,0.000000); 11.7161
(2.000000,1.496000,0.000000); 11.7111
(2.000000,1.500000,0.000000); 11.706
(2.000000,1.504000,0.000000); 11.701
(2.000000,1.508000,0.000000); 11.6959
(2.000000,1.512000,0.000000); 11.6908
(2.000000,1.516000,0.000000); 11.6858
(2.000000,1.520000,0.000000); 11.6807
(2.000000,1.524000,0.000000); 11.6757
(2.000000,1.528000,0.000000); 11.6706
(2.000000,1.532000,0.000000); 11.6656
(2.000000,1.536000,0.000000); 11.6605
(2.000000,1.540000,0.000000); 11.6554
(2.000000,1.544000,0.000000); 11.6504
(2.000000,1.548000,0.000000); 11.6453
(2.000000,1.552000,0.000000); 11.6403
(2.000000,1.556000,0.000000); 11.6352
(2.000000,1.560000,0.000000); 11.6301
(2.000000,1.564000,0.000000); 11.6251
(2.000000,1.568000,0.000000); 11.62
(2.000000,1.572000,0.000000); 11.615
(2.000000,1.576000,0.000000); 11.6099
(2.000000,1.580000,0.000000); 11.6048
(2.000000,1.584000,0.000000); 11.5998
(2.000000,1.588000,0.000000); 11.5947
(2.000000,1.592000,0.000000); 11.5897
(2.000000,1.596000,0.000000); 11.5846
(2.000000,1.600000,0.000000); 11.5795
(2.000000,1.604000,0.000000); 11.5745
(2.000000,1.608000,0.000000); 11.5694
(2.000000,1.612000,0.000000); 11.5644
(2.000000,1.616000,0.000000); 11.5593
(2.000000,1.620000,0.000000); 11.5542
(2.000000,1.624000,0.000000); 11.5492
(2.000000,1.628000,0.000000); 11.5441
(2.000000,1.632000,0.000000); 11.5391
(2.000000,1.636000,0.000000); 11.534
(2.000000,1.640000,0.000000); 11.5289
(2.000000,1.644000,0.000000); 11.5239
(2.000000,1.648000,0.000000); 11.5188
(2.000000,1.652000,0.000000); 11.5138
(2.000000,1.656000,0.000000); 11.5087
(2.000000,1.660000,0.000000); 11.5036
(2.000000,1.664000,0.000000); 11.4986
(2.000000,1.668000,0.000000); 11.4935
(2.000000,1.672000,0.000000); 11.4885
(2.000000,1.676000,0.000000); 11.4834
(2.000000,1.680000,0.000000); 11.4783
(2.000000,1.684000,0.000000); 11.4733
(2.000000,1.688000,0.000000); 11.4682
(2.000000,1.692000,0.000000); 11.4632
(2.000000,1.696000,0.000000); 11.4581
(2.000000,1.700000,0.000000); 11.453
(2.000000,1.704000,0.000000); 11.448
(2.000000,1.708000,0.000000); 11.4429
(2.000000,1.712000,0.000000); 11.4379
(2.000000,1.716000,0.000000); 11.4328
(2.000000,1.720000,0.000000); 11.4278
(2.000000,1.724000,0.000000); 11.4227
(2.000000,1.728000,0.000000); 11.4176
(2.000000,1.732000,0.000000); 11.4126
(2.000000,1.736000,0.000000); 11.4075
(2.000000,1.740000,0.000000); 11.4025
(2.000000,1.744000,0.000000); 11.3974
(2.000000,1.748000,0.000000); 11.3923
(2.000000,1.752000,0.000000); 11.3873
(2.000000,1.756000,0.000000); 11.3822
(2.000000,1.760000,0.000000); 11.3772
(2.000000,1.764000,0.000000); 11.3721
(2.000000,1.768000,0.000000); 11.367
(2.000000,1.772000,0.000000); 11.362
(2.000000,1.776000,0.000000); 11.3569
(2.000000,1.780000,0.000000); 11.3519
(2.000000,1.784000,0.000000); 11.3468
(2.000000,1.788000,0.000000); 11.3417
(2.000000,1.792000,0.000000); 11.3367
(2.000000,1.796000,0.000000); 11.3316
(2.000000,1.800000,0.000000); 11.3266
(2.000000,1.804000,0.000000); 11.3215
(2.000000,1.808000,0.000000); 11.3164
(2.000000,1.812000,0.000000); 11.3114
(2.000000,1.816000,0.000000); 11.3063
(2.000000,1.820000,0.000000); 11.3013
(2.000000,1.824000,0.000000); 11.2962
(2.000000,1.828000,0.000000); 11.2911
(2.000000,1.832000,0.000000); 11.2861
(2.000000,1.836000,0.000000); 11.281
(2.000000,1.840000,0.000000); 11.276
(2.000000,1.844000,0.000000); 11.2709
(2.000000,1.848000,0.000000); 11.2658
(2.000000,1.852000,0.000000); 11.2608
(2.000000,1.856000,0.000000); 11.2557
(2.000000,1.860000,0.000000); 11.2507
(2.000000,1.864000,0.000000); 11.2456
(2.000000,1.868000,0.000000); 11.2405
(2.000000,1.872000,0.000000); 11.2355
(2.000000,1.876000,0.000000); 11.2304
(2.000000,1.880000,0.000000); 11.2254
(2.000000,1.884000,0.000000); 11.2203
(2.000000,1.888000,0.000000); 11.2152
(2.000000,1.892000,0.000000); 11.2102
(2.000000,1.896000,0.000000); 11.2051
(2.000000,1.900000,0.000000); 11.2001
(2.000000,1.904000,0.000000); 11.195
(2.000000,1.908000,0.000000); 11.1899
(2.000000,1.912000,0.000000); 11.1849
(2.000000,1.916000,0.000000); 11.1798
(2.000000,1.920000,0.000000); 11.1748
(2.000000,1.924000,0.000000); 11.1697
(2.000000,1.928000,0.000000); 11.1646
(2.000000,1.932000,0.000000); 11.1596
(2.000000,1.936000,0.000000); 11.1545
(2.000000,1.940000,0.000000); 11.1494
(2.000000,1.944000,0.000000); 11.1444
(2.000000,1.948000,0.000000); 11.1393
(2.000000,1.952000,0.000000); 11.1343
(2.000000,1.956000,0.000000); 11.1292
(2.000000,1.960000,0.000000); 11.1241
(2.000000,1.964000,0.000000); 11.1191
(2.000000,1.968000,0.000000); 11.114
(2.000000,1.972000,0.000000); 11.109
(2.000000,1.976000,0.000000); 11.1039
(2.000000,1.980000,0.000000); 11.0988
(2.000000,1.984000,0.000000); 11.0938
(2.000000,1.988000,0.000000); 11.0887
(2.000000,1.992000,0.000000); 11.0837
(2.000000,1.996000,0.000000); 11.0786
(2.000000,2.000000,0.000000); 11.0735
(2.000000,2.004000,0.000000); 11.0685
(2.000000,2.008000,0.000000); 11.0634
(2.000000,2.012000,0.000000); 11.0584
(2.000000,2.016000,0.000000); 11.0533
(2.000000,2.020000,0.000000); 11.0482
(2.000000,2.024000,0.000000); 11.0432
(2.000000,2.028000,0.000000); 11.0381
(2.000000,2.032000,0.000000); 11.0331
(2.000000,2.036000,0.000000); 11.028
(2.000000,2.040000,0.000000); 11.0229
(2.000000,2.044000,0.000000); 11.0179
(2.000000,2.048000,0.000000); 11.0128
(2.000000,2.052000,0.000000); 11.0078
(2.000000,2.056000,0.000000); 11.0027
(2.000000,2.060000,0.000000); 10.9976
(2.000000,2.064000,0.000000); 10.9926
(2.000000,2.068000,0.000000); 10.9875
(2.000000,2.072000,0.000000); 10.9824
(2.000000,2.076000,0.000000); 10.9774
(2.000000,2.080000,0.000000); 10.9723
(2.000000,2.084000,0.000000); 10.9673
(2.000000,2.088000,0.000000); 10.9622
(2.000000,2.092000,0.000000); 10.9571
(2.000000,2.096000,0.000000); 10.9521
(2.000000,2.100000,0.000000); 10.947
(2.000000,2.104000,0.000000); 10.942
(2.000000,2.108000,0.000000); 10.9369
(2.000000,2.112000,0.000000); 10.9318
(2.000000,2.116000,0.000000); 10.9268
(2.000000,2.120000,0.000000); 10.9217
(2.000000,2.124000,0.000000); 10.9167
(2.000000,2.128000,0.000000); 10.9116
(2.000000,2.132000,0.000000); 10.9065
(2.000000,2.136000,0.000000); 10.9015
(2.000000,2.140000,0.000000); 10.8964
(2.000000,2.144000,0.000000); 10.8914
(2.000000,2.148000,0.000000); 10.8863
(2.000000,2.152000,0.000000); 10.8812
(2.000000,2.156000,0.000000); 10.8762
(2.000000,2.160000,0.000000); 10.8711
(2.000000,2.164000,0.000000); 10.866
(2.000000,2.168000,0.000000); 10.861
(2.000000,2.172000,0.000000); 10.8559
(2.000000,2.176000,0.000000); 10.8509
(2.000000,2.180000,0.000000); 10.8458
(2.000000,2.184000,0.000000); 10.8407
(2.000000,2.188000,0.000000); 10.8357
(2.000000,2.192000,0.000000); 10.8306
(2.000000,2.196000,0.000000); 10.8256
(2.000000,2.200000,0.000000); 10.8205
(2.000000,2.204000,0.000000); 10.8154
(2.000000,2.208000,0.000000); 10.8104
(2.000000,2.212000,0.000000); 10.8053
(2.000000,2.216000,0.000000); 10.8002
(2.000000,2.220000,0.000000); 10.7952
(2.000000,2.224000,0.000000); 10.7901
(2.000000,2.228000,0.000000); 10.7851
(2.000000,2.232000,0.000000); 10.78
(2.000000,2.236000,0.000000); 10.7749
(2.000000,2.240000,0.000000); 10.7699
(2.000000,2.244000,0.000000); 10.7648
(2.000000,2.248000,0.000000); 10.7598
(2.000000,2.252000,0.000000); 10.7547
(2.000000,2.256000,0.000000); 10.7496
(2.000000,2.260000,0.000000); 10.7446
(2.000000,2.264000,0.000000); 10.7395
(2.000000,2.268000,0.000000); 10.7344
(2.000000,2.272000,0.000000); 10.7294
(2.000000,2.276000,0.000000); 10.7243
(2.000000,2.280000,0.000000); 10.7193
(2.000000,2.284000,0.000000); 10.7142
(2.000000,2.288000,0.000000); 10.7091
(2.000000,2.292000,0.000000); 10.7041
(2.000000,2.296000,0.000000); 10.699
(2.000000,2.300000,0.000000); 10.6939
(2.000000,2.304000,0.000000); 10.6889
(2.000000,2.308000,0.000000); 10.6838
(2.000000,2.312000,0.000000); 10.6788
(2.000000,2.316000,0.000000); 10.6737
(2.000000,2.320000,0.000000); 10.6686
(2.000000,2.324000,0.000000); 10.6636
(2.000000,2.328000,0.000000); 10.6585
(2.000000,2.332000,0.000000); 10.6535
(2.000000,2.336000,0.000000); 10.6484
(2.000000,2.340000,0.000000); 10.6433
(2.000000,2.344000,0.000000); 10.6383
(2.000000,2.348000,0.000000); 10.6332
(2.000000,2.352000,0.000000); 10.6281
(2.000000,2.356000,0.000000); 10.6231
(2.000000,2.360000,0.000000); 10.618
(2.000000,2.364000,0.000000); 10.613
(2.000000,2.368000,0.000000); 10.6079
(2.000000,2.372000,0.000000); 10.6028
(2.000000,2.376000,0.000000); 10.5978
(2.000000,2.380000,0.000000); 10.5927
(2.000000,2.384000,0.000000); 10.5876
(2.000000,2.388000,0.000000); 10.5826
(2.000000,2.392000,0.000000); 10.5775
(2.000000,2.396000,0.000000); 10.5725
(2.000000,2.400000,0.000000); 10.5674
(2.000000,2.404000,0.000000); 10.5623
(2.000000,2.408000,0.000000); 10.5573
(2.000000,2.412000,0.000000); 10.5522
(2.000000,2.416000,0.000000); 10.5471
(2.000000,2.420000,0.000000); 10.5421
(2.000000,2.424000,0.000000); 10.537
(2.000000,2.428000,0.000000); 10.532
(2.000000,2.432000,0.000000); 10.5269
(2.000000,2.436000,0.000000); 10.5218
(2.000000,2.440000,0.000000); 10.5168
(2.000000,2.444000,0.000000); 10.5117
(2.000000,2.448000,0.000000); 10.5066
(2.000000,2.452000,0.000000); 10.5016
(2.000000,2.456000,0.000000); 10.4965
(2.000000,2.460000,0.000000); 10.4915
(2.000000,2.464000,0.000000); 10.4864
(2.000000,2.468000,0.000000); 10.4813
(2.000000,2.472000,0.000000); 10.4763
(2.000000,2.476000,0.000000); 10.4712
(2.000000,2.480000,0.000000); 10.4661
(2.000000,2.484000,0.000000); 10.4611
(2.000000,2.488000,0.000000); 10.456
(2.000000,2.492000,0.000000); 10.4509
(2.000000,2.496000,0.000000); 10.4459
(2.000000,2.500000,0.000000); 10.4408
(2.000000,2.504000,0.000000); 10.4358
(2.000000,2.508000,0.000000); 10.4307
(2.000000,2.512000,0.000000); 10.4256
(2.000000,2.516000,0.000000); 10.4206
(2.000000,2.520000,0.000000); 10.4155
(2.000000,2.524000,0.000000); 10.4104
(2.000000,2.528000,0.000000); 10.4054
(2.000000,2.532000,0.000000); 10.4003
(2.000000,2.536000,0.000000); 10.3953
(2.000000,2.540000,0.000000); 10.3902
(2.000000,2.544000,0.000000); 10.3851
(2.000000,2.548000,0.000000); 10.3801
(2.000000,2.552000,0.000000); 10.375
(2.000000,2.556000,0.000000); 10.3699
(2.000000,2.560000,0.000000); 10.3649
(2.000000,2.564000,0.000000); 10.3598
(2.000000,2.568000,0.000000); 10.3547
(2.000000,2.572000,0.000000); 10.3497
(2.000000,2.576000,0.000000); 10.3446
(2.000000,2.580000,0.000000); 10.3395
(2.000000,2.584000,0.000000); 10.3345
(2.000000,2.588000,0.000000); 10.3294
(2.000000,2.592000,0.000000); 10.3243
(2.000000,2.596000,0.000000); 10.3193
(2.000000,2.600000,0.000000); 10.3142
(2.000000,2.604000,0.000000); 10.3091
(2.000000,2.608000,0.000000); 10.3041
(2.000000,2.612000,0.000000); 10.299
(2.000000,2.616000,0.000000); 10.2939
(2.000000,2.620000,0.000000); 10.2889
(2.000000,2.624000,0.000000); 10.2838
(2.000000,2.628000,0.000000); 10.2787
(2.000000,2.632000,0.000000); 10.2737
(2.000000,2.636000,0.000000); 10.2686
(2.000000,2.640000,0.000000); 10.2636
(2.000000,2.644000,0.000000); 10.2585
(2.000000,2.648000,0.000000); 10.2534
(2.000000,2.652000,0.000000); 10.2484
(2.000000,2.656000,0.000000); 10.2433
(2.000000,2.660000,0.000000); 10.2382
(2.000000,2.664000,0.000000); 10.2332
(2.000000,2.668000,0.000000); 10.2281
(2.000000,2.672000,0.000000); 10.2231
(2.000000,2.676000,0.000000); 10.218
(2.000000,2.680000,0.000000); 10.2129
(2.000000,2.684000,0.000000); 10.2079
(2.000000,2.688000,0.000000); 10.2028
(2.000000,2.692000,0.000000); 10.1977
(2.000000,2.696000,0.000000); 10.1927
(2.000000,2.700000,0.000000); 10.1876
(2.000000,2.704000,0.000000); 10.1826
(2.000000,2.708000,0.000000); 10.1775
(2.000000,2.712000,0.000000); 10.1724
(2.000000,2.716000,0.000000); 10.1674
(2.000000,2.720000,0.000000); 10.1623
(2.000000,2.724000,0.000000); 10.1572
(2.000000,2.728000,0.000000); 10.1522
(2.000000,2.732000,0.000000); 10.1471
(2.000000,2.736000,0.000000); 10.142
(2.000000,2.740000,0.000000); 10.137
(2.000000,2.744000,0.000000); 10.1319
(2.000000,2.748000,0.000000); 10.1269
(2.000000,2.752000,0.000000); 10.1218
(2.000000,2.756000,0.000000); 10.1167
(2.000000,2.760000,0.000000); 10.1117
(2.000000,2.764000,0.000000); 10.1066
(2.000000,2.768000,0.000000); 10.1015
(2.000000,2.772000,0.000000); 10.0964
(2.000000,2.776000,0.000000); 10.0914
(2.000000,2.780000,0.000000); 10.0863
(2.000000,2.784000,0.000000); 10.0812
(2.000000,2.788000,0.000000); 10.0761
(2.000000,2.792000,0.000000); 10.071
(2.000000,2.796000,0.000000); 10.066
(2.000000,2.800000,0.000000); 10.0609
(2.000000,2.804000,0.000000); 10.0558
(2.000000,2.808000,0.000000); 10.0507
(2.000000,2.812000,0.000000); 10.0457
(2.000000,2.816000,0.000000); 10.0406
(2.000000,2.820000,0.000000); 10.0355
(2.000000,2.824000,0.000000); 10.0304
(2.000000,2.828000,0.000000); 10.0253
(2.000000,2.832000,0.000000); 10.0203
(2.000000,2.836000,0.000000); 10.0152
(2.000000,2.840000,0.000000); 10.0101
(2.000000,2.844000,0.000000); 10.005
(2.000000,2.848000,0.000000); 9.99995
(2.000000,2.852000,0.000000); 9.99487
(2.000000,2.856000,0.000000); 9.98979
(2.000000,2.860000,0.000000); 9.98471
(2.000000,2.864000,0.000000); 9.97963
(2.000000,2.868000,0.000000); 9.97455
(2.000000,2.872000,0.000000); 9.96948
(2.000000,2.876000,0.000000); 9.9644
(2.000000,2.880000,0.000000); 9.95933
(2.000000,2.884000,0.000000); 9.95427
(2.000000,2.888000,0.000000); 9.9492
(2.000000,2.892000,0.000000); 9.94413
(2.000000,2.896000,0.000000); 9.93907
(2.000000,2.900000,0.000000); 9.93401
(2.000000,2.904000,0.000000); 9.92895
(2.000000,2.908000,0.000000); 9.92389
(2.000000,2.912000,0.000000); 9.91885
(2.000000,2.916000,0.000000); 9.91382
(2.000000,2.920000,0.000000); 9.90878
(2.000000,2.924000,0.000000); 9.90375
(2.000000,2.928000,0.000000); 9.89871
(2.000000,2.932000,0.000000); 9.89368
(2.000000,2.936000,0.000000); 9.88864
(2.000000,2.940000,0.000000); 9.88361
(2.000000,2.944000,0.000000); 9.87857
(2.000000,2.948000,0.000000); 9.87354
(2.000000,2.952000,0.000000); 9.8685
(2.000000,2.956000,0.000000); 9.86347
(2.000000,2.960000,0.000000); 9.85843
(2.000000,2.964000,0.000000); 9.85339
(2.000000,2.968000,0.000000); 9.84836
(2.000000,2.972000,0.000000); 9.84332
(2.000000,2.976000,0.000000); 9.83829
(2.000000,2.980000,0.000000); 9.83325
(2.000000,2.984000,0.000000); 9.82822
(2.000000,2.988000,0.000000); 9.82318
(2.000000,2.992000,0.000000); 9.81815
(2.000000,2.996000,0.000000); 9.81311
(2.000000,3.000000,0.000000); 9.80808
(2.000000,3.004000,0.000000); 9.80304
(2.000000,3.008000,0.000000); 9.79801
(2.000000,3.012000,0.000000); 9.79297
(2.000000,3.016000,0.000000); 9.78794
(2.000000,3.020000,0.000000); 9.7829
(2.000000,3.024000,0.000000); 9.77766
(2.000000,3.028000,0.000000); 9.7724
(2.000000,3.032000,0.000000); 9.76713
(2.000000,3.036000,0.000000); 9.76187
(2.000000,3.040000,0.000000); 9.7566
(2.000000,3.044000,0.000000); 9.75134
(2.000000,3.048000,0.000000); 9.74607
(2.000000,3.052000,0.000000); 9.74081
(2.000000,3.056000,0.000000); 9.73554
(2.000000,3.060000,0.000000); 9.73028
(2.000000,3.064000,0.000000); 9.72501
(2.000000,3.068000,0.000000); 9.71975
(2.000000,3.072000,0.000000); 9.71448
(2.000000,3.076000,0.000000); 9.70922
(2.000000,3.080000,0.000000); 9.70395
(2.000000,3.084000,0.000000); 9.69869
(2.000000,3.088000,0.000000); 9.69342
(2.000000,3.092000,0.000000); 9.68816
(2.000000,3.096000,0.000000); 9.68289
(2.000000,3.100000,0.000000); 9.67763
(2.000000,3.104000,0.000000); 9.67236
(2.000000,3.108000,0.000000); 9.6671
(2.000000,3.112000,0.000000); 9.66183
(2.000000,3.116000,0.000000); 9.65657
(2.000000,3.120000,0.000000); 9.65133
(2.000000,3.124000,0.000000); 9.64628
(2.000000,3.128000,0.000000); 9.64122
(2.000000,3.132000,0.000000); 9.63617
(2.000000,3.136000,0.000000); 9.63112
(2.000000,3.140000,0.000000); 9.62606
(2.000000,3.144000,0.000000); 9.62086
(2.000000,3.148000,0.000000); 9.6153
(2.000000,3.152000,0.000000); 9.60974
(2.000000,3.156000,0.000000); 9.60471
(2.000000,3.160000,0.000000); 9.60231
(2.000000,3.164000,0.000000); 9.5999
(2.000000,3.168000,0.000000); 9.59749
(2.000000,3.172000,0.000000); 9.59509
(2.000000,3.176000,0.000000); 9.59268
(2.000000,3.180000,0.000000); 9.59028
(2.000000,3.184000,0.000000); 9.58787
(2.000000,3.188000,0.000000); 9.58547
(2.000000,3.192000,0.000000); 9.58306
(2.000000,3.196000,0.000000); 9.57982
(2.000000,3.200000,0.000000); 9.57527
(2.000000,3.204000,0.000000); 9.57071
(2.000000,3.208000,0.000000); 9.56616
(2.000000,3.212000,0.000000); 9.5616
(2.000000,3.216000,0.000000); 9.55704
(2.000000,3.220000,0.000000); 9.55249
(2.000000,3.224000,0.000000); 9.54793
(2.000000,3.228000,0.000000); 9.54338
(2.000000,3.232000,0.000000); 9.53882
(2.000000,3.236000,0.000000); 9.53427
(2.000000,3.240000,0.000000); 9.52971
(2.000000,3.244000,0.000000); 9.52516
(2.000000,3.248000,0.000000); 9.5206
(2.000000,3.252000,0.000000); 9.51605
(2.000000,3.256000,0.000000); 9.51149
(2.000000,3.260000,0.000000); 9.50694
(2.000000,3.264000,0.000000); 9.50238
(2.000000,3.268000,0.000000); 9.4979
(2.000000,3.272000,0.000000); 9.49343
(2.000000,3.276000,0.000000); 9.48897
(2.000000,3.280000,0.000000); 9.4845
(2.000000,3.284000,0.000000); 9.48004
(2.000000,3.288000,0.000000); 9.47557
(2.000000,3.292000,0.000000); 9.4711
(2.000000,3.296000,0.000000); 9.46664
(2.000000,3.300000,0.000000); 9.46217
(2.000000,3.304000,0.000000); 9.45771
(2.000000,3.308000,0.000000); 9.45324
(2.000000,3.312000,0.000000); 9.44877
(2.000000,3.316000,0.000000); 9.44303
(2.000000,3.320000,0.000000); 9.43213
(2.000000,3.324000,0.000000); 9.42123
(2.000000,3.328000,0.000000); 9.41033
(2.000000,3.332000,0.000000); 9.39943
(2.000000,3.336000,0.000000); 9.38853
(2.000000,3.340000,0.000000); 9.37763
(2.000000,3.344000,0.000000); 9.36673
(2.000000,3.348000,0.000000); 9.35583
(2.000000,3.352000,0.000000); 9.34493
(2.000000,3.356000,0.000000); 9.33403
(2.000000,3.360000,0.000000); 9.32313
(2.000000,3.364000,0.000000); 9.31223
(2.000000,3.368000,0.000000); 9.30133
(2.000000,3.372000,0.000000); 9.29043
(2.000000,3.376000,0.000000); 9.27953
(2.000000,3.380000,0.000000); 9.26863
(2.000000,3.384000,0.000000); 9.26378
(2.000000,3.388000,0.000000); 9.29547
(2.000000,3.392000,0.000000); 9.32715
(2.000000,3.396000,0.000000); 9.35884
(2.000000,3.400000,0.000000); 9.39052
(2.000000,3.404000,0.000000); 9.42221
(2.000000,3.408000,0.000000); 9.45389
(2.000000,3.412000,0.000000); 9.48558
(2.000000,3.416000,0.000000); 9.51726
(2.000000,3.420000,0.000000); 9.54894
(2.000000,3.424000,0.000000); 9.58063
(2.000000,3.428000,0.000000); 9.61231
(2.000000,3.432000,0.000000); 9.644
(2.000000,3.436000,0.000000); 9.67568
(2.000000,3.440000,0.000000); 9.70737
(2.000000,3.444000,0.000000); 9.73905
(2.000000,3.448000,0.000000); 9.77074
(2.000000,3.452000,0.000000); 9.80242
(2.000000,3.456000,0.000000); 9.8341
(2.000000,3.460000,0.000000); 9.86579
(2.000000,3.464000,0.000000); 9.89747
(2.000000,3.468000,0.000000); 9.92916
(2.000000,3.472000,0.000000); 9.96084
(2.000000,3.476000,0.000000); 9.99253
(2.000000,3.480000,0.000000); 10.023
(2.000000,3.484000,0.000000); 10.0519
(2.000000,3.488000,0.000000); 10.0808
(2.000000,3.492000,0.000000); 10.1097
(2.000000,3.496000,0.000000); 10.1387
(2.000000,3.500000,0.000000); 10.1676
(2.000000,3.504000,0.000000); 10.1836
(2.000000,3.508000,0.000000); 10.1839
(2.000000,3.512000,0.000000); 10.1841
(2.000000,3.516000,0.000000); 10.1843
(2.000000,3.520000,0.000000); 10.1845
(2.000000,3.524000,0.000000); 10.1848
(2.000000,3.528000,0.000000); 10.185
(2.000000,3.532000,0.000000); 10.1853
(2.000000,3.536000,0.000000); 10.1855
(2.000000,3.540000,0.000000); 10.1857
(2.000000,3.544000,0.000000); 10.186
(2.000000,3.548000,0.000000); 10.1862
(2.000000,3.552000,0.000000); 10.1865
(2.000000,3.556000,0.000000); 10.1867
(2.000000,3.560000,0.000000); 10.187
(2.000000,3.564000,0.000000); 10.1872
(2.000000,3.568000,0.000000); 10.1874
(2.000000,3.572000,0.000000); 10.1877
(2.000000,3.576000,0.000000); 10.1879
(2.000000,3.580000,0.000000); 10.1882
(2.000000,3.584000,0.000000); 10.1884
(2.000000,3.588000,0.000000); 10.1887
(2.000000,3.592000,0.000000); 10.1889
(2.000000,3.596000,0.000000); 10.1891
(2.000000,3.600000,0.000000); 10.1894
(2.000000,3.604000,0.000000); 10.1896
(2.000000,3.608000,0.000000); 10.1899
(2.000000,3.612000,0.000000); 10.1901
(2.000000,3.616000,0.000000); 10.1904
(2.000000,3.620000,0.000000); 10.1906
(2.000000,3.624000,0.000000); 10.1907
(2.000000,3.628000,0.000000); 10.1907
(2.000000,3.632000,0.000000); 10.1908
(2.000000,3.636000,0.000000); 10.1908
(2.000000,3.640000,0.000000); 10.1909
(2.000000,3.644000,0.000000); 10.1909
(2.000000,3.648000,0.000000); 10.1909
(2.000000,3.652000,0.000000); 10.191
(2.000000,3.656000,0.000000); 10.191
(2.000000,3.660000,0.000000); 10.1911
(2.000000,3.664000,0.000000); 10.1911
(2.000000,3.668000,0.000000); 10.1912
(2.000000,3.672000,0.000000); 10.1912
(2.000000,3.676000,0.000000); 10.1912
(2.000000,3.680000,0.000000); 10.1913
(2.000000,3.684000,0.000000); 10.1913
(2.000000,3.688000,0.000000); 10.1914
(2.000000,3.692000,0.000000); 10.1914
(2.000000,3.696000,0.000000); 10.1914
(2.000000,3.700000,0.000000); 10.1915
(2.000000,3.704000,0.000000); 10.1915
(2.000000,3.708000,0.000000); 10.1916
(2.000000,3.712000,0.000000); 10.1916
(2.000000,3.716000,0.000000); 10.1917
(2.000000,3.720000,0.000000); 10.1917
(2.000000,3.724000,0.000000); 10.1917
(2.000000,3.728000,0.000000); 10.1917
(2.000000,3.732000,0.000000); 10.1918
(2.000000,3.736000,0.000000); 10.1918
(2.000000,3.740000,0.000000); 10.1918
(2.000000,3.744000,0.000000); 10.1919
(2.000000,3.748000,0.000000); 10.1919
(2.000000,3.752000,0.000000); 10.1919
(2.000000,3.756000,0.000000); 10.1919
(2.000000,3.760000,0.000000); 10.192
(2.000000,3.764000,0.000000); 10.192
(2.000000,3.768000,0.000000); 10.192
(2.000000,3.772000,0.000000); 10.1921
(2.000000,3.776000,0.000000); 10.1921
(2.000000,3.780000,0.000000); 10.1921
(2.000000,3.784000,0.000000); 10.1922
(2.000000,3.788000,0.000000); 10.1922
(2.000000,3.792000,0.000000); 10.1922
(2.000000,3.796000,0.000000); 10.1922
(2.000000,3.800000,0.000000); 10.1923
(2.000000,3.804000,0.000000); 10.1923
(2.000000,3.808000,0.000000); 10.1923
(2.000000,3.812000,0.000000); 10.1924
(2.000000,3.816000,0.000000); 10.1924
(2.000000,3.820000,0.000000); 10.1924
(2.000000,3.824000,0.000000); 10.1924
(2.000000,3.828000,0.000000); 10.1925
(2.000000,3.832000,0.000000); 10.1925
(2.000000,3.836000,0.000000); 10.1925
(2.000000,3.840000,0.000000); 10.1926
(2.000000,3.844000,0.000000); 10.1926
(2.000000,3.848000,0.000000); 10.1926
(2.000000,3.852000,0.000000); 10.1926
(2.000000,3.856000,0.000000); 10.1927
(2.000000,3.860000,0.000000); 10.1927
(2.000000,3.864000,0.000000); 10.1927
(2.000000,3.868000,0.000000); 10.1928
(2.000000,3.872000,0.000000); 10.1928
(2.000000,3.876000,0.000000); 10.1928
(2.000000,3.880000,0.000000); 10.1928
(2.000000,3.884000,0.000000); 10.1929
(2.000000,3.888000,0.000000); 10.1929
(2.000000,3.892000,0.000000); 10.1929
(2.000000,3.896000,0.000000); 10.193
(2.000000,3.900000,0.000000); 10.193
(2.000000,3.904000,0.000000); 10.193
(2.000000,3.908000,0.000000); 10.193
(2.000000,3.912000,0.000000); 10.1931
(2.000000,3.916000,0.000000); 10.1931
(2.000000,3.920000,0.000000); 10.1931
(2.000000,3.924000,0.000000); 10.1932
(2.000000,3.928000,0.000000); 10.1932
(2.000000,3.932000,0.000000); 10.1932
(2.000000,3.936000,0.000000); 10.1932
(2.000000,3.940000,0.000000); 10.1933
(2.000000,3.944000,0.000000); 10.1933
(2.000000,3.948000,0.000000); 10.1933
(2.000000,3.952000,0.000000); 10.1933
(2.000000,3.956000,0.000000); 10.1934
(2.000000,3.960000,0.000000); 10.1934
(2.000000,3.964000,0.000000); 10.1934
(2.000000,3.968000,0.000000); 10.1935
(2.000000,3.972000,0.000000); 10.1935
(2.000000,3.976000,0.000000); 10.1935
(2.000000,3.980000,0.000000); 10.1935
(2.000000,3.984000,0.000000); 10.1936
(2.000000,3.988000,0.000000); 10.1936
(2.000000,3.992000,0.000000); 10.1936
(2.000000,3.996000,0.000000); 10.1937
(2.000000,4.000000,0.000000); 10.1937
--
