LOGFILE

(2.000000,0.000000,0.000000); 14.2037
(2.000000,0.004000,0.000000); 14.1997
(2.000000,0.008000,0.000000); 14.1957
(2.000000,0.012000,0.000000); 14.1917
(2.000000,0.016000,0.000000); 14.1876
(2.000000,0.020000,0.000000); 14.1836
(2.000000,0.024000,0.000000); 14.1796
(2.000000,0.028000,0.000000); 14.1756
(2.000000,0.032000,0.000000); 14.1716
(2.000000,0.036000,0.000000); 14.1676
(2.000000,0.040000,0.000000); 14.1636
(2.000000,0.044000,0.000000); 14.1596
(2.000000,0.048000,0.000000); 14.1556
(2.000000,0.052000,0.000000); 14.1516
(2.000000,0.056000,0.000000); 14.1476
(2.000000,0.060000,0.000000); 14.1435
(2.000000,0.064000,0.000000); 14.1395
(2.000000,0.068000,0.000000); 14.1355
(2.000000,0.072000,0.000000); 14.1315
(2.000000,0.076000,0.000000); 14.1275
(2.000000,0.080000,0.000000); 14.1235
(2.000000,0.084000,0.000000); 14.1195
(2.000000,0.088000,0.000000); 14.1155
(2.000000,0.092000,0.000000); 14.1115
(2.000000,0.096000,0.000000); 14.1075
(2.000000,0.100000,0.000000); 14.1035
(2.000000,0.104000,0.000000); 14.0994
(2.000000,0.108000,0.000000); 14.0954
(2.000000,0.112000,0.000000); 14.0914
(2.000000,0.116000,0.000000); 14.0874
(2.000000,0.120000,0.000000); 14.0834
(2.000000,0.124000,0.000000); 14.0794
(2.000000,0.128000,0.000000); 14.0754
(2.000000,0.132000,0.000000); 14.0714
(2.000000,0.136000,0.000000); 14.0674
(2.000000,0.140000,0.000000); 14.0634
(2.000000,0.144000,0.000000); 14.0594
(2.000000,0.148000,0.000000); 14.0553
(2.000000,0.152000,0.000000); 14.0513
(2.000000,0.156000,0.000000); 14.0473
(2.000000,0.160000,0.000000); 14.0433
(2.000000,0.164000,0.000000); 14.0393
(2.000000,0.168000,0.000000); 14.0353
(2.000000,0.172000,0.000000); 14.0313
(2.000000,0.176000,0.000000); 14.0273
(2.000000,0.180000,0.000000); 14.0233
(2.000000,0.184000,0.000000); 14.0193
(2.000000,0.188000,0.000000); 14.0153
(2.000000,0.192000,0.000000); 14.0112
(2.000000,0.196000,0.000000); 14.0072
(2.000000,0.200000,0.000000); 14.0032
(2.000000,0.204000,0.000000); 13.9992
(2.000000,0.208000,0.000000); 13.9952
(2.000000,0.212000,0.000000); 13.9912
(2.000000,0.216000,0.000000); 13.9872
(2.000000,0.220000,0.000000); 13.9832
(2.000000,0.224000,0.000000); 13.9792
(2.000000,0.228000,0.000000); 13.9752
(2.000000,0.232000,0.000000); 13.9711
(2.000000,0.236000,0.000000); 13.9671
(2.000000,0.240000,0.000000); 13.9631
(2.000000,0.244000,0.000000); 13.9591
(2.000000,0.248000,0.000000); 13.9551
(2.000000,0.252000,0.000000); 13.9511
(2.000000,0.256000,0.000000); 13.9471
(2.000000,0.260000,0.000000); 13.9431
(2.000000,0.264000,0.000000); 13.9391
(2.000000,0.268000,0.000000); 13.9351
(2.000000,0.272000,0.000000); 13.9311
(2.000000,0.276000,0.000000); 13.927
(2.000000,0.280000,0.000000); 13.923
(2.000000,0.284000,0.000000); 13.919
(2.000000,0.288000,0.000000); 13.915
(2.000000,0.292000,0.000000); 13.911
(2.000000,0.296000,0.000000); 13.907
(2.000000,0.300000,0.000000); 13.903
(2.000000,0.304000,0.000000); 13.899
(2.000000,0.308000,0.000000); 13.895
(2.000000,0.312000,0.000000); 13.891
(2.000000,0.316000,0.000000); 13.887
(2.000000,0.320000,0.000000); 13.8829
(2.000000,0.324000,0.000000); 13.8789
(2.000000,0.328000,0.000000); 13.8749
(2.000000,0.332000,0.000000); 13.8709
(2.000000,0.336000,0.000000); 13.8669
(2.000000,0.340000,0.000000); 13.8629
(2.000000,0.344000,0.000000); 13.8589
(2.000000,0.348000,0.000000); 13.8549
(2.000000,0.352000,0.000000); 13.8509
(2.000000,0.356000,0.000000); 13.8469
(2.000000,0.360000,0.000000); 13.8429
(2.000000,0.364000,0.000000); 13.8388
(2.000000,0.368000,0.000000); 13.8348
(2.000000,0.372000,0.000000); 13.8308
(2.000000,0.376000,0.000000); 13.8268
(2.000000,0.380000,0.000000); 13.8228
(2.000000,0.384000,0.000000); 13.8188
(2.000000,0.388000,0.000000); 13.8148
(2.000000,0.392000,0.000000); 13.8108
(2.000000,0.396000,0.000000); 13.8068
(2.000000,0.400000,0.000000); 13.8028
(2.000000,0.404000,0.000000); 13.7988
(2.000000,0.408000,0.000000); 13.7947
(2.000000,0.412000,0.000000); 13.7907
(2.000000,0.416000,0.000000); 13.7867
(2.000000,0.420000,0.000000); 13.7827
(2.000000,0.424000,0.000000); 13.7787
(2.000000,0.428000,0.000000); 13.7747
(2.000000,0.432000,0.000000); 13.7707
(2.000000,0.436000,0.000000); 13.7667
(2.000000,0.440000,0.000000); 13.7627
(2.000000,0.444000,0.000000); 13.7587
(2.000000,0.448000,0.000000); 13.7547
(2.000000,0.452000,0.000000); 13.7506
(2.000000,0.456000,0.000000); 13.7466
(2.000000,0.460000,0.000000); 13.7426
(2.000000,0.464000,0.000000); 13.7386
(2.000000,0.468000,0.000000); 13.7346
(2.000000,0.472000,0.000000); 13.7306
(2.000000,0.476000,0.000000); 13.7266
(2.000000,0.480000,0.000000); 13.7226
(2.000000,0.484000,0.000000); 13.7186
(2.000000,0.488000,0.000000); 13.7146
(2.000000,0.492000,0.000000); 13.7106
(2.000000,0.496000,0.000000); 13.7065
(2.000000,0.500000,0.000000); 13.7025
(2.000000,0.504000,0.000000); 13.6985
(2.000000,0.508000,0.000000); 13.6945
(2.000000,0.512000,0.000000); 13.6905
(2.000000,0.516000,0.000000); 13.6865
(2.000000,0.520000,0.000000); 13.6825
(2.000000,0.524000,0.000000); 13.6785
(2.000000,0.528000,0.000000); 13.6745
(2.000000,0.532000,0.000000); 13.6705
(2.000000,0.536000,0.000000); 13.6665
(2.000000,0.540000,0.000000); 13.6624
(2.000000,0.544000,0.000000); 13.6584
(2.000000,0.548000,0.000000); 13.6544
(2.000000,0.552000,0.000000); 13.6504
(2.000000,0.556000,0.000000); 13.6464
(2.000000,0.560000,0.000000); 13.6424
(2.000000,0.564000,0.000000); 13.6384
(2.000000,0.568000,0.000000); 13.6344
(2.000000,0.572000,0.000000); 13.6304
(2.000000,0.576000,0.000000); 13.6264
(2.000000,0.580000,0.000000); 13.6224
(2.000000,0.584000,0.000000); 13.6183
(2.000000,0.588000,0.000000); 13.6143
(2.000000,0.592000,0.000000); 13.6103
(2.000000,0.596000,0.000000); 13.6063
(2.000000,0.600000,0.000000); 13.6023
(2.000000,0.604000,0.000000); 13.5983
(2.000000,0.608000,0.000000); 13.5943
(2.000000,0.612000,0.000000); 13.5903
(2.000000,0.616000,0.000000); 13.5863
(2.000000,0.620000,0.000000); 13.5823
(2.000000,0.624000,0.000000); 13.5783
(2.000000,0.628000,0.000000); 13.5742
(2.000000,0.632000,0.000000); 13.5702
(2.000000,0.636000,0.000000); 13.5662
(2.000000,0.640000,0.000000); 13.5622
(2.000000,0.644000,0.000000); 13.5582
(2.000000,0.648000,0.000000); 13.5542
(2.000000,0.652000,0.000000); 13.5502
(2.000000,0.656000,0.000000); 13.5462
(2.000000,0.660000,0.000000); 13.5422
(2.000000,0.664000,0.000000); 13.5382
(2.000000,0.668000,0.000000); 13.5342
(2.000000,0.672000,0.000000); 13.5301
(2.000000,0.676000,0.000000); 13.5261
(2.000000,0.680000,0.000000); 13.5221
(2.000000,0.684000,0.000000); 13.5181
(2.000000,0.688000,0.000000); 13.5141
(2.000000,0.692000,0.000000); 13.5101
(2.000000,0.696000,0.000000); 13.5061
(2.000000,0.700000,0.000000); 13.5021
(2.000000,0.704000,0.000000); 13.4981
(2.000000,0.708000,0.000000); 13.4941
(2.000000,0.712000,0.000000); 13.4901
(2.000000,0.716000,0.000000); 13.486
(2.000000,0.720000,0.000000); 13.482
(2.000000,0.724000,0.000000); 13.478
(2.000000,0.728000,0.000000); 13.474
(2.000000,0.732000,0.000000); 13.47
(2.000000,0.736000,0.000000); 13.466
(2.000000,0.740000,0.000000); 13.462
(2.000000,0.744000,0.000000); 13.458
(2.000000,0.748000,0.000000); 13.454
(2.000000,0.752000,0.000000); 13.45
(2.000000,0.756000,0.000000); 13.446
(2.000000,0.760000,0.000000); 13.4419
(2.000000,0.764000,0.000000); 13.4379
(2.000000,0.768000,0.000000); 13.4339
(2.000000,0.772000,0.000000); 13.4299
(2.000000,0.776000,0.000000); 13.4259
(2.000000,0.780000,0.000000); 13.4219
(2.000000,0.784000,0.000000); 13.4179
(2.000000,0.788000,0.000000); 13.4139
(2.000000,0.792000,0.000000); 13.4099
(2.000000,0.796000,0.000000); 13.4059
(2.000000,0.800000,0.000000); 13.4019
(2.000000,0.804000,0.000000); 13.3978
(2.000000,0.808000,0.000000); 13.3938
(2.000000,0.812000,0.000000); 13.3898
(2.000000,0.816000,0.000000); 13.3858
(2.000000,0.820000,0.000000); 13.3818
(2.000000,0.824000,0.000000); 13.3778
(2.000000,0.828000,0.000000); 13.3738
(2.000000,0.832000,0.000000); 13.3698
(2.000000,0.836000,0.000000); 13.3658
(2.000000,0.840000,0.000000); 13.3618
(2.000000,0.844000,0.000000); 13.3578
(2.000000,0.848000,0.000000); 13.3537
(2.000000,0.852000,0.000000); 13.3497
(2.000000,0.856000,0.000000); 13.3457
(2.000000,0.860000,0.000000); 13.3417
(2.000000,0.864000,0.000000); 13.3377
(2.000000,0.868000,0.000000); 13.3337
(2.000000,0.872000,0.000000); 13.3297
(2.000000,0.876000,0.000000); 13.3257
(2.000000,0.880000,0.000000); 13.3217
(2.000000,0.884000,0.000000); 13.3177
(2.000000,0.888000,0.000000); 13.3137
(2.000000,0.892000,0.000000); 13.3096
(2.000000,0.896000,0.000000); 13.3056
(2.000000,0.900000,0.000000); 13.3016
(2.000000,0.904000,0.000000); 13.2976
(2.000000,0.908000,0.000000); 13.2936
(2.000000,0.912000,0.000000); 13.2896
(2.000000,0.916000,0.000000); 13.2856
(2.000000,0.920000,0.000000); 13.2816
(2.000000,0.924000,0.000000); 13.2776
(2.000000,0.928000,0.000000); 13.2736
(2.000000,0.932000,0.000000); 13.2696
(2.000000,0.936000,0.000000); 13.2655
(2.000000,0.940000,0.000000); 13.2615
(2.000000,0.944000,0.000000); 13.2575
(2.000000,0.948000,0.000000); 13.2535
(2.000000,0.952000,0.000000); 13.2495
(2.000000,0.956000,0.000000); 13.2455
(2.000000,0.960000,0.000000); 13.2415
(2.000000,0.964000,0.000000); 13.2375
(2.000000,0.968000,0.000000); 13.2335
(2.000000,0.972000,0.000000); 13.2295
(2.000000,0.976000,0.000000); 13.2255
(2.000000,0.980000,0.000000); 13.2214
(2.000000,0.984000,0.000000); 13.2174
(2.000000,0.988000,0.000000); 13.2134
(2.000000,0.992000,0.000000); 13.2094
(2.000000,0.996000,0.000000); 13.2054
(2.000000,1.000000,0.000000); 13.2014
(2.000000,1.004000,0.000000); 13.1974
(2.000000,1.008000,0.000000); 13.1934
(2.000000,1.012000,0.000000); 13.1894
(2.000000,1.016000,0.000000); 13.1854
(2.000000,1.020000,0.000000); 13.1814
(2.000000,1.024000,0.000000); 13.1773
(2.000000,1.028000,0.000000); 13.1733
(2.000000,1.032000,0.000000); 13.1693
(2.000000,1.036000,0.000000); 13.1653
(2.000000,1.040000,0.000000); 13.1613
(2.000000,1.044000,0.000000); 13.1573
(2.000000,1.048000,0.000000); 13.1533
(2.000000,1.052000,0.000000); 13.1493
(2.000000,1.056000,0.000000); 13.1453
(2.000000,1.060000,0.000000); 13.1413
(2.000000,1.064000,0.000000); 13.1373
(2.000000,1.068000,0.000000); 13.1332
(2.000000,1.072000,0.000000); 13.1292
(2.000000,1.076000,0.000000); 13.1252
(2.000000,1.080000,0.000000); 13.1212
(2.000000,1.084000,0.000000); 13.1172
(2.000000,1.088000,0.000000); 13.1132
(2.000000,1.092000,0.000000); 13.1092
(2.000000,1.096000,0.000000); 13.1052
(2.000000,1.100000,0.000000); 13.1012
(2.000000,1.104000,0.000000); 13.0972
(2.000000,1.108000,0.000000); 13.0932
(2.000000,1.112000,0.000000); 13.0891
(2.000000,1.116000,0.000000); 13.0851
(2.000000,1.120000,0.000000); 13.0811
(2.000000,1.124000,0.000000); 13.0771
(2.000000,1.128000,0.000000); 13.0731
(2.000000,1.132000,0.000000); 13.0691
(2.000000,1.136000,0.000000); 13.0651
(2.000000,1.140000,0.000000); 13.0611
(2.000000,1.144000,0.000000); 13.0571
(2.000000,1.148000,0.000000); 13.0531
(2.000000,1.152000,0.000000); 13.049
(2.000000,1.156000,0.000000); 13.045
(2.000000,1.160000,0.000000); 13.041
(2.000000,1.164000,0.000000); 13.037
(2.000000,1.168000,0.000000); 13.033
(2.000000,1.172000,0.000000); 13.029
(2.000000,1.176000,0.000000); 13.025
(2.000000,1.180000,0.000000); 13.021
(2.000000,1.184000,0.000000); 13.017
(2.000000,1.188000,0.000000); 13.013
(2.000000,1.192000,0.000000); 13.009
(2.000000,1.196000,0.000000); 13.0049
(2.000000,1.200000,0.000000); 13.0009
(2.000000,1.204000,0.000000); 12.9969
(2.000000,1.208000,0.000000); 12.9929
(2.000000,1.212000,0.000000); 12.9889
(2.000000,1.216000,0.000000); 12.9849
(2.000000,1.220000,0.000000); 12.9809
(2.000000,1.224000,0.000000); 12.9769
(2.000000,1.228000,0.000000); 12.9729
(2.000000,1.232000,0.000000); 12.9689
(2.000000,1.236000,0.000000); 12.9649
(2.000000,1.240000,0.000000); 12.9608
(2.000000,1.244000,0.000000); 12.9568
(2.000000,1.248000,0.000000); 12.9528
(2.000000,1.252000,0.000000); 12.9488
(2.000000,1.256000,0.000000); 12.9448
(2.000000,1.260000,0.000000); 12.9408
(2.000000,1.264000,0.000000); 12.9368
(2.000000,1.268000,0.000000); 12.9328
(2.000000,1.272000,0.000000); 12.9288
(2.000000,1.276000,0.000000); 12.9248
(2.000000,1.280000,0.000000); 12.9208
(2.000000,1.284000,0.000000); 12.9167
(2.000000,1.288000,0.000000); 12.9127
(2.000000,1.292000,0.000000); 12.9087
(2.000000,1.296000,0.000000); 12.9047
(2.000000,1.300000,0.000000); 12.9007
(2.000000,1.304000,0.000000); 12.8967
(2.000000,1.308000,0.000000); 12.8927
(2.000000,1.312000,0.000000); 12.8887
(2.000000,1.316000,0.000000); 12.8847
(2.000000,1.320000,0.000000); 12.8807
(2.000000,1.324000,0.000000); 12.8767
(2.000000,1.328000,0.000000); 12.8726
(2.000000,1.332000,0.000000); 12.8686
(2.000000,1.336000,0.000000); 12.8646
(2.000000,1.340000,0.000000); 12.8606
(2.000000,1.344000,0.000000); 12.8566
(2.000000,1.348000,0.000000); 12.8526
(2.000000,1.352000,0.000000); 12.8486
(2.000000,1.356000,0.000000); 12.8446
(2.000000,1.360000,0.000000); 12.8406
(2.000000,1.364000,0.000000); 12.8366
(2.000000,1.368000,0.000000); 12.8326
(2.000000,1.372000,0.000000); 12.8285
(2.000000,1.376000,0.000000); 12.8245
(2.000000,1.380000,0.000000); 12.8205
(2.000000,1.384000,0.000000); 12.8165
(2.000000,1.388000,0.000000); 12.8125
(2.000000,1.392000,0.000000); 12.8085
(2.000000,1.396000,0.000000); 12.8045
(2.000000,1.400000,0.000000); 12.8005
(2.000000,1.404000,0.000000); 12.7965
(2.000000,1.408000,0.000000); 12.7925
(2.000000,1.412000,0.000000); 12.7885
(2.000000,1.416000,0.000000); 12.7844
(2.000000,1.420000,0.000000); 12.7804
(2.000000,1.424000,0.000000); 12.7764
(2.000000,1.428000,0.000000); 12.7724
(2.000000,1.432000,0.000000); 12.7684
(2.000000,1.436000,0.000000); 12.7644
(2.000000,1.440000,0.000000); 12.7604
(2.000000,1.444000,0.000000); 12.7564
(2.000000,1.448000,0.000000); 12.7524
(2.000000,1.452000,0.000000); 12.7484
(2.000000,1.456000,0.000000); 12.7444
(2.000000,1.460000,0.000000); 12.7403
(2.000000,1.464000,0.000000); 12.7363
(2.000000,1.468000,0.000000); 12.7323
(2.000000,1.472000,0.000000); 12.7283
(2.000000,1.476000,0.000000); 12.7243
(2.000000,1.480000,0.000000); 12.7203
(2.000000,1.484000,0.000000); 12.7163
(2.000000,1.488000,0.000000); 12.7123
(2.000000,1.492000,0.000000); 12.7083
(2.000000,1.496000,0.000000); 12.7043
(2.000000,1.500000,0.000000); 12.7003
(2.000000,1.504000,0.000000); 12.6962
(2.000000,1.508000,0.000000); 12.6922
(2.000000,1.512000,0.000000); 12.6882
(2.000000,1.516000,0.000000); 12.6842
(2.000000,1.520000,0.000000); 12.6802
(2.000000,1.524000,0.000000); 12.6762
(2.000000,1.528000,0.000000); 12.6722
(2.000000,1.532000,0.000000); 12.6682
(2.000000,1.536000,0.000000); 12.6642
(2.000000,1.540000,0.000000); 12.6602
(2.000000,1.544000,0.000000); 12.6562
(2.000000,1.548000,0.000000); 12.6522
(2.000000,1.552000,0.000000); 12.6481
(2.000000,1.556000,0.000000); 12.6441
(2.000000,1.560000,0.000000); 12.6401
(2.000000,1.564000,0.000000); 12.6361
(2.000000,1.568000,0.000000); 12.6321
(2.000000,1.572000,0.000000); 12.6281
(2.000000,1.576000,0.000000); 12.6241
(2.000000,1.580000,0.000000); 12.6201
(2.000000,1.584000,0.000000); 12.6161
(2.000000,1.588000,0.000000); 12.6121
(2.000000,1.592000,0.000000); 12.6081
(2.000000,1.596000,0.000000); 12.604
(2.000000,1.600000,0.000000); 12.6
(2.000000,1.604000,0.000000); 12.596
(2.000000,1.608000,0.000000); 12.592
(2.000000,1.612000,0.000000); 12.588
(2.000000,1.616000,0.000000); 12.584
(2.000000,1.620000,0.000000); 12.58
(2.000000,1.624000,0.000000); 12.576
(2.000000,1.628000,0.000000); 12.572
(2.000000,1.632000,0.000000); 12.568
(2.000000,1.636000,0.000000); 12.564
(2.000000,1.640000,0.000000); 12.5599
(2.000000,1.644000,0.000000); 12.5559
(2.000000,1.648000,0.000000); 12.5519
(2.000000,1.652000,0.000000); 12.5479
(2.000000,1.656000,0.000000); 12.5439
(2.000000,1.660000,0.000000); 12.5399
(2.000000,1.664000,0.000000); 12.5359
(2.000000,1.668000,0.000000); 12.5319
(2.000000,1.672000,0.000000); 12.5279
(2.000000,1.676000,0.000000); 12.5239
(2.000000,1.680000,0.000000); 12.5199
(2.000000,1.684000,0.000000); 12.5158
(2.000000,1.688000,0.000000); 12.5118
(2.000000,1.692000,0.000000); 12.5078
(2.000000,1.696000,0.000000); 12.5038
(2.000000,1.700000,0.000000); 12.4998
(2.000000,1.704000,0.000000); 12.4958
(2.000000,1.708000,0.000000); 12.4918
(2.000000,1.712000,0.000000); 12.4878
(2.000000,1.716000,0.000000); 12.4838
(2.000000,1.720000,0.000000); 12.4798
(2.000000,1.724000,0.000000); 12.4758
(2.000000,1.728000,0.000000); 12.4717
(2.000000,1.732000,0.000000); 12.4677
(2.000000,1.736000,0.000000); 12.4637
(2.000000,1.740000,0.000000); 12.4597
(2.000000,1.744000,0.000000); 12.4557
(2.000000,1.748000,0.000000); 12.4517
(2.000000,1.752000,0.000000); 12.4477
(2.000000,1.756000,0.000000); 12.4437
(2.000000,1.760000,0.000000); 12.4397
(2.000000,1.764000,0.000000); 12.4357
(2.000000,1.768000,0.000000); 12.4317
(2.000000,1.772000,0.000000); 12.4276
(2.000000,1.776000,0.000000); 12.4236
(2.000000,1.780000,0.000000); 12.4196
(2.000000,1.784000,0.000000); 12.4156
(2.000000,1.788000,0.000000); 12.4116
(2.000000,1.792000,0.000000); 12.4076
(2.000000,1.796000,0.000000); 12.4036
(2.000000,1.800000,0.000000); 12.3996
(2.000000,1.804000,0.000000); 12.3956
(2.000000,1.808000,0.000000); 12.3916
(2.000000,1.812000,0.000000); 12.3876
(2.000000,1.816000,0.000000); 12.3835
(2.000000,1.820000,0.000000); 12.3795
(2.000000,1.824000,0.000000); 12.3755
(2.000000,1.828000,0.000000); 12.3715
(2.000000,1.832000,0.000000); 12.3675
(2.000000,1.836000,0.000000); 12.3635
(2.000000,1.840000,0.000000); 12.3595
(2.000000,1.844000,0.000000); 12.3555
(2.000000,1.848000,0.000000); 12.3515
(2.000000,1.852000,0.000000); 12.3475
(2.000000,1.856000,0.000000); 12.3435
(2.000000,1.860000,0.000000); 12.3394
(2.000000,1.864000,0.000000); 12.3354
(2.000000,1.868000,0.000000); 12.3314
(2.000000,1.872000,0.000000); 12.3274
(2.000000,1.876000,0.000000); 12.3234
(2.000000,1.880000,0.000000); 12.3194
(2.000000,1.884000,0.000000); 12.3154
(2.000000,1.888000,0.000000); 12.3114
(2.000000,1.892000,0.000000); 12.3074
(2.000000,1.896000,0.000000); 12.3034
(2.000000,1.900000,0.000000); 12.2994
(2.000000,1.904000,0.000000); 12.2953
(2.000000,1.908000,0.000000); 12.2913
(2.000000,1.912000,0.000000); 12.2873
(2.000000,1.916000,0.000000); 12.2833
(2.000000,1.920000,0.000000); 12.2793
(2.000000,1.924000,0.000000); 12.2753
(2.000000,1.928000,0.000000); 12.2713
(2.000000,1.932000,0.000000); 12.2673
(2.000000,1.936000,0.000000); 12.2633
(2.000000,1.940000,0.000000); 12.2593
(2.000000,1.944000,0.000000); 12.2553
(2.000000,1.948000,0.000000); 12.2512
(2.000000,1.952000,0.000000); 12.2472
(2.000000,1.956000,0.000000); 12.2432
(2.000000,1.960000,0.000000); 12.2392
(2.000000,1.964000,0.000000); 12.2352
(2.000000,1.968000,0.000000); 12.2312
(2.000000,1.972000,0.000000); 12.2272
(2.000000,1.976000,0.000000); 12.2232
(2.000000,1.980000,0.000000); 12.2192
(2.000000,1.984000,0.000000); 12.2152
(2.000000,1.988000,0.000000); 12.2112
(2.000000,1.992000,0.000000); 12.2071
(2.000000,1.996000,0.000000); 12.2031
(2.000000,2.000000,0.000000); 12.1991
(2.000000,2.004000,0.000000); 12.1951
(2.000000,2.008000,0.000000); 12.1911
(2.000000,2.012000,0.000000); 12.1871
(2.000000,2.016000,0.000000); 12.1831
(2.000000,2.020000,0.000000); 12.1791
(2.000000,2.024000,0.000000); 12.1751
(2.000000,2.028000,0.000000); 12.1711
(2.000000,2.032000,0.000000); 12.1671
(2.000000,2.036000,0.000000); 12.163
(2.000000,2.040000,0.000000); 12.159
(2.000000,2.044000,0.000000); 12.155
(2.000000,2.048000,0.000000); 12.151
(2.000000,2.052000,0.000000); 12.147
(2.000000,2.056000,0.000000); 12.143
(2.000000,2.060000,0.000000); 12.139
(2.000000,2.064000,0.000000); 12.135
(2.000000,2.068000,0.000000); 12.131
(2.000000,2.072000,0.000000); 12.127
(2.000000,2.076000,0.000000); 12.123
(2.000000,2.080000,0.000000); 12.119
(2.000000,2.084000,0.000000); 12.1149
(2.000000,2.088000,0.000000); 12.1109
(2.000000,2.092000,0.000000); 12.1069
(2.000000,2.096000,0.000000); 12.1029
(2.000000,2.100000,0.000000); 12.0989
(2.000000,2.104000,0.000000); 12.0949
(2.000000,2.108000,0.000000); 12.0909
(2.000000,2.112000,0.000000); 12.0869
(2.000000,2.116000,0.000000); 12.0829
(2.000000,2.120000,0.000000); 12.0789
(2.000000,2.124000,0.000000); 12.0749
(2.000000,2.128000,0.000000); 12.0708
(2.000000,2.132000,0.000000); 12.0668
(2.000000,2.136000,0.000000); 12.0628
(2.000000,2.140000,0.000000); 12.0588
(2.000000,2.144000,0.000000); 12.0548
(2.000000,2.148000,0.000000); 12.0508
(2.000000,2.152000,0.000000); 12.0468
(2.000000,2.156000,0.000000); 12.0428
(2.000000,2.160000,0.000000); 12.0388
(2.000000,2.164000,0.000000); 12.0348
(2.000000,2.168000,0.000000); 12.0308
(2.000000,2.172000,0.000000); 12.0267
(2.000000,2.176000,0.000000); 12.0227
(2.000000,2.180000,0.000000); 12.0187
(2.000000,2.184000,0.000000); 12.0147
(2.000000,2.188000,0.000000); 12.0107
(2.000000,2.192000,0.000000); 12.0067
(2.000000,2.196000,0.000000); 12.0027
(2.000000,2.200000,0.000000); 11.9987
(2.000000,2.204000,0.000000); 11.9947
(2.000000,2.208000,0.000000); 11.9907
(2.000000,2.212000,0.000000); 11.9867
(2.000000,2.216000,0.000000); 11.9826
(2.000000,2.220000,0.000000); 11.9786
(2.000000,2.224000,0.000000); 11.9746
(2.000000,2.228000,0.000000); 11.9706
(2.000000,2.232000,0.000000); 11.9666
(2.000000,2.236000,0.000000); 11.9626
(2.000000,2.240000,0.000000); 11.9586
(2.000000,2.244000,0.000000); 11.9546
(2.000000,2.248000,0.000000); 11.9506
(2.000000,2.252000,0.000000); 11.9466
(2.000000,2.256000,0.000000); 11.9426
(2.000000,2.260000,0.000000); 11.9386
(2.000000,2.264000,0.000000); 11.9345
(2.000000,2.268000,0.000000); 11.9305
(2.000000,2.272000,0.000000); 11.9265
(2.000000,2.276000,0.000000); 11.9225
(2.000000,2.280000,0.000000); 11.9185
(2.000000,2.284000,0.000000); 11.9145
(2.000000,2.288000,0.000000); 11.9105
(2.000000,2.292000,0.000000); 11.9065
(2.000000,2.296000,0.000000); 11.9025
(2.000000,2.300000,0.000000); 11.8985
(2.000000,2.304000,0.000000); 11.8945
(2.000000,2.308000,0.000000); 11.8904
(2.000000,2.312000,0.000000); 11.8864
(2.000000,2.316000,0.000000); 11.8824
(2.000000,2.320000,0.000000); 11.8784
(2.000000,2.324000,0.000000); 11.8744
(2.000000,2.328000,0.000000); 11.8704
(2.000000,2.332000,0.000000); 11.8664
(2.000000,2.336000,0.000000); 11.8624
(2.000000,2.340000,0.000000); 11.8584
(2.000000,2.344000,0.000000); 11.8544
(2.000000,2.348000,0.000000); 11.8504
(2.000000,2.352000,0.000000); 11.8463
(2.000000,2.356000,0.000000); 11.8423
(2.000000,2.360000,0.000000); 11.8383
(2.000000,2.364000,0.000000); 11.8343
(2.000000,2.368000,0.000000); 11.8303
(2.000000,2.372000,0.000000); 11.8263
(2.000000,2.376000,0.000000); 11.8223
(2.000000,2.380000,0.000000); 11.8183
(2.000000,2.384000,0.000000); 11.8143
(2.000000,2.388000,0.000000); 11.8103
(2.000000,2.392000,0.000000); 11.8063
(2.000000,2.396000,0.000000); 11.8023
(2.000000,2.400000,0.000000); 11.7982
(2.000000,2.404000,0.000000); 11.7942
(2.000000,2.408000,0.000000); 11.7902
(2.000000,2.412000,0.000000); 11.7862
(2.000000,2.416000,0.000000); 11.7822
(2.000000,2.420000,0.000000); 11.7782
(2.000000,2.424000,0.000000); 11.7742
(2.000000,2.428000,0.000000); 11.7702
(2.000000,2.432000,0.000000); 11.7662
(2.000000,2.436000,0.000000); 11.7622
(2.000000,2.440000,0.000000); 11.7582
(2.000000,2.444000,0.000000); 11.7541
(2.000000,2.448000,0.000000); 11.7501
(2.000000,2.452000,0.000000); 11.7461
(2.000000,2.456000,0.000000); 11.7421
(2.000000,2.460000,0.000000); 11.7381
(2.000000,2.464000,0.000000); 11.7341
(2.000000,2.468000,0.000000); 11.7301
(2.000000,2.472000,0.000000); 11.7261
(2.000000,2.476000,0.000000); 11.7221
(2.000000,2.480000,0.000000); 11.7181
(2.000000,2.484000,0.000000); 11.7141
(2.000000,2.488000,0.000000); 11.71
(2.000000,2.492000,0.000000); 11.706
(2.000000,2.496000,0.000000); 11.702
(2.000000,2.500000,0.000000); 11.698
(2.000000,2.504000,0.000000); 11.694
(2.000000,2.508000,0.000000); 11.69
(2.000000,2.512000,0.000000); 11.686
(2.000000,2.516000,0.000000); 11.682
(2.000000,2.520000,0.000000); 11.678
(2.000000,2.524000,0.000000); 11.674
(2.000000,2.528000,0.000000); 11.67
(2.000000,2.532000,0.000000); 11.666
(2.000000,2.536000,0.000000); 11.6619
(2.000000,2.540000,0.000000); 11.6579
(2.000000,2.544000,0.000000); 11.6539
(2.000000,2.548000,0.000000); 11.6499
(2.000000,2.552000,0.000000); 11.6459
(2.000000,2.556000,0.000000); 11.6419
(2.000000,2.560000,0.000000); 11.6379
(2.000000,2.564000,0.000000); 11.6339
(2.000000,2.568000,0.000000); 11.6299
(2.000000,2.572000,0.000000); 11.6259
(2.000000,2.576000,0.000000); 11.6219
(2.000000,2.580000,0.000000); 11.6178
(2.000000,2.584000,0.000000); 11.6138
(2.000000,2.588000,0.000000); 11.6098
(2.000000,2.592000,0.000000); 11.6058
(2.000000,2.596000,0.000000); 11.6018
(2.000000,2.600000,0.000000); 11.5978
(2.000000,2.604000,0.000000); 11.5938
(2.000000,2.608000,0.000000); 11.5898
(2.000000,2.612000,0.000000); 11.5858
(2.000000,2.616000,0.000000); 11.5818
(2.000000,2.620000,0.000000); 11.5778
(2.000000,2.624000,0.000000); 11.5738
(2.000000,2.628000,0.000000); 11.5697
(2.000000,2.632000,0.000000); 11.5657
(2.000000,2.636000,0.000000); 11.5617
(2.000000,2.640000,0.000000); 11.5577
(2.000000,2.644000,0.000000); 11.5537
(2.000000,2.648000,0.000000); 11.5497
(2.000000,2.652000,0.000000); 11.5457
(2.000000,2.656000,0.000000); 11.5417
(2.000000,2.660000,0.000000); 11.5377
(2.000000,2.664000,0.000000); 11.5337
(2.000000,2.668000,0.000000); 11.5297
(2.000000,2.672000,0.000000); 11.5257
(2.000000,2.676000,0.000000); 11.5216
(2.000000,2.680000,0.000000); 11.5176
(2.000000,2.684000,0.000000); 11.5136
(2.000000,2.688000,0.000000); 11.5096
(2.000000,2.692000,0.000000); 11.5056
(2.000000,2.696000,0.000000); 11.5016
(2.000000,2.700000,0.000000); 11.4976
(2.000000,2.704000,0.000000); 11.4936
(2.000000,2.708000,0.000000); 11.4896
(2.000000,2.712000,0.000000); 11.4856
(2.000000,2.716000,0.000000); 11.4816
(2.000000,2.720000,0.000000); 11.4775
(2.000000,2.724000,0.000000); 11.4735
(2.000000,2.728000,0.000000); 11.4695
(2.000000,2.732000,0.000000); 11.4655
(2.000000,2.736000,0.000000); 11.4615
(2.000000,2.740000,0.000000); 11.4575
(2.000000,2.744000,0.000000); 11.4535
(2.000000,2.748000,0.000000); 11.4495
(2.000000,2.752000,0.000000); 11.4455
(2.000000,2.756000,0.000000); 11.4415
(2.000000,2.760000,0.000000); 11.4375
(2.000000,2.764000,0.000000); 11.4335
(2.000000,2.768000,0.000000); 11.4294
(2.000000,2.772000,0.000000); 11.4254
(2.000000,2.776000,0.000000); 11.4214
(2.000000,2.780000,0.000000); 11.4174
(2.000000,2.784000,0.000000); 11.4134
(2.000000,2.788000,0.000000); 11.4094
(2.000000,2.792000,0.000000); 11.4054
(2.000000,2.796000,0.000000); 11.4014
(2.000000,2.800000,0.000000); 11.3974
(2.000000,2.804000,0.000000); 11.3934
(2.000000,2.808000,0.000000); 11.3894
(2.000000,2.812000,0.000000); 11.3854
(2.000000,2.816000,0.000000); 11.3813
(2.000000,2.820000,0.000000); 11.3773
(2.000000,2.824000,0.000000); 11.3733
(2.000000,2.828000,0.000000); 11.3693
(2.000000,2.832000,0.000000); 11.3653
(2.000000,2.836000,0.000000); 11.3613
(2.000000,2.840000,0.000000); 11.3573
(2.000000,2.844000,0.000000); 11.3533
(2.000000,2.848000,0.000000); 11.3493
(2.000000,2.852000,0.000000); 11.3453
(2.000000,2.856000,0.000000); 11.3413
(2.000000,2.860000,0.000000); 11.3373
(2.000000,2.864000,0.000000); 11.3332
(2.000000,2.868000,0.000000); 11.3292
(2.000000,2.872000,0.000000); 11.3252
(2.000000,2.876000,0.000000); 11.3212
(2.000000,2.880000,0.000000); 11.3172
(2.000000,2.884000,0.000000); 11.3132
(2.000000,2.888000,0.000000); 11.3092
(2.000000,2.892000,0.000000); 11.3052
(2.000000,2.896000,0.000000); 11.3012
(2.000000,2.900000,0.000000); 11.2972
(2.000000,2.904000,0.000000); 11.2932
(2.000000,2.908000,0.000000); 11.2892
(2.000000,2.912000,0.000000); 11.2851
(2.000000,2.916000,0.000000); 11.2811
(2.000000,2.920000,0.000000); 11.2771
(2.000000,2.924000,0.000000); 11.2731
(2.000000,2.928000,0.000000); 11.2691
(2.000000,2.932000,0.000000); 11.2651
(2.000000,2.936000,0.000000); 11.2611
(2.000000,2.940000,0.000000); 11.2571
(2.000000,2.944000,0.000000); 11.2531
(2.000000,2.948000,0.000000); 11.2491
(2.000000,2.952000,0.000000); 11.2451
(2.000000,2.956000,0.000000); 11.2411
(2.000000,2.960000,0.000000); 11.237
(2.000000,2.964000,0.000000); 11.233
(2.000000,2.968000,0.000000); 11.229
(2.000000,2.972000,0.000000); 11.225
(2.000000,2.976000,0.000000); 11.221
(2.000000,2.980000,0.000000); 11.217
(2.000000,2.984000,0.000000); 11.213
(2.000000,2.988000,0.000000); 11.209
(2.000000,2.992000,0.000000); 11.205
(2.000000,2.996000,0.000000); 11.201
(2.000000,3.000000,0.000000); 11.197
(2.000000,3.004000,0.000000); 11.193
(2.000000,3.008000,0.000000); 11.189
(2.000000,3.012000,0.000000); 11.1849
(2.000000,3.016000,0.000000); 11.1809
(2.000000,3.020000,0.000000); 11.1769
(2.000000,3.024000,0.000000); 11.1729
(2.000000,3.028000,0.000000); 11.1689
(2.000000,3.032000,0.000000); 11.1649
(2.000000,3.036000,0.000000); 11.1609
(2.000000,3.040000,0.000000); 11.1569
(2.000000,3.044000,0.000000); 11.1529
(2.000000,3.048000,0.000000); 11.1489
(2.000000,3.052000,0.000000); 11.1449
(2.000000,3.056000,0.000000); 11.1409
(2.000000,3.060000,0.000000); 11.1368
(2.000000,3.064000,0.000000); 11.1328
(2.000000,3.068000,0.000000); 11.1288
(2.000000,3.072000,0.000000); 11.1248
(2.000000,3.076000,0.000000); 11.1208
(2.000000,3.080000,0.000000); 11.1168
(2.000000,3.084000,0.000000); 11.1128
(2.000000,3.088000,0.000000); 11.1088
(2.000000,3.092000,0.000000); 11.1048
(2.000000,3.096000,0.000000); 11.1008
(2.000000,3.100000,0.000000); 11.0968
(2.000000,3.104000,0.000000); 11.0928
(2.000000,3.108000,0.000000); 11.0888
(2.000000,3.112000,0.000000); 11.0847
(2.000000,3.116000,0.000000); 11.0807
(2.000000,3.120000,0.000000); 11.0767
(2.000000,3.124000,0.000000); 11.0727
(2.000000,3.128000,0.000000); 11.0687
(2.000000,3.132000,0.000000); 11.0647
(2.000000,3.136000,0.000000); 11.0607
(2.000000,3.140000,0.000000); 11.0567
(2.000000,3.144000,0.000000); 11.0527
(2.000000,3.148000,0.000000); 11.0487
(2.000000,3.152000,0.000000); 11.0447
(2.000000,3.156000,0.000000); 11.0407
(2.000000,3.160000,0.000000); 11.0367
(2.000000,3.164000,0.000000); 11.0326
(2.000000,3.168000,0.000000); 11.0286
(2.000000,3.172000,0.000000); 11.0246
(2.000000,3.176000,0.000000); 11.0206
(2.000000,3.180000,0.000000); 11.0166
(2.000000,3.184000,0.000000); 11.0126
(2.000000,3.188000,0.000000); 11.0086
(2.000000,3.192000,0.000000); 11.0046
(2.000000,3.196000,0.000000); 11.0006
(2.000000,3.200000,0.000000); 10.9966
(2.000000,3.204000,0.000000); 10.9926
(2.000000,3.208000,0.000000); 10.9886
(2.000000,3.212000,0.000000); 10.9846
(2.000000,3.216000,0.000000); 10.9805
(2.000000,3.220000,0.000000); 10.9765
(2.000000,3.224000,0.000000); 10.9725
(2.000000,3.228000,0.000000); 10.9685
(2.000000,3.232000,0.000000); 10.9645
(2.000000,3.236000,0.000000); 10.9605
(2.000000,3.240000,0.000000); 10.9565
(2.000000,3.244000,0.000000); 10.9525
(2.000000,3.248000,0.000000); 10.9485
(2.000000,3.252000,0.000000); 10.9445
(2.000000,3.256000,0.000000); 10.9405
(2.000000,3.260000,0.000000); 10.9365
(2.000000,3.264000,0.000000); 10.9325
(2.000000,3.268000,0.000000); 10.9284
(2.000000,3.272000,0.000000); 10.9244
(2.000000,3.276000,0.000000); 10.9204
(2.000000,3.280000,0.000000); 10.9164
(2.000000,3.284000,0.000000); 10.9124
(2.000000,3.288000,0.000000); 10.9084
(2.000000,3.292000,0.000000); 10.9044
(2.000000,3.296000,0.000000); 10.9004
(2.000000,3.300000,0.000000); 10.8964
(2.000000,3.304000,0.000000); 10.8924
(2.000000,3.308000,0.000000); 10.8884
(2.000000,3.312000,0.000000); 10.8844
(2.000000,3.316000,0.000000); 10.8804
(2.000000,3.320000,0.000000); 10.8764
(2.000000,3.324000,0.000000); 10.8723
(2.000000,3.328000,0.000000); 10.8683
(2.000000,3.332000,0.000000); 10.8643
(2.000000,3.336000,0.000000); 10.8603
(2.000000,3.340000,0.000000); 10.8563
(2.000000,3.344000,0.000000); 10.8523
(2.000000,3.348000,0.000000); 10.8483
(2.000000,3.352000,0.000000); 10.8443
(2.000000,3.356000,0.000000); 10.8403
(2.000000,3.360000,0.000000); 10.8363
(2.000000,3.364000,0.000000); 10.8323
(2.000000,3.368000,0.000000); 10.8283
(2.000000,3.372000,0.000000); 10.8243
(2.000000,3.376000,0.000000); 10.8203
(2.000000,3.380000,0.000000); 10.8163
(2.000000,3.384000,0.000000); 10.8122
(2.000000,3.388000,0.000000); 10.8082
(2.000000,3.392000,0.000000); 10.8042
(2.000000,3.396000,0.000000); 10.8002
(2.000000,3.400000,0.000000); 10.7962
(2.000000,3.404000,0.000000); 10.7922
(2.000000,3.408000,0.000000); 10.7882
(2.000000,3.412000,0.000000); 10.7842
(2.000000,3.416000,0.000000); 10.7802
(2.000000,3.420000,0.000000); 10.7762
(2.000000,3.424000,0.000000); 10.7722
(2.000000,3.428000,0.000000); 10.7682
(2.000000,3.432000,0.000000); 10.7642
(2.000000,3.436000,0.000000); 10.7602
(2.000000,3.440000,0.000000); 10.7562
(2.000000,3.444000,0.000000); 10.7521
(2.000000,3.448000,0.000000); 10.7481
(2.000000,3.452000,0.000000); 10.7441
(2.000000,3.456000,0.000000); 10.7401
(2.000000,3.460000,0.000000); 10.7361
(2.000000,3.464000,0.000000); 10.7321
(2.000000,3.468000,0.000000); 10.7281
(2.000000,3.472000,0.000000); 10.7241
(2.000000,3.476000,0.000000); 10.7201
(2.000000,3.480000,0.000000); 10.7161
(2.000000,3.484000,0.000000); 10.7121
(2.000000,3.488000,0.000000); 10.7081
(2.000000,3.492000,0.000000); 10.7041
(2.000000,3.496000,0.000000); 10.7001
(2.000000,3.500000,0.000000); 10.6961
(2.000000,3.504000,0.000000); 10.692
(2.000000,3.508000,0.000000); 10.688
(2.000000,3.512000,0.000000); 10.684
(2.000000,3.516000,0.000000); 10.68
(2.000000,3.520000,0.000000); 10.676
(2.000000,3.524000,0.000000); 10.672
(2.000000,3.528000,0.000000); 10.668
(2.000000,3.532000,0.000000); 10.664
(2.000000,3.536000,0.000000); 10.66
(2.000000,3.540000,0.000000); 10.656
(2.000000,3.544000,0.000000); 10.652
(2.000000,3.548000,0.000000); 10.648
(2.000000,3.552000,0.000000); 10.644
(2.000000,3.556000,0.000000); 10.64
(2.000000,3.560000,0.000000); 10.636
(2.000000,3.564000,0.000000); 10.632
(2.000000,3.568000,0.000000); 10.628
(2.000000,3.572000,0.000000); 10.624
(2.000000,3.576000,0.000000); 10.6199
(2.000000,3.580000,0.000000); 10.6159
(2.000000,3.584000,0.000000); 10.6119
(2.000000,3.588000,0.000000); 10.6079
(2.000000,3.592000,0.000000); 10.6039
(2.000000,3.596000,0.000000); 10.5999
(2.000000,3.600000,0.000000); 10.5959
(2.000000,3.604000,0.000000); 10.5919
(2.000000,3.608000,0.000000); 10.5879
(2.000000,3.612000,0.000000); 10.5839
(2.000000,3.616000,0.000000); 10.5799
(2.000000,3.620000,0.000000); 10.5759
(2.000000,3.624000,0.000000); 10.5719
(2.000000,3.628000,0.000000); 10.5679
(2.000000,3.632000,0.000000); 10.5639
(2.000000,3.636000,0.000000); 10.5599
(2.000000,3.640000,0.000000); 10.5559
(2.000000,3.644000,0.000000); 10.5519
(2.000000,3.648000,0.000000); 10.5478
(2.000000,3.652000,0.000000); 10.5438
(2.000000,3.656000,0.000000); 10.5398
(2.000000,3.660000,0.000000); 10.5358
(2.000000,3.664000,0.000000); 10.5318
(2.000000,3.668000,0.000000); 10.5278
(2.000000,3.672000,0.000000); 10.5238
(2.000000,3.676000,0.000000); 10.5198
(2.000000,3.680000,0.000000); 10.5158
(2.000000,3.684000,0.000000); 10.5118
(2.000000,3.688000,0.000000); 10.5078
(2.000000,3.692000,0.000000); 10.5038
(2.000000,3.696000,0.000000); 10.4998
(2.000000,3.700000,0.000000); 10.4958
(2.000000,3.704000,0.000000); 10.4918
(2.000000,3.708000,0.000000); 10.4878
(2.000000,3.712000,0.000000); 10.4838
(2.000000,3.716000,0.000000); 10.4798
(2.000000,3.720000,0.000000); 10.4758
(2.000000,3.724000,0.000000); 10.4718
(2.000000,3.728000,0.000000); 10.4678
(2.000000,3.732000,0.000000); 10.4638
(2.000000,3.736000,0.000000); 10.4597
(2.000000,3.740000,0.000000); 10.4557
(2.000000,3.744000,0.000000); 10.4517
(2.000000,3.748000,0.000000); 10.4477
(2.000000,3.752000,0.000000); 10.4437
(2.000000,3.756000,0.000000); 10.4397
(2.000000,3.760000,0.000000); 10.4357
(2.000000,3.764000,0.000000); 10.4317
(2.000000,3.768000,0.000000); 10.4277
(2.000000,3.772000,0.000000); 10.4237
(2.000000,3.776000,0.000000); 10.4197
(2.000000,3.780000,0.000000); 10.4157
(2.000000,3.784000,0.000000); 10.4117
(2.000000,3.788000,0.000000); 10.4077
(2.000000,3.792000,0.000000); 10.4037
(2.000000,3.796000,0.000000); 10.3997
(2.000000,3.800000,0.000000); 10.3957
(2.000000,3.804000,0.000000); 10.3917
(2.000000,3.808000,0.000000); 10.3877
(2.000000,3.812000,0.000000); 10.3837
(2.000000,3.816000,0.000000); 10.3797
(2.000000,3.820000,0.000000); 10.3757
(2.000000,3.824000,0.000000); 10.3717
(2.000000,3.828000,0.000000); 10.3677
(2.000000,3.832000,0.000000); 10.3637
(2.000000,3.836000,0.000000); 10.3597
(2.000000,3.840000,0.000000); 10.3557
(2.000000,3.844000,0.000000); 10.3517
(2.000000,3.848000,0.000000); 10.3477
(2.000000,3.852000,0.000000); 10.3437
(2.000000,3.856000,0.000000); 10.3397
(2.000000,3.860000,0.000000); 10.3357
(2.000000,3.864000,0.000000); 10.3316
(2.000000,3.868000,0.000000); 10.3276
(2.000000,3.872000,0.000000); 10.3236
(2.000000,3.876000,0.000000); 10.3196
(2.000000,3.880000,0.000000); 10.3156
(2.000000,3.884000,0.000000); 10.3116
(2.000000,3.888000,0.000000); 10.3076
(2.000000,3.892000,0.000000); 10.3036
(2.000000,3.896000,0.000000); 10.2996
(2.000000,3.900000,0.000000); 10.2956
(2.000000,3.904000,0.000000); 10.2916
(2.000000,3.908000,0.000000); 10.2876
(2.000000,3.912000,0.000000); 10.2836
(2.000000,3.916000,0.000000); 10.2796
(2.000000,3.920000,0.000000); 10.2756
(2.000000,3.924000,0.000000); 10.2716
(2.000000,3.928000,0.000000); 10.2676
(2.000000,3.932000,0.000000); 10.2636
(2.000000,3.936000,0.000000); 10.2596
(2.000000,3.940000,0.000000); 10.2556
(2.000000,3.944000,0.000000); 10.2516
(2.000000,3.948000,0.000000); 10.2476
(2.000000,3.952000,0.000000); 10.2436
(2.000000,3.956000,0.000000); 10.2396
(2.000000,3.960000,0.000000); 10.2356
(2.000000,3.964000,0.000000); 10.2316
(2.000000,3.968000,0.000000); 10.2276
(2.000000,3.972000,0.000000); 10.2236
(2.000000,3.976000,0.000000); 10.2196
(2.000000,3.980000,0.000000); 10.2156
(2.000000,3.984000,0.000000); 10.2116
(2.000000,3.988000,0.000000); 10.2076
(2.000000,3.992000,0.000000); 10.2036
(2.000000,3.996000,0.000000); 10.1996
(2.000000,4.000000,0.000000); 10.1956
--
(2.000000,0.000000,0.000000); 12.2037
(2.000000,0.004000,0.000000); 12.2006
(2.000000,0.008000,0.000000); 12.1975
(2.000000,0.012000,0.000000); 12.1944
(2.000000,0.016000,0.000000); 12.1913
(2.000000,0.020000,0.000000); 12.1883
(2.000000,0.024000,0.000000); 12.1852
(2.000000,0.028000,0.000000); 12.1821
(2.000000,0.032000,0.000000); 12.179
(2.000000,0.036000,0.000000); 12.1759
(2.000000,0.040000,0.000000); 12.1728
(2.000000,0.044000,0.000000); 12.1698
(2.000000,0.048000,0.000000); 12.1667
(2.000000,0.052000,0.000000); 12.1636
(2.000000,0.056000,0.000000); 12.1605
(2.000000,0.060000,0.000000); 12.1574
(2.000000,0.064000,0.000000); 12.1543
(2.000000,0.068000,0.000000); 12.1512
(2.000000,0.072000,0.000000); 12.1482
(2.000000,0.076000,0.000000); 12.1451
(2.000000,0.080000,0.000000); 12.142
(2.000000,0.084000,0.000000); 12.1389
(2.000000,0.088000,0.000000); 12.1358
(2.000000,0.092000,0.000000); 12.1327
(2.000000,0.096000,0.000000); 12.1297
(2.000000,0.100000,0.000000); 12.1266
(2.000000,0.104000,0.000000); 12.1235
(2.000000,0.108000,0.000000); 12.1204
(2.000000,0.112000,0.000000); 12.1173
(2.000000,0.116000,0.000000); 12.1142
(2.000000,0.120000,0.000000); 12.1111
(2.000000,0.124000,0.000000); 12.1081
(2.000000,0.128000,0.000000); 12.105
(2.000000,0.132000,0.000000); 12.1019
(2.000000,0.136000,0.000000); 12.0988
(2.000000,0.140000,0.000000); 12.0957
(2.000000,0.144000,0.000000); 12.0926
(2.000000,0.148000,0.000000); 12.0896
(2.000000,0.152000,0.000000); 12.0865
(2.000000,0.156000,0.000000); 12.0834
(2.000000,0.160000,0.000000); 12.0803
(2.000000,0.164000,0.000000); 12.0772
(2.000000,0.168000,0.000000); 12.0741
(2.000000,0.172000,0.000000); 12.0711
(2.000000,0.176000,0.000000); 12.068
(2.000000,0.180000,0.000000); 12.0649
(2.000000,0.184000,0.000000); 12.0618
(2.000000,0.188000,0.000000); 12.0587
(2.000000,0.192000,0.000000); 12.0556
(2.000000,0.196000,0.000000); 12.0525
(2.000000,0.200000,0.000000); 12.0495
(2.000000,0.204000,0.000000); 12.0464
(2.000000,0.208000,0.000000); 12.0433
(2.000000,0.212000,0.000000); 12.0402
(2.000000,0.216000,0.000000); 12.0371
(2.000000,0.220000,0.000000); 12.034
(2.000000,0.224000,0.000000); 12.031
(2.000000,0.228000,0.000000); 12.0279
(2.000000,0.232000,0.000000); 12.0248
(2.000000,0.236000,0.000000); 12.0217
(2.000000,0.240000,0.000000); 12.0186
(2.000000,0.244000,0.000000); 12.0155
(2.000000,0.248000,0.000000); 12.0125
(2.000000,0.252000,0.000000); 12.0094
(2.000000,0.256000,0.000000); 12.0063
(2.000000,0.260000,0.000000); 12.0032
(2.000000,0.264000,0.000000); 12.0001
(2.000000,0.268000,0.000000); 11.997
(2.000000,0.272000,0.000000); 11.9939
(2.000000,0.276000,0.000000); 11.9909
(2.000000,0.280000,0.000000); 11.9878
(2.000000,0.284000,0.000000); 11.9847
(2.000000,0.288000,0.000000); 11.9816
(2.000000,0.292000,0.000000); 11.9785
(2.000000,0.296000,0.000000); 11.9754
(2.000000,0.300000,0.000000); 11.9724
(2.000000,0.304000,0.000000); 11.9693
(2.000000,0.308000,0.000000); 11.9662
(2.000000,0.312000,0.000000); 11.9631
(2.000000,0.316000,0.000000); 11.96
(2.000000,0.320000,0.000000); 11.9569
(2.000000,0.324000,0.000000); 11.9538
(2.000000,0.328000,0.000000); 11.9508
(2.000000,0.332000,0.000000); 11.9477
(2.000000,0.336000,0.000000); 11.9446
(2.000000,0.340000,0.000000); 11.9415
(2.000000,0.344000,0.000000); 11.9384
(2.000000,0.348000,0.000000); 11.9353
(2.000000,0.352000,0.000000); 11.9323
(2.000000,0.356000,0.000000); 11.9292
(2.000000,0.360000,0.000000); 11.9261
(2.000000,0.364000,0.000000); 11.923
(2.000000,0.368000,0.000000); 11.9199
(2.000000,0.372000,0.000000); 11.9168
(2.000000,0.376000,0.000000); 11.9138
(2.000000,0.380000,0.000000); 11.9107
(2.000000,0.384000,0.000000); 11.9076
(2.000000,0.388000,0.000000); 11.9045
(2.000000,0.392000,0.000000); 11.9014
(2.000000,0.396000,0.000000); 11.8983
(2.000000,0.400000,0.000000); 11.8952
(2.000000,0.404000,0.000000); 11.8922
(2.000000,0.408000,0.000000); 11.8891
(2.000000,0.412000,0.000000); 11.886
(2.000000,0.416000,0.000000); 11.8829
(2.000000,0.420000,0.000000); 11.8798
(2.000000,0.424000,0.000000); 11.8767
(2.000000,0.428000,0.000000); 11.8737
(2.000000,0.432000,0.000000); 11.8706
(2.000000,0.436000,0.000000); 11.8675
(2.000000,0.440000,0.000000); 11.8644
(2.000000,0.444000,0.000000); 11.8613
(2.000000,0.448000,0.000000); 11.8582
(2.000000,0.452000,0.000000); 11.8552
(2.000000,0.456000,0.000000); 11.8521
(2.000000,0.460000,0.000000); 11.849
(2.000000,0.464000,0.000000); 11.8459
(2.000000,0.468000,0.000000); 11.8428
(2.000000,0.472000,0.000000); 11.8397
(2.000000,0.476000,0.000000); 11.8366
(2.000000,0.480000,0.000000); 11.8336
(2.000000,0.484000,0.000000); 11.8305
(2.000000,0.488000,0.000000); 11.8274
(2.000000,0.492000,0.000000); 11.8243
(2.000000,0.496000,0.000000); 11.8212
(2.000000,0.500000,0.000000); 11.8181
(2.000000,0.504000,0.000000); 11.8151
(2.000000,0.508000,0.000000); 11.812
(2.000000,0.512000,0.000000); 11.8089
(2.000000,0.516000,0.000000); 11.8058
(2.000000,0.520000,0.000000); 11.8027
(2.000000,0.524000,0.000000); 11.7996
(2.000000,0.528000,0.000000); 11.7965
(2.000000,0.532000,0.000000); 11.7935
(2.000000,0.536000,0.000000); 11.7904
(2.000000,0.540000,0.000000); 11.7873
(2.000000,0.544000,0.000000); 11.7842
(2.000000,0.548000,0.000000); 11.7811
(2.000000,0.552000,0.000000); 11.778
(2.000000,0.556000,0.000000); 11.775
(2.000000,0.560000,0.000000); 11.7719
(2.000000,0.564000,0.000000); 11.7688
(2.000000,0.568000,0.000000); 11.7657
(2.000000,0.572000,0.000000); 11.7626
(2.000000,0.576000,0.000000); 11.7595
(2.000000,0.580000,0.000000); 11.7565
(2.000000,0.584000,0.000000); 11.7534
(2.000000,0.588000,0.000000); 11.7503
(2.000000,0.592000,0.000000); 11.7472
(2.000000,0.596000,0.000000); 11.7441
(2.000000,0.600000,0.000000); 11.741
(2.000000,0.604000,0.000000); 11.7379
(2.000000,0.608000,0.000000); 11.7349
(2.000000,0.612000,0.000000); 11.7318
(2.000000,0.616000,0.000000); 11.7287
(2.000000,0.620000,0.000000); 11.7256
(2.000000,0.624000,0.000000); 11.7225
(2.000000,0.628000,0.000000); 11.7194
(2.000000,0.632000,0.000000); 11.7164
(2.000000,0.636000,0.000000); 11.7133
(2.000000,0.640000,0.000000); 11.7102
(2.000000,0.644000,0.000000); 11.7071
(2.000000,0.648000,0.000000); 11.704
(2.000000,0.652000,0.000000); 11.7009
(2.000000,0.656000,0.000000); 11.6979
(2.000000,0.660000,0.000000); 11.6948
(2.000000,0.664000,0.000000); 11.6917
(2.000000,0.668000,0.000000); 11.6886
(2.000000,0.672000,0.000000); 11.6855
(2.000000,0.676000,0.000000); 11.6824
(2.000000,0.680000,0.000000); 11.6793
(2.000000,0.684000,0.000000); 11.6763
(2.000000,0.688000,0.000000); 11.6732
(2.000000,0.692000,0.000000); 11.6701
(2.000000,0.696000,0.000000); 11.667
(2.000000,0.700000,0.000000); 11.6639
(2.000000,0.704000,0.000000); 11.6608
(2.000000,0.708000,0.000000); 11.6578
(2.000000,0.712000,0.000000); 11.6547
(2.000000,0.716000,0.000000); 11.6516
(2.000000,0.720000,0.000000); 11.6485
(2.000000,0.724000,0.000000); 11.6454
(2.000000,0.728000,0.000000); 11.6423
(2.000000,0.732000,0.000000); 11.6393
(2.000000,0.736000,0.000000); 11.6362
(2.000000,0.740000,0.000000); 11.6331
(2.000000,0.744000,0.000000); 11.63
(2.000000,0.748000,0.000000); 11.6269
(2.000000,0.752000,0.000000); 11.6238
(2.000000,0.756000,0.000000); 11.6207
(2.000000,0.760000,0.000000); 11.6177
(2.000000,0.764000,0.000000); 11.6146
(2.000000,0.768000,0.000000); 11.6115
(2.000000,0.772000,0.000000); 11.6084
(2.000000,0.776000,0.000000); 11.6053
(2.000000,0.780000,0.000000); 11.6022
(2.000000,0.784000,0.000000); 11.5992
(2.000000,0.788000,0.000000); 11.5961
(2.000000,0.792000,0.000000); 11.593
(2.000000,0.796000,0.000000); 11.5899
(2.000000,0.800000,0.000000); 11.5868
(2.000000,0.804000,0.000000); 11.5837
(2.000000,0.808000,0.000000); 11.5806
(2.000000,0.812000,0.000000); 11.5776
(2.000000,0.816000,0.000000); 11.5745
(2.000000,0.820000,0.000000); 11.5714
(2.000000,0.824000,0.000000); 11.5683
(2.000000,0.828000,0.000000); 11.5652
(2.000000,0.832000,0.000000); 11.5621
(2.000000,0.836000,0.000000); 11.5591
(2.000000,0.840000,0.000000); 11.556
(2.000000,0.844000,0.000000); 11.5529
(2.000000,0.848000,0.000000); 11.5498
(2.000000,0.852000,0.000000); 11.5467
(2.000000,0.856000,0.000000); 11.5436
(2.000000,0.860000,0.000000); 11.5406
(2.000000,0.864000,0.000000); 11.5375
(2.000000,0.868000,0.000000); 11.5344
(2.000000,0.872000,0.000000); 11.5313
(2.000000,0.876000,0.000000); 11.5282
(2.000000,0.880000,0.000000); 11.5251
(2.000000,0.884000,0.000000); 11.522
(2.000000,0.888000,0.000000); 11.519
(2.000000,0.892000,0.000000); 11.5159
(2.000000,0.896000,0.000000); 11.5128
(2.000000,0.900000,0.000000); 11.5097
(2.000000,0.904000,0.000000); 11.5066
(2.000000,0.908000,0.000000); 11.5035
(2.000000,0.912000,0.000000); 11.5005
(2.000000,0.916000,0.000000); 11.4974
(2.000000,0.920000,0.000000); 11.4943
(2.000000,0.924000,0.000000); 11.4912
(2.000000,0.928000,0.000000); 11.4881
(2.000000,0.932000,0.000000); 11.485
(2.000000,0.936000,0.000000); 11.482
(2.000000,0.940000,0.000000); 11.4789
(2.000000,0.944000,0.000000); 11.4758
(2.000000,0.948000,0.000000); 11.4727
(2.000000,0.952000,0.000000); 11.4696
(2.000000,0.956000,0.000000); 11.4665
(2.000000,0.960000,0.000000); 11.4634
(2.000000,0.964000,0.000000); 11.4604
(2.000000,0.968000,0.000000); 11.4573
(2.000000,0.972000,0.000000); 11.4542
(2.000000,0.976000,0.000000); 11.4511
(2.000000,0.980000,0.000000); 11.448
(2.000000,0.984000,0.000000); 11.4449
(2.000000,0.988000,0.000000); 11.4419
(2.000000,0.992000,0.000000); 11.4388
(2.000000,0.996000,0.000000); 11.4357
(2.000000,1.000000,0.000000); 11.4326
(2.000000,1.004000,0.000000); 11.4295
(2.000000,1.008000,0.000000); 11.4264
(2.000000,1.012000,0.000000); 11.4234
(2.000000,1.016000,0.000000); 11.4203
(2.000000,1.020000,0.000000); 11.4172
(2.000000,1.024000,0.000000); 11.4141
(2.000000,1.028000,0.000000); 11.411
(2.000000,1.032000,0.000000); 11.4079
(2.000000,1.036000,0.000000); 11.4048
(2.000000,1.040000,0.000000); 11.4018
(2.000000,1.044000,0.000000); 11.3987
(2.000000,1.048000,0.000000); 11.3956
(2.000000,1.052000,0.000000); 11.3925
(2.000000,1.056000,0.000000); 11.3894
(2.000000,1.060000,0.000000); 11.3863
(2.000000,1.064000,0.000000); 11.3833
(2.000000,1.068000,0.000000); 11.3802
(2.000000,1.072000,0.000000); 11.3771
(2.000000,1.076000,0.000000); 11.374
(2.000000,1.080000,0.000000); 11.3709
(2.000000,1.084000,0.000000); 11.3678
(2.000000,1.088000,0.000000); 11.3648
(2.000000,1.092000,0.000000); 11.3617
(2.000000,1.096000,0.000000); 11.3586
(2.000000,1.100000,0.000000); 11.3555
(2.000000,1.104000,0.000000); 11.3524
(2.000000,1.108000,0.000000); 11.3493
(2.000000,1.112000,0.000000); 11.3462
(2.000000,1.116000,0.000000); 11.3432
(2.000000,1.120000,0.000000); 11.3401
(2.000000,1.124000,0.000000); 11.337
(2.000000,1.128000,0.000000); 11.3339
(2.000000,1.132000,0.000000); 11.3308
(2.000000,1.136000,0.000000); 11.3277
(2.000000,1.140000,0.000000); 11.3247
(2.000000,1.144000,0.000000); 11.3216
(2.000000,1.148000,0.000000); 11.3185
(2.000000,1.152000,0.000000); 11.3154
(2.000000,1.156000,0.000000); 11.3123
(2.000000,1.160000,0.000000); 11.3092
(2.000000,1.164000,0.000000); 11.3062
(2.000000,1.168000,0.000000); 11.3031
(2.000000,1.172000,0.000000); 11.3
(2.000000,1.176000,0.000000); 11.2969
(2.000000,1.180000,0.000000); 11.2938
(2.000000,1.184000,0.000000); 11.2907
(2.000000,1.188000,0.000000); 11.2877
(2.000000,1.192000,0.000000); 11.2846
(2.000000,1.196000,0.000000); 11.2815
(2.000000,1.200000,0.000000); 11.2784
(2.000000,1.204000,0.000000); 11.2753
(2.000000,1.208000,0.000000); 11.2722
(2.000000,1.212000,0.000000); 11.2691
(2.000000,1.216000,0.000000); 11.2661
(2.000000,1.220000,0.000000); 11.263
(2.000000,1.224000,0.000000); 11.2599
(2.000000,1.228000,0.000000); 11.2568
(2.000000,1.232000,0.000000); 11.2537
(2.000000,1.236000,0.000000); 11.2506
(2.000000,1.240000,0.000000); 11.2476
(2.000000,1.244000,0.000000); 11.2445
(2.000000,1.248000,0.000000); 11.2414
(2.000000,1.252000,0.000000); 11.2383
(2.000000,1.256000,0.000000); 11.2352
(2.000000,1.260000,0.000000); 11.2321
(2.000000,1.264000,0.000000); 11.2291
(2.000000,1.268000,0.000000); 11.226
(2.000000,1.272000,0.000000); 11.2229
(2.000000,1.276000,0.000000); 11.2198
(2.000000,1.280000,0.000000); 11.2167
(2.000000,1.284000,0.000000); 11.2136
(2.000000,1.288000,0.000000); 11.2105
(2.000000,1.292000,0.000000); 11.2075
(2.000000,1.296000,0.000000); 11.2044
(2.000000,1.300000,0.000000); 11.2013
(2.000000,1.304000,0.000000); 11.1982
(2.000000,1.308000,0.000000); 11.1951
(2.000000,1.312000,0.000000); 11.192
(2.000000,1.316000,0.000000); 11.189
(2.000000,1.320000,0.000000); 11.1859
(2.000000,1.324000,0.000000); 11.1828
(2.000000,1.328000,0.000000); 11.1797
(2.000000,1.332000,0.000000); 11.1766
(2.000000,1.336000,0.000000); 11.1735
(2.000000,1.340000,0.000000); 11.1705
(2.000000,1.344000,0.000000); 11.1674
(2.000000,1.348000,0.000000); 11.1643
(2.000000,1.352000,0.000000); 11.1612
(2.000000,1.356000,0.000000); 11.1581
(2.000000,1.360000,0.000000); 11.155
(2.000000,1.364000,0.000000); 11.152
(2.000000,1.368000,0.000000); 11.1489
(2.000000,1.372000,0.000000); 11.1458
(2.000000,1.376000,0.000000); 11.1427
(2.000000,1.380000,0.000000); 11.1396
(2.000000,1.384000,0.000000); 11.1365
(2.000000,1.388000,0.000000); 11.1334
(2.000000,1.392000,0.000000); 11.1304
(2.000000,1.396000,0.000000); 11.1273
(2.000000,1.400000,0.000000); 11.1242
(2.000000,1.404000,0.000000); 11.1211
(2.000000,1.408000,0.000000); 11.118
(2.000000,1.412000,0.000000); 11.1149
(2.000000,1.416000,0.000000); 11.1119
(2.000000,1.420000,0.000000); 11.1088
(2.000000,1.424000,0.000000); 11.1057
(2.000000,1.428000,0.000000); 11.1026
(2.000000,1.432000,0.000000); 11.0995
(2.000000,1.436000,0.000000); 11.0964
(2.000000,1.440000,0.000000); 11.0934
(2.000000,1.444000,0.000000); 11.0903
(2.000000,1.448000,0.000000); 11.0872
(2.000000,1.452000,0.000000); 11.0841
(2.000000,1.456000,0.000000); 11.081
(2.000000,1.460000,0.000000); 11.0779
(2.000000,1.464000,0.000000); 11.0749
(2.000000,1.468000,0.000000); 11.0718
(2.000000,1.472000,0.000000); 11.0687
(2.000000,1.476000,0.000000); 11.0656
(2.000000,1.480000,0.000000); 11.0625
(2.000000,1.484000,0.000000); 11.0594
(2.000000,1.488000,0.000000); 11.0563
(2.000000,1.492000,0.000000); 11.0533
(2.000000,1.496000,0.000000); 11.0502
(2.000000,1.500000,0.000000); 11.0471
(2.000000,1.504000,0.000000); 11.044
(2.000000,1.508000,0.000000); 11.0409
(2.000000,1.512000,0.000000); 11.0378
(2.000000,1.516000,0.000000); 11.0348
(2.000000,1.520000,0.000000); 11.0317
(2.000000,1.524000,0.000000); 11.0286
(2.000000,1.528000,0.000000); 11.0255
(2.000000,1.532000,0.000000); 11.0224
(2.000000,1.536000,0.000000); 11.0193
(2.000000,1.540000,0.000000); 11.0163
(2.000000,1.544000,0.000000); 11.0132
(2.000000,1.548000,0.000000); 11.0101
(2.000000,1.552000,0.000000); 11.007
(2.000000,1.556000,0.000000); 11.0039
(2.000000,1.560000,0.000000); 11.0008
(2.000000,1.564000,0.000000); 10.9978
(2.000000,1.568000,0.000000); 10.9947
(2.000000,1.572000,0.000000); 10.9916
(2.000000,1.576000,0.000000); 10.9885
(2.000000,1.580000,0.000000); 10.9854
(2.000000,1.584000,0.000000); 10.9823
(2.000000,1.588000,0.000000); 10.9792
(2.000000,1.592000,0.000000); 10.9762
(2.000000,1.596000,0.000000); 10.9731
(2.000000,1.600000,0.000000); 10.97
(2.000000,1.604000,0.000000); 10.9669
(2.000000,1.608000,0.000000); 10.9638
(2.000000,1.612000,0.000000); 10.9607
(2.000000,1.616000,0.000000); 10.9577
(2.000000,1.620000,0.000000); 10.9546
(2.000000,1.624000,0.000000); 10.9515
(2.000000,1.628000,0.000000); 10.9484
(2.000000,1.632000,0.000000); 10.9453
(2.000000,1.636000,0.000000); 10.9422
(2.000000,1.640000,0.000000); 10.9392
(2.000000,1.644000,0.000000); 10.9361
(2.000000,1.648000,0.000000); 10.933
(2.000000,1.652000,0.000000); 10.9299
(2.000000,1.656000,0.000000); 10.9268
(2.000000,1.660000,0.000000); 10.9237
(2.000000,1.664000,0.000000); 10.9207
(2.000000,1.668000,0.000000); 10.9176
(2.000000,1.672000,0.000000); 10.9145
(2.000000,1.676000,0.000000); 10.9114
(2.000000,1.680000,0.000000); 10.9083
(2.000000,1.684000,0.000000); 10.9052
(2.000000,1.688000,0.000000); 10.9022
(2.000000,1.692000,0.000000); 10.8991
(2.000000,1.696000,0.000000); 10.896
(2.000000,1.700000,0.000000); 10.8929
(2.000000,1.704000,0.000000); 10.8898
(2.000000,1.708000,0.000000); 10.8867
(2.000000,1.712000,0.000000); 10.8836
(2.000000,1.716000,0.000000); 10.8806
(2.000000,1.720000,0.000000); 10.8775
(2.000000,1.724000,0.000000); 10.8744
(2.000000,1.728000,0.000000); 10.8713
(2.000000,1.732000,0.000000); 10.8682
(2.000000,1.736000,0.000000); 10.8651
(2.000000,1.740000,0.000000); 10.8621
(2.000000,1.744000,0.000000); 10.859
(2.000000,1.748000,0.000000); 10.8559
(2.000000,1.752000,0.000000); 10.8528
(2.000000,1.756000,0.000000); 10.8497
(2.000000,1.760000,0.000000); 10.8466
(2.000000,1.764000,0.000000); 10.8436
(2.000000,1.768000,0.000000); 10.8405
(2.000000,1.772000,0.000000); 10.8374
(2.000000,1.776000,0.000000); 10.8343
(2.000000,1.780000,0.000000); 10.8312
(2.000000,1.784000,0.000000); 10.8281
(2.000000,1.788000,0.000000); 10.8251
(2.000000,1.792000,0.000000); 10.822
(2.000000,1.796000,0.000000); 10.8189
(2.000000,1.800000,0.000000); 10.8158
(2.000000,1.804000,0.000000); 10.8127
(2.000000,1.808000,0.000000); 10.8096
(2.000000,1.812000,0.000000); 10.8066
(2.000000,1.816000,0.000000); 10.8035
(2.000000,1.820000,0.000000); 10.8004
(2.000000,1.824000,0.000000); 10.7973
(2.000000,1.828000,0.000000); 10.7942
(2.000000,1.832000,0.000000); 10.7911
(2.000000,1.836000,0.000000); 10.7881
(2.000000,1.840000,0.000000); 10.785
(2.000000,1.844000,0.000000); 10.7819
(2.000000,1.848000,0.000000); 10.7788
(2.000000,1.852000,0.000000); 10.7757
(2.000000,1.856000,0.000000); 10.7726
(2.000000,1.860000,0.000000); 10.7696
(2.000000,1.864000,0.000000); 10.7665
(2.000000,1.868000,0.000000); 10.7634
(2.000000,1.872000,0.000000); 10.7603
(2.000000,1.876000,0.000000); 10.7572
(2.000000,1.880000,0.000000); 10.7541
(2.000000,1.884000,0.000000); 10.7511
(2.000000,1.888000,0.000000); 10.748
(2.000000,1.892000,0.000000); 10.7449
(2.000000,1.896000,0.000000); 10.7418
(2.000000,1.900000,0.000000); 10.7387
(2.000000,1.904000,0.000000); 10.7356
(2.000000,1.908000,0.000000); 10.7325
(2.000000,1.912000,0.000000); 10.7295
(2.000000,1.916000,0.000000); 10.7264
(2.000000,1.920000,0.000000); 10.7233
(2.000000,1.924000,0.000000); 10.7202
(2.000000,1.928000,0.000000); 10.7171
(2.000000,1.932000,0.000000); 10.714
(2.000000,1.936000,0.000000); 10.711
(2.000000,1.940000,0.000000); 10.7079
(2.000000,1.944000,0.000000); 10.7048
(2.000000,1.948000,0.000000); 10.7017
(2.000000,1.952000,0.000000); 10.6986
(2.000000,1.956000,0.000000); 10.6955
(2.000000,1.960000,0.000000); 10.6925
(2.000000,1.964000,0.000000); 10.6894
(2.000000,1.968000,0.000000); 10.6863
(2.000000,1.972000,0.000000); 10.6832
(2.000000,1.976000,0.000000); 10.6801
(2.000000,1.980000,0.000000); 10.677
(2.000000,1.984000,0.000000); 10.674
(2.000000,1.988000,0.000000); 10.6709
(2.000000,1.992000,0.000000); 10.6678
(2.000000,1.996000,0.000000); 10.6647
(2.000000,2.000000,0.000000); 10.6616
(2.000000,2.004000,0.000000); 10.6585
(2.000000,2.008000,0.000000); 10.6555
(2.000000,2.012000,0.000000); 10.6524
(2.000000,2.016000,0.000000); 10.6493
(2.000000,2.020000,0.000000); 10.6462
(2.000000,2.024000,0.000000); 10.6431
(2.000000,2.028000,0.000000); 10.64
(2.000000,2.032000,0.000000); 10.637
(2.000000,2.036000,0.000000); 10.6339
(2.000000,2.040000,0.000000); 10.6308
(2.000000,2.044000,0.000000); 10.6277
(2.000000,2.048000,0.000000); 10.6246
(2.000000,2.052000,0.000000); 10.6215
(2.000000,2.056000,0.000000); 10.6185
(2.000000,2.060000,0.000000); 10.6154
(2.000000,2.064000,0.000000); 10.6123
(2.000000,2.068000,0.000000); 10.6092
(2.000000,2.072000,0.000000); 10.6061
(2.000000,2.076000,0.000000); 10.603
(2.000000,2.080000,0.000000); 10.6
(2.000000,2.084000,0.000000); 10.5969
(2.000000,2.088000,0.000000); 10.5938
(2.000000,2.092000,0.000000); 10.5907
(2.000000,2.096000,0.000000); 10.5876
(2.000000,2.100000,0.000000); 10.5845
(2.000000,2.104000,0.000000); 10.5815
(2.000000,2.108000,0.000000); 10.5784
(2.000000,2.112000,0.000000); 10.5753
(2.000000,2.116000,0.000000); 10.5722
(2.000000,2.120000,0.000000); 10.5691
(2.000000,2.124000,0.000000); 10.566
(2.000000,2.128000,0.000000); 10.563
(2.000000,2.132000,0.000000); 10.5599
(2.000000,2.136000,0.000000); 10.5568
(2.000000,2.140000,0.000000); 10.5537
(2.000000,2.144000,0.000000); 10.5506
(2.000000,2.148000,0.000000); 10.5475
(2.000000,2.152000,0.000000); 10.5445
(2.000000,2.156000,0.000000); 10.5414
(2.000000,2.160000,0.000000); 10.5383
(2.000000,2.164000,0.000000); 10.5352
(2.000000,2.168000,0.000000); 10.5321
(2.000000,2.172000,0.000000); 10.529
(2.000000,2.176000,0.000000); 10.526
(2.000000,2.180000,0.000000); 10.5229
(2.000000,2.184000,0.000000); 10.5198
(2.000000,2.188000,0.000000); 10.5167
(2.000000,2.192000,0.000000); 10.5136
(2.000000,2.196000,0.000000); 10.5105
(2.000000,2.200000,0.000000); 10.5075
(2.000000,2.204000,0.000000); 10.5044
(2.000000,2.208000,0.000000); 10.5013
(2.000000,2.212000,0.000000); 10.4982
(2.000000,2.216000,0.000000); 10.4951
(2.000000,2.220000,0.000000); 10.492
(2.000000,2.224000,0.000000); 10.489
(2.000000,2.228000,0.000000); 10.4859
(2.000000,2.232000,0.000000); 10.4828
(2.000000,2.236000,0.000000); 10.4797
(2.000000,2.240000,0.000000); 10.4766
(2.000000,2.244000,0.000000); 10.4735
(2.000000,2.248000,0.000000); 10.4705
(2.000000,2.252000,0.000000); 10.4674
(2.000000,2.256000,0.000000); 10.4643
(2.000000,2.260000,0.000000); 10.4612
(2.000000,2.264000,0.000000); 10.4581
(2.000000,2.268000,0.000000); 10.455
(2.000000,2.272000,0.000000); 10.452
(2.000000,2.276000,0.000000); 10.4489
(2.000000,2.280000,0.000000); 10.4458
(2.000000,2.284000,0.000000); 10.4427
(2.000000,2.288000,0.000000); 10.4396
(2.000000,2.292000,0.000000); 10.4365
(2.000000,2.296000,0.000000); 10.4335
(2.000000,2.300000,0.000000); 10.4304
(2.000000,2.304000,0.000000); 10.4273
(2.000000,2.308000,0.000000); 10.4242
(2.000000,2.312000,0.000000); 10.4211
(2.000000,2.316000,0.000000); 10.418
(2.000000,2.320000,0.000000); 10.415
(2.000000,2.324000,0.000000); 10.4119
(2.000000,2.328000,0.000000); 10.4088
(2.000000,2.332000,0.000000); 10.4057
(2.000000,2.336000,0.000000); 10.4026
(2.000000,2.340000,0.000000); 10.3995
(2.000000,2.344000,0.000000); 10.3965
(2.000000,2.348000,0.000000); 10.3934
(2.000000,2.352000,0.000000); 10.3903
(2.000000,2.356000,0.000000); 10.3872
(2.000000,2.360000,0.000000); 10.3841
(2.000000,2.364000,0.000000); 10.381
(2.000000,2.368000,0.000000); 10.378
(2.000000,2.372000,0.000000); 10.3749
(2.000000,2.376000,0.000000); 10.3718
(2.000000,2.380000,0.000000); 10.3687
(2.000000,2.384000,0.000000); 10.3656
(2.000000,2.388000,0.000000); 10.3625
(2.000000,2.392000,0.000000); 10.3595
(2.000000,2.396000,0.000000); 10.3564
(2.000000,2.400000,0.000000); 10.3533
(2.000000,2.404000,0.000000); 10.3502
(2.000000,2.408000,0.000000); 10.3471
(2.000000,2.412000,0.000000); 10.344
(2.000000,2.416000,0.000000); 10.341
(2.000000,2.420000,0.000000); 10.3379
(2.000000,2.424000,0.000000); 10.3348
(2.000000,2.428000,0.000000); 10.3317
(2.000000,2.432000,0.000000); 10.3286
(2.000000,2.436000,0.000000); 10.3255
(2.000000,2.440000,0.000000); 10.3225
(2.000000,2.444000,0.000000); 10.3194
(2.000000,2.448000,0.000000); 10.3163
(2.000000,2.452000,0.000000); 10.3132
(2.000000,2.456000,0.000000); 10.3101
(2.000000,2.460000,0.000000); 10.307
(2.000000,2.464000,0.000000); 10.304
(2.000000,2.468000,0.000000); 10.3009
(2.000000,2.472000,0.000000); 10.2978
(2.000000,2.476000,0.000000); 10.2947
(2.000000,2.480000,0.000000); 10.2916
(2.000000,2.484000,0.000000); 10.2885
(2.000000,2.488000,0.000000); 10.2855
(2.000000,2.492000,0.000000); 10.2824
(2.000000,2.496000,0.000000); 10.2793
(2.000000,2.500000,0.000000); 10.2762
(2.000000,2.504000,0.000000); 10.2731
(2.000000,2.508000,0.000000); 10.27
(2.000000,2.512000,0.000000); 10.267
(2.000000,2.516000,0.000000); 10.2639
(2.000000,2.520000,0.000000); 10.2608
(2.000000,2.524000,0.000000); 10.2577
(2.000000,2.528000,0.000000); 10.2546
(2.000000,2.532000,0.000000); 10.2515
(2.000000,2.536000,0.000000); 10.2485
(2.000000,2.540000,0.000000); 10.2454
(2.000000,2.544000,0.000000); 10.2423
(2.000000,2.548000,0.000000); 10.2392
(2.000000,2.552000,0.000000); 10.2361
(2.000000,2.556000,0.000000); 10.233
(2.000000,2.560000,0.000000); 10.23
(2.000000,2.564000,0.000000); 10.2269
(2.000000,2.568000,0.000000); 10.2238
(2.000000,2.572000,0.000000); 10.2207
(2.000000,2.576000,0.000000); 10.2176
(2.000000,2.580000,0.000000); 10.2145
(2.000000,2.584000,0.000000); 10.2114
(2.000000,2.588000,0.000000); 10.2084
(2.000000,2.592000,0.000000); 10.2053
(2.000000,2.596000,0.000000); 10.2022
(2.000000,2.600000,0.000000); 10.1991
(2.000000,2.604000,0.000000); 10.196
(2.000000,2.608000,0.000000); 10.1929
(2.000000,2.612000,0.000000); 10.1899
(2.000000,2.616000,0.000000); 10.1868
(2.000000,2.620000,0.000000); 10.1837
(2.000000,2.624000,0.000000); 10.1806
(2.000000,2.628000,0.000000); 10.1775
(2.000000,2.632000,0.000000); 10.1744
(2.000000,2.636000,0.000000); 10.1714
(2.000000,2.640000,0.000000); 10.1683
(2.000000,2.644000,0.000000); 10.1652
(2.000000,2.648000,0.000000); 10.1621
(2.000000,2.652000,0.000000); 10.159
(2.000000,2.656000,0.000000); 10.1559
(2.000000,2.660000,0.000000); 10.1528
(2.000000,2.664000,0.000000); 10.1498
(2.000000,2.668000,0.000000); 10.1467
(2.000000,2.672000,0.000000); 10.1436
(2.000000,2.676000,0.000000); 10.1405
(2.000000,2.680000,0.000000); 10.1374
(2.000000,2.684000,0.000000); 10.1343
(2.000000,2.688000,0.000000); 10.1312
(2.000000,2.692000,0.000000); 10.1282
(2.000000,2.696000,0.000000); 10.1251
(2.000000,2.700000,0.000000); 10.122
(2.000000,2.704000,0.000000); 10.1189
(2.000000,2.708000,0.000000); 10.1158
(2.000000,2.712000,0.000000); 10.1127
(2.000000,2.716000,0.000000); 10.1096
(2.000000,2.720000,0.000000); 10.1066
(2.000000,2.724000,0.000000); 10.1035
(2.000000,2.728000,0.000000); 10.1004
(2.000000,2.732000,0.000000); 10.0973
(2.000000,2.736000,0.000000); 10.0942
(2.000000,2.740000,0.000000); 10.0911
(2.000000,2.744000,0.000000); 10.088
(2.000000,2.748000,0.000000); 10.085
(2.000000,2.752000,0.000000); 10.0819
(2.000000,2.756000,0.000000); 10.0788
(2.000000,2.760000,0.000000); 10.0757
(2.000000,2.764000,0.000000); 10.0726
(2.000000,2.768000,0.000000); 10.0695
(2.000000,2.772000,0.000000); 10.0664
(2.000000,2.776000,0.000000); 10.0633
(2.000000,2.780000,0.000000); 10.0603
(2.000000,2.784000,0.000000); 10.0572
(2.000000,2.788000,0.000000); 10.0541
(2.000000,2.792000,0.000000); 10.051
(2.000000,2.796000,0.000000); 10.0479
(2.000000,2.800000,0.000000); 10.0448
(2.000000,2.804000,0.000000); 10.0417
(2.000000,2.808000,0.000000); 10.0386
(2.000000,2.812000,0.000000); 10.0355
(2.000000,2.816000,0.000000); 10.0324
(2.000000,2.820000,0.000000); 10.0294
(2.000000,2.824000,0.000000); 10.0263
(2.000000,2.828000,0.000000); 10.0232
(2.000000,2.832000,0.000000); 10.0201
(2.000000,2.836000,0.000000); 10.017
(2.000000,2.840000,0.000000); 10.0139
(2.000000,2.844000,0.000000); 10.0108
(2.000000,2.848000,0.000000); 10.0077
(2.000000,2.852000,0.000000); 10.0046
(2.000000,2.856000,0.000000); 10.0015
(2.000000,2.860000,0.000000); 9.99845
(2.000000,2.864000,0.000000); 9.99536
(2.000000,2.868000,0.000000); 9.99227
(2.000000,2.872000,0.000000); 9.98918
(2.000000,2.876000,0.000000); 9.98609
(2.000000,2.880000,0.000000); 9.983
(2.000000,2.884000,0.000000); 9.97991
(2.000000,2.888000,0.000000); 9.97682
(2.000000,2.892000,0.000000); 9.97373
(2.000000,2.896000,0.000000); 9.97063
(2.000000,2.900000,0.000000); 9.96753
(2.000000,2.904000,0.000000); 9.96443
(2.000000,2.908000,0.000000); 9.96133
(2.000000,2.912000,0.000000); 9.95823
(2.000000,2.916000,0.000000); 9.95513
(2.000000,2.920000,0.000000); 9.95204
(2.000000,2.924000,0.000000); 9.94894
(2.000000,2.928000,0.000000); 9.94584
(2.000000,2.932000,0.000000); 9.94274
(2.000000,2.936000,0.000000); 9.93965
(2.000000,2.940000,0.000000); 9.93655
(2.000000,2.944000,0.000000); 9.93345
(2.000000,2.948000,0.000000); 9.93036
(2.000000,2.952000,0.000000); 9.92726
(2.000000,2.956000,0.000000); 9.92416
(2.000000,2.960000,0.000000); 9.92106
(2.000000,2.964000,0.000000); 9.91797
(2.000000,2.968000,0.000000); 9.91487
(2.000000,2.972000,0.000000); 9.91177
(2.000000,2.976000,0.000000); 9.90868
(2.000000,2.980000,0.000000); 9.90558
(2.000000,2.984000,0.000000); 9.90248
(2.000000,2.988000,0.000000); 9.89938
(2.000000,2.992000,0.000000); 9.89629
(2.000000,2.996000,0.000000); 9.89319
(2.000000,3.000000,0.000000); 9.89009
(2.000000,3.004000,0.000000); 9.887
(2.000000,3.008000,0.000000); 9.8839
(2.000000,3.012000,0.000000); 9.8808
(2.000000,3.016000,0.000000); 9.8777
(2.000000,3.020000,0.000000); 9.87461
(2.000000,3.024000,0.000000); 9.87149
(2.000000,3.028000,0.000000); 9.86836
(2.000000,3.032000,0.000000); 9.86524
(2.000000,3.036000,0.000000); 9.86211
(2.000000,3.040000,0.000000); 9.85899
(2.000000,3.044000,0.000000); 9.85587
(2.000000,3.048000,0.000000); 9.85274
(2.000000,3.052000,0.000000); 9.84962
(2.000000,3.056000,0.000000); 9.8465
(2.000000,3.060000,0.000000); 9.84337
(2.000000,3.064000,0.000000); 9.84025
(2.000000,3.068000,0.000000); 9.83712
(2.000000,3.072000,0.000000); 9.834
(2.000000,3.076000,0.000000); 9.83088
(2.000000,3.080000,0.000000); 9.82775
(2.000000,3.084000,0.000000); 9.82463
(2.000000,3.088000,0.000000); 9.82151
(2.000000,3.092000,0.000000); 9.81838
(2.000000,3.096000,0.000000); 9.81526
(2.000000,3.100000,0.000000); 9.81214
(2.000000,3.104000,0.000000); 9.80901
(2.000000,3.108000,0.000000); 9.80589
(2.000000,3.112000,0.000000); 9.80276
(2.000000,3.116000,0.000000); 9.79964
(2.000000,3.120000,0.000000); 9.79652
(2.000000,3.124000,0.000000); 9.79341
(2.000000,3.128000,0.000000); 9.7903
(2.000000,3.132000,0.000000); 9.78718
(2.000000,3.136000,0.000000); 9.78407
(2.000000,3.140000,0.000000); 9.78096
(2.000000,3.144000,0.000000); 9.77787
(2.000000,3.148000,0.000000); 9.77484
(2.000000,3.152000,0.000000); 9.77181
(2.000000,3.156000,0.000000); 9.76885
(2.000000,3.160000,0.000000); 9.76625
(2.000000,3.164000,0.000000); 9.76364
(2.000000,3.168000,0.000000); 9.76104
(2.000000,3.172000,0.000000); 9.75843
(2.000000,3.176000,0.000000); 9.75582
(2.000000,3.180000,0.000000); 9.75322
(2.000000,3.184000,0.000000); 9.75061
(2.000000,3.188000,0.000000); 9.74801
(2.000000,3.192000,0.000000); 9.7454
(2.000000,3.196000,0.000000); 9.74278
(2.000000,3.200000,0.000000); 9.74013
(2.000000,3.204000,0.000000); 9.73749
(2.000000,3.208000,0.000000); 9.73484
(2.000000,3.212000,0.000000); 9.7322
(2.000000,3.216000,0.000000); 9.72955
(2.000000,3.220000,0.000000); 9.7269
(2.000000,3.224000,0.000000); 9.72426
(2.000000,3.228000,0.000000); 9.72161
(2.000000,3.232000,0.000000); 9.71897
(2.000000,3.236000,0.000000); 9.71632
(2.000000,3.240000,0.000000); 9.71368
(2.000000,3.244000,0.000000); 9.71103
(2.000000,3.248000,0.000000); 9.70838
(2.000000,3.252000,0.000000); 9.70574
(2.000000,3.256000,0.000000); 9.70309
(2.000000,3.260000,0.000000); 9.70045
(2.000000,3.264000,0.000000); 9.6978
(2.000000,3.268000,0.000000); 9.69571
(2.000000,3.272000,0.000000); 9.69373
(2.000000,3.276000,0.000000); 9.69175
(2.000000,3.280000,0.000000); 9.68977
(2.000000,3.284000,0.000000); 9.68778
(2.000000,3.288000,0.000000); 9.6858
(2.000000,3.292000,0.000000); 9.68382
(2.000000,3.296000,0.000000); 9.68184
(2.000000,3.300000,0.000000); 9.67986
(2.000000,3.304000,0.000000); 9.67788
(2.000000,3.308000,0.000000); 9.6759
(2.000000,3.312000,0.000000); 9.67391
(2.000000,3.316000,0.000000); 9.67193
(2.000000,3.320000,0.000000); 9.66991
(2.000000,3.324000,0.000000); 9.66789
(2.000000,3.328000,0.000000); 9.66588
(2.000000,3.332000,0.000000); 9.66386
(2.000000,3.336000,0.000000); 9.66185
(2.000000,3.340000,0.000000); 9.65983
(2.000000,3.344000,0.000000); 9.65782
(2.000000,3.348000,0.000000); 9.6558
(2.000000,3.352000,0.000000); 9.65378
(2.000000,3.356000,0.000000); 9.65177
(2.000000,3.360000,0.000000); 9.64975
(2.000000,3.364000,0.000000); 9.64774
(2.000000,3.368000,0.000000); 9.64572
(2.000000,3.372000,0.000000); 9.64371
(2.000000,3.376000,0.000000); 9.64169
(2.000000,3.380000,0.000000); 9.63968
(2.000000,3.384000,0.000000); 9.63772
(2.000000,3.388000,0.000000); 9.63616
(2.000000,3.392000,0.000000); 9.6346
(2.000000,3.396000,0.000000); 9.63304
(2.000000,3.400000,0.000000); 9.63147
(2.000000,3.404000,0.000000); 9.62991
(2.000000,3.408000,0.000000); 9.62835
(2.000000,3.412000,0.000000); 9.62679
(2.000000,3.416000,0.000000); 9.62522
(2.000000,3.420000,0.000000); 9.62366
(2.000000,3.424000,0.000000); 9.6221
(2.000000,3.428000,0.000000); 9.62053
(2.000000,3.432000,0.000000); 9.61897
(2.000000,3.436000,0.000000); 9.61741
(2.000000,3.440000,0.000000); 9.61585
(2.000000,3.444000,0.000000); 9.61428
(2.000000,3.448000,0.000000); 9.61272
(2.000000,3.452000,0.000000); 9.61116
(2.000000,3.456000,0.000000); 9.6096
(2.000000,3.460000,0.000000); 9.60803
(2.000000,3.464000,0.000000); 9.60647
(2.000000,3.468000,0.000000); 9.60491
(2.000000,3.472000,0.000000); 9.60334
(2.000000,3.476000,0.000000); 9.60178
(2.000000,3.480000,0.000000); 9.60023
(2.000000,3.484000,0.000000); 9.59869
(2.000000,3.488000,0.000000); 9.59714
(2.000000,3.492000,0.000000); 9.5956
(2.000000,3.496000,0.000000); 9.59406
(2.000000,3.500000,0.000000); 9.59252
(2.000000,3.504000,0.000000); 9.59109
(2.000000,3.508000,0.000000); 9.58981
(2.000000,3.512000,0.000000); 9.58852
(2.000000,3.516000,0.000000); 9.58724
(2.000000,3.520000,0.000000); 9.58595
(2.000000,3.524000,0.000000); 9.58466
(2.000000,3.528000,0.000000); 9.58336
(2.000000,3.532000,0.000000); 9.58207
(2.000000,3.536000,0.000000); 9.58077
(2.000000,3.540000,0.000000); 9.57948
(2.000000,3.544000,0.000000); 9.57818
(2.000000,3.548000,0.000000); 9.57689
(2.000000,3.552000,0.000000); 9.5756
(2.000000,3.556000,0.000000); 9.5743
(2.000000,3.560000,0.000000); 9.57301
(2.000000,3.564000,0.000000); 9.57171
(2.000000,3.568000,0.000000); 9.57042
(2.000000,3.572000,0.000000); 9.56912
(2.000000,3.576000,0.000000); 9.56783
(2.000000,3.580000,0.000000); 9.56654
(2.000000,3.584000,0.000000); 9.56524
(2.000000,3.588000,0.000000); 9.56395
(2.000000,3.592000,0.000000); 9.56265
(2.000000,3.596000,0.000000); 9.56136
(2.000000,3.600000,0.000000); 9.56007
(2.000000,3.604000,0.000000); 9.55877
(2.000000,3.608000,0.000000); 9.55748
(2.000000,3.612000,0.000000); 9.55618
(2.000000,3.616000,0.000000); 9.55489
(2.000000,3.620000,0.000000); 9.55359
(2.000000,3.624000,0.000000); 9.55234
(2.000000,3.628000,0.000000); 9.55109
(2.000000,3.632000,0.000000); 9.54985
(2.000000,3.636000,0.000000); 9.54861
(2.000000,3.640000,0.000000); 9.54736
(2.000000,3.644000,0.000000); 9.54612
(2.000000,3.648000,0.000000); 9.54487
(2.000000,3.652000,0.000000); 9.54363
(2.000000,3.656000,0.000000); 9.54239
(2.000000,3.660000,0.000000); 9.54114
(2.000000,3.664000,0.000000); 9.5399
(2.000000,3.668000,0.000000); 9.53865
(2.000000,3.672000,0.000000); 9.53741
(2.000000,3.676000,0.000000); 9.53617
(2.000000,3.680000,0.000000); 9.53492
(2.000000,3.684000,0.000000); 9.53368
(2.000000,3.688000,0.000000); 9.53244
(2.000000,3.692000,0.000000); 9.53119
(2.000000,3.696000,0.000000); 9.52995
(2.000000,3.700000,0.000000); 9.5287
(2.000000,3.704000,0.000000); 9.52745
(2.000000,3.708000,0.000000); 9.52621
(2.000000,3.712000,0.000000); 9.52496
(2.000000,3.716000,0.000000); 9.5237
(2.000000,3.720000,0.000000); 9.52233
(2.000000,3.724000,0.000000); 9.52095
(2.000000,3.728000,0.000000); 9.51958
(2.000000,3.732000,0.000000); 9.5182
(2.000000,3.736000,0.000000); 9.51682
(2.000000,3.740000,0.000000); 9.51545
(2.000000,3.744000,0.000000); 9.51407
(2.000000,3.748000,0.000000); 9.5127
(2.000000,3.752000,0.000000); 9.51133
(2.000000,3.756000,0.000000); 9.50996
(2.000000,3.760000,0.000000); 9.5086
(2.000000,3.764000,0.000000); 9.50723
(2.000000,3.768000,0.000000); 9.50586
(2.000000,3.772000,0.000000); 9.5045
(2.000000,3.776000,0.000000); 9.50313
(2.000000,3.780000,0.000000); 9.50176
(2.000000,3.784000,0.000000); 9.5004
(2.000000,3.788000,0.000000); 9.49903
(2.000000,3.792000,0.000000); 9.49766
(2.000000,3.796000,0.000000); 9.4963
(2.000000,3.800000,0.000000); 9.49493
(2.000000,3.804000,0.000000); 9.49356
(2.000000,3.808000,0.000000); 9.4922
(2.000000,3.812000,0.000000); 9.49071
(2.000000,3.816000,0.000000); 9.48901
(2.000000,3.820000,0.000000); 9.48732
(2.000000,3.824000,0.000000); 9.48562
(2.000000,3.828000,0.000000); 9.48393
(2.000000,3.832000,0.000000); 9.48223
(2.000000,3.836000,0.000000); 9.48054
(2.000000,3.840000,0.000000); 9.47885
(2.000000,3.844000,0.000000); 9.47715
(2.000000,3.848000,0.000000); 9.47546
(2.000000,3.852000,0.000000); 9.47372
(2.000000,3.856000,0.000000); 9.47197
(2.000000,3.860000,0.000000); 9.47023
(2.000000,3.864000,0.000000); 9.46849
(2.000000,3.868000,0.000000); 9.46674
(2.000000,3.872000,0.000000); 9.465
(2.000000,3.876000,0.000000); 9.46326
(2.000000,3.880000,0.000000); 9.46151
(2.000000,3.884000,0.000000); 9.45977
(2.000000,3.888000,0.000000); 9.45803
(2.000000,3.892000,0.000000); 9.45628
(2.000000,3.896000,0.000000); 9.45454
(2.000000,3.900000,0.000000); 9.4528
(2.000000,3.904000,0.000000); 9.45105
(2.000000,3.908000,0.000000); 9.44864
(2.000000,3.912000,0.000000); 9.44593
(2.000000,3.916000,0.000000); 9.44322
(2.000000,3.920000,0.000000); 9.4405
(2.000000,3.924000,0.000000); 9.43779
(2.000000,3.928000,0.000000); 9.43508
(2.000000,3.932000,0.000000); 9.43236
(2.000000,3.936000,0.000000); 9.42965
(2.000000,3.940000,0.000000); 9.42694
(2.000000,3.944000,0.000000); 9.42422
(2.000000,3.948000,0.000000); 9.42151
(2.000000,3.952000,0.000000); 9.41879
(2.000000,3.956000,0.000000); 9.41608
(2.000000,3.960000,0.000000); 9.41337
(2.000000,3.964000,0.000000); 9.41065
(2.000000,3.968000,0.000000); 9.40794
(2.000000,3.972000,0.000000); 9.40523
(2.000000,3.976000,0.000000); 9.40251
(2.000000,3.980000,0.000000); 9.3998
(2.000000,3.984000,0.000000); 9.39709
(2.000000,3.988000,0.000000); 9.39437
(2.000000,3.992000,0.000000); 9.39166
(2.000000,3.996000,0.000000); 9.38895
(2.000000,4.000000,0.000000); 9.38623
--
