LOGFILE

(2.000000,0.000000,0.000000); 12.2037
(2.000000,0.004000,0.000000); 12.1997
(2.000000,0.008000,0.000000); 12.1957
(2.000000,0.012000,0.000000); 12.1917
(2.000000,0.016000,0.000000); 12.1877
(2.000000,0.020000,0.000000); 12.1837
(2.000000,0.024000,0.000000); 12.1797
(2.000000,0.028000,0.000000); 12.1757
(2.000000,0.032000,0.000000); 12.1717
(2.000000,0.036000,0.000000); 12.1677
(2.000000,0.040000,0.000000); 12.1637
(2.000000,0.044000,0.000000); 12.1597
(2.000000,0.048000,0.000000); 12.1557
(2.000000,0.052000,0.000000); 12.1517
(2.000000,0.056000,0.000000); 12.1477
(2.000000,0.060000,0.000000); 12.1437
(2.000000,0.064000,0.000000); 12.1397
(2.000000,0.068000,0.000000); 12.1357
(2.000000,0.072000,0.000000); 12.1317
(2.000000,0.076000,0.000000); 12.1277
(2.000000,0.080000,0.000000); 12.1237
(2.000000,0.084000,0.000000); 12.1197
(2.000000,0.088000,0.000000); 12.1157
(2.000000,0.092000,0.000000); 12.1117
(2.000000,0.096000,0.000000); 12.1077
(2.000000,0.100000,0.000000); 12.1037
(2.000000,0.104000,0.000000); 12.0997
(2.000000,0.108000,0.000000); 12.0957
(2.000000,0.112000,0.000000); 12.0917
(2.000000,0.116000,0.000000); 12.0877
(2.000000,0.120000,0.000000); 12.0837
(2.000000,0.124000,0.000000); 12.0797
(2.000000,0.128000,0.000000); 12.0757
(2.000000,0.132000,0.000000); 12.0717
(2.000000,0.136000,0.000000); 12.0677
(2.000000,0.140000,0.000000); 12.0637
(2.000000,0.144000,0.000000); 12.0597
(2.000000,0.148000,0.000000); 12.0558
(2.000000,0.152000,0.000000); 12.0518
(2.000000,0.156000,0.000000); 12.0478
(2.000000,0.160000,0.000000); 12.0438
(2.000000,0.164000,0.000000); 12.0398
(2.000000,0.168000,0.000000); 12.0358
(2.000000,0.172000,0.000000); 12.0318
(2.000000,0.176000,0.000000); 12.0278
(2.000000,0.180000,0.000000); 12.0238
(2.000000,0.184000,0.000000); 12.0198
(2.000000,0.188000,0.000000); 12.0158
(2.000000,0.192000,0.000000); 12.0118
(2.000000,0.196000,0.000000); 12.0078
(2.000000,0.200000,0.000000); 12.0038
(2.000000,0.204000,0.000000); 11.9998
(2.000000,0.208000,0.000000); 11.9958
(2.000000,0.212000,0.000000); 11.9918
(2.000000,0.216000,0.000000); 11.9878
(2.000000,0.220000,0.000000); 11.9838
(2.000000,0.224000,0.000000); 11.9798
(2.000000,0.228000,0.000000); 11.9758
(2.000000,0.232000,0.000000); 11.9718
(2.000000,0.236000,0.000000); 11.9678
(2.000000,0.240000,0.000000); 11.9638
(2.000000,0.244000,0.000000); 11.9598
(2.000000,0.248000,0.000000); 11.9558
(2.000000,0.252000,0.000000); 11.9518
(2.000000,0.256000,0.000000); 11.9478
(2.000000,0.260000,0.000000); 11.9438
(2.000000,0.264000,0.000000); 11.9398
(2.000000,0.268000,0.000000); 11.9358
(2.000000,0.272000,0.000000); 11.9318
(2.000000,0.276000,0.000000); 11.9278
(2.000000,0.280000,0.000000); 11.9238
(2.000000,0.284000,0.000000); 11.9198
(2.000000,0.288000,0.000000); 11.9158
(2.000000,0.292000,0.000000); 11.9118
(2.000000,0.296000,0.000000); 11.9078
(2.000000,0.300000,0.000000); 11.9038
(2.000000,0.304000,0.000000); 11.8998
(2.000000,0.308000,0.000000); 11.8958
(2.000000,0.312000,0.000000); 11.8918
(2.000000,0.316000,0.000000); 11.8878
(2.000000,0.320000,0.000000); 11.8838
(2.000000,0.324000,0.000000); 11.8798
(2.000000,0.328000,0.000000); 11.8758
(2.000000,0.332000,0.000000); 11.8718
(2.000000,0.336000,0.000000); 11.8678
(2.000000,0.340000,0.000000); 11.8638
(2.000000,0.344000,0.000000); 11.8598
(2.000000,0.348000,0.000000); 11.8558
(2.000000,0.352000,0.000000); 11.8518
(2.000000,0.356000,0.000000); 11.8479
(2.000000,0.360000,0.000000); 11.8439
(2.000000,0.364000,0.000000); 11.8399
(2.000000,0.368000,0.000000); 11.8359
(2.000000,0.372000,0.000000); 11.8319
(2.000000,0.376000,0.000000); 11.8279
(2.000000,0.380000,0.000000); 11.8239
(2.000000,0.384000,0.000000); 11.8199
(2.000000,0.388000,0.000000); 11.8159
(2.000000,0.392000,0.000000); 11.8119
(2.000000,0.396000,0.000000); 11.8079
(2.000000,0.400000,0.000000); 11.8039
(2.000000,0.404000,0.000000); 11.7999
(2.000000,0.408000,0.000000); 11.7959
(2.000000,0.412000,0.000000); 11.7919
(2.000000,0.416000,0.000000); 11.7879
(2.000000,0.420000,0.000000); 11.7839
(2.000000,0.424000,0.000000); 11.7799
(2.000000,0.428000,0.000000); 11.7759
(2.000000,0.432000,0.000000); 11.7719
(2.000000,0.436000,0.000000); 11.7679
(2.000000,0.440000,0.000000); 11.7639
(2.000000,0.444000,0.000000); 11.7599
(2.000000,0.448000,0.000000); 11.7559
(2.000000,0.452000,0.000000); 11.7519
(2.000000,0.456000,0.000000); 11.7479
(2.000000,0.460000,0.000000); 11.7439
(2.000000,0.464000,0.000000); 11.7399
(2.000000,0.468000,0.000000); 11.7359
(2.000000,0.472000,0.000000); 11.7319
(2.000000,0.476000,0.000000); 11.7279
(2.000000,0.480000,0.000000); 11.7239
(2.000000,0.484000,0.000000); 11.7199
(2.000000,0.488000,0.000000); 11.7159
(2.000000,0.492000,0.000000); 11.7119
(2.000000,0.496000,0.000000); 11.7079
(2.000000,0.500000,0.000000); 11.7039
(2.000000,0.504000,0.000000); 11.6999
(2.000000,0.508000,0.000000); 11.6959
(2.000000,0.512000,0.000000); 11.6919
(2.000000,0.516000,0.000000); 11.6879
(2.000000,0.520000,0.000000); 11.6839
(2.000000,0.524000,0.000000); 11.6799
(2.000000,0.528000,0.000000); 11.6759
(2.000000,0.532000,0.000000); 11.6719
(2.000000,0.536000,0.000000); 11.6679
(2.000000,0.540000,0.000000); 11.6639
(2.000000,0.544000,0.000000); 11.6599
(2.000000,0.548000,0.000000); 11.6559
(2.000000,0.552000,0.000000); 11.6519
(2.000000,0.556000,0.000000); 11.6479
(2.000000,0.560000,0.000000); 11.6439
(2.000000,0.564000,0.000000); 11.64
(2.000000,0.568000,0.000000); 11.636
(2.000000,0.572000,0.000000); 11.632
(2.000000,0.576000,0.000000); 11.628
(2.000000,0.580000,0.000000); 11.624
(2.000000,0.584000,0.000000); 11.62
(2.000000,0.588000,0.000000); 11.616
(2.000000,0.592000,0.000000); 11.612
(2.000000,0.596000,0.000000); 11.608
(2.000000,0.600000,0.000000); 11.604
(2.000000,0.604000,0.000000); 11.6
(2.000000,0.608000,0.000000); 11.596
(2.000000,0.612000,0.000000); 11.592
(2.000000,0.616000,0.000000); 11.588
(2.000000,0.620000,0.000000); 11.584
(2.000000,0.624000,0.000000); 11.58
(2.000000,0.628000,0.000000); 11.576
(2.000000,0.632000,0.000000); 11.572
(2.000000,0.636000,0.000000); 11.568
(2.000000,0.640000,0.000000); 11.564
(2.000000,0.644000,0.000000); 11.56
(2.000000,0.648000,0.000000); 11.556
(2.000000,0.652000,0.000000); 11.552
(2.000000,0.656000,0.000000); 11.548
(2.000000,0.660000,0.000000); 11.544
(2.000000,0.664000,0.000000); 11.54
(2.000000,0.668000,0.000000); 11.536
(2.000000,0.672000,0.000000); 11.532
(2.000000,0.676000,0.000000); 11.528
(2.000000,0.680000,0.000000); 11.524
(2.000000,0.684000,0.000000); 11.52
(2.000000,0.688000,0.000000); 11.516
(2.000000,0.692000,0.000000); 11.512
(2.000000,0.696000,0.000000); 11.508
(2.000000,0.700000,0.000000); 11.504
(2.000000,0.704000,0.000000); 11.5
(2.000000,0.708000,0.000000); 11.496
(2.000000,0.712000,0.000000); 11.492
(2.000000,0.716000,0.000000); 11.488
(2.000000,0.720000,0.000000); 11.484
(2.000000,0.724000,0.000000); 11.48
(2.000000,0.728000,0.000000); 11.476
(2.000000,0.732000,0.000000); 11.472
(2.000000,0.736000,0.000000); 11.468
(2.000000,0.740000,0.000000); 11.464
(2.000000,0.744000,0.000000); 11.46
(2.000000,0.748000,0.000000); 11.456
(2.000000,0.752000,0.000000); 11.452
(2.000000,0.756000,0.000000); 11.448
(2.000000,0.760000,0.000000); 11.444
(2.000000,0.764000,0.000000); 11.44
(2.000000,0.768000,0.000000); 11.436
(2.000000,0.772000,0.000000); 11.4321
(2.000000,0.776000,0.000000); 11.4281
(2.000000,0.780000,0.000000); 11.4241
(2.000000,0.784000,0.000000); 11.4201
(2.000000,0.788000,0.000000); 11.4161
(2.000000,0.792000,0.000000); 11.4121
(2.000000,0.796000,0.000000); 11.4081
(2.000000,0.800000,0.000000); 11.4041
(2.000000,0.804000,0.000000); 11.4001
(2.000000,0.808000,0.000000); 11.3961
(2.000000,0.812000,0.000000); 11.3921
(2.000000,0.816000,0.000000); 11.3881
(2.000000,0.820000,0.000000); 11.3841
(2.000000,0.824000,0.000000); 11.3801
(2.000000,0.828000,0.000000); 11.3761
(2.000000,0.832000,0.000000); 11.3721
(2.000000,0.836000,0.000000); 11.3681
(2.000000,0.840000,0.000000); 11.3641
(2.000000,0.844000,0.000000); 11.3601
(2.000000,0.848000,0.000000); 11.3561
(2.000000,0.852000,0.000000); 11.3521
(2.000000,0.856000,0.000000); 11.3481
(2.000000,0.860000,0.000000); 11.3441
(2.000000,0.864000,0.000000); 11.3401
(2.000000,0.868000,0.000000); 11.3361
(2.000000,0.872000,0.000000); 11.3321
(2.000000,0.876000,0.000000); 11.3281
(2.000000,0.880000,0.000000); 11.3241
(2.000000,0.884000,0.000000); 11.3201
(2.000000,0.888000,0.000000); 11.3161
(2.000000,0.892000,0.000000); 11.3121
(2.000000,0.896000,0.000000); 11.3081
(2.000000,0.900000,0.000000); 11.3041
(2.000000,0.904000,0.000000); 11.3001
(2.000000,0.908000,0.000000); 11.2961
(2.000000,0.912000,0.000000); 11.2921
(2.000000,0.916000,0.000000); 11.2881
(2.000000,0.920000,0.000000); 11.2841
(2.000000,0.924000,0.000000); 11.2801
(2.000000,0.928000,0.000000); 11.2761
(2.000000,0.932000,0.000000); 11.2721
(2.000000,0.936000,0.000000); 11.2681
(2.000000,0.940000,0.000000); 11.2641
(2.000000,0.944000,0.000000); 11.2601
(2.000000,0.948000,0.000000); 11.2561
(2.000000,0.952000,0.000000); 11.2521
(2.000000,0.956000,0.000000); 11.2481
(2.000000,0.960000,0.000000); 11.2441
(2.000000,0.964000,0.000000); 11.2401
(2.000000,0.968000,0.000000); 11.2361
(2.000000,0.972000,0.000000); 11.2321
(2.000000,0.976000,0.000000); 11.2282
(2.000000,0.980000,0.000000); 11.2242
(2.000000,0.984000,0.000000); 11.2202
(2.000000,0.988000,0.000000); 11.2162
(2.000000,0.992000,0.000000); 11.2122
(2.000000,0.996000,0.000000); 11.2082
(2.000000,1.000000,0.000000); 11.2042
(2.000000,1.004000,0.000000); 11.2002
(2.000000,1.008000,0.000000); 11.1962
(2.000000,1.012000,0.000000); 11.1922
(2.000000,1.016000,0.000000); 11.1882
(2.000000,1.020000,0.000000); 11.1842
(2.000000,1.024000,0.000000); 11.1802
(2.000000,1.028000,0.000000); 11.1762
(2.000000,1.032000,0.000000); 11.1722
(2.000000,1.036000,0.000000); 11.1682
(2.000000,1.040000,0.000000); 11.1642
(2.000000,1.044000,0.000000); 11.1602
(2.000000,1.048000,0.000000); 11.1562
(2.000000,1.052000,0.000000); 11.1522
(2.000000,1.056000,0.000000); 11.1482
(2.000000,1.060000,0.000000); 11.1442
(2.000000,1.064000,0.000000); 11.1402
(2.000000,1.068000,0.000000); 11.1362
(2.000000,1.072000,0.000000); 11.1322
(2.000000,1.076000,0.000000); 11.1282
(2.000000,1.080000,0.000000); 11.1242
(2.000000,1.084000,0.000000); 11.1202
(2.000000,1.088000,0.000000); 11.1162
(2.000000,1.092000,0.000000); 11.1122
(2.000000,1.096000,0.000000); 11.1082
(2.000000,1.100000,0.000000); 11.1042
(2.000000,1.104000,0.000000); 11.1002
(2.000000,1.108000,0.000000); 11.0962
(2.000000,1.112000,0.000000); 11.0922
(2.000000,1.116000,0.000000); 11.0882
(2.000000,1.120000,0.000000); 11.0842
(2.000000,1.124000,0.000000); 11.0802
(2.000000,1.128000,0.000000); 11.0762
(2.000000,1.132000,0.000000); 11.0722
(2.000000,1.136000,0.000000); 11.0682
(2.000000,1.140000,0.000000); 11.0642
(2.000000,1.144000,0.000000); 11.0602
(2.000000,1.148000,0.000000); 11.0562
(2.000000,1.152000,0.000000); 11.0522
(2.000000,1.156000,0.000000); 11.0482
(2.000000,1.160000,0.000000); 11.0442
(2.000000,1.164000,0.000000); 11.0402
(2.000000,1.168000,0.000000); 11.0362
(2.000000,1.172000,0.000000); 11.0322
(2.000000,1.176000,0.000000); 11.0282
(2.000000,1.180000,0.000000); 11.0242
(2.000000,1.184000,0.000000); 11.0203
(2.000000,1.188000,0.000000); 11.0163
(2.000000,1.192000,0.000000); 11.0123
(2.000000,1.196000,0.000000); 11.0083
(2.000000,1.200000,0.000000); 11.0043
(2.000000,1.204000,0.000000); 11.0003
(2.000000,1.208000,0.000000); 10.9963
(2.000000,1.212000,0.000000); 10.9923
(2.000000,1.216000,0.000000); 10.9883
(2.000000,1.220000,0.000000); 10.9843
(2.000000,1.224000,0.000000); 10.9803
(2.000000,1.228000,0.000000); 10.9763
(2.000000,1.232000,0.000000); 10.9723
(2.000000,1.236000,0.000000); 10.9683
(2.000000,1.240000,0.000000); 10.9643
(2.000000,1.244000,0.000000); 10.9603
(2.000000,1.248000,0.000000); 10.9563
(2.000000,1.252000,0.000000); 10.9523
(2.000000,1.256000,0.000000); 10.9483
(2.000000,1.260000,0.000000); 10.9443
(2.000000,1.264000,0.000000); 10.9403
(2.000000,1.268000,0.000000); 10.9363
(2.000000,1.272000,0.000000); 10.9323
(2.000000,1.276000,0.000000); 10.9283
(2.000000,1.280000,0.000000); 10.9243
(2.000000,1.284000,0.000000); 10.9203
(2.000000,1.288000,0.000000); 10.9163
(2.000000,1.292000,0.000000); 10.9123
(2.000000,1.296000,0.000000); 10.9083
(2.000000,1.300000,0.000000); 10.9043
(2.000000,1.304000,0.000000); 10.9003
(2.000000,1.308000,0.000000); 10.8963
(2.000000,1.312000,0.000000); 10.8923
(2.000000,1.316000,0.000000); 10.8883
(2.000000,1.320000,0.000000); 10.8843
(2.000000,1.324000,0.000000); 10.8803
(2.000000,1.328000,0.000000); 10.8763
(2.000000,1.332000,0.000000); 10.8723
(2.000000,1.336000,0.000000); 10.8683
(2.000000,1.340000,0.000000); 10.8643
(2.000000,1.344000,0.000000); 10.8603
(2.000000,1.348000,0.000000); 10.8563
(2.000000,1.352000,0.000000); 10.8523
(2.000000,1.356000,0.000000); 10.8483
(2.000000,1.360000,0.000000); 10.8443
(2.000000,1.364000,0.000000); 10.8403
(2.000000,1.368000,0.000000); 10.8363
(2.000000,1.372000,0.000000); 10.8323
(2.000000,1.376000,0.000000); 10.8283
(2.000000,1.380000,0.000000); 10.8243
(2.000000,1.384000,0.000000); 10.8203
(2.000000,1.388000,0.000000); 10.8164
(2.000000,1.392000,0.000000); 10.8124
(2.000000,1.396000,0.000000); 10.8084
(2.000000,1.400000,0.000000); 10.8044
(2.000000,1.404000,0.000000); 10.8004
(2.000000,1.408000,0.000000); 10.7964
(2.000000,1.412000,0.000000); 10.7924
(2.000000,1.416000,0.000000); 10.7884
(2.000000,1.420000,0.000000); 10.7844
(2.000000,1.424000,0.000000); 10.7804
(2.000000,1.428000,0.000000); 10.7764
(2.000000,1.432000,0.000000); 10.7724
(2.000000,1.436000,0.000000); 10.7684
(2.000000,1.440000,0.000000); 10.7644
(2.000000,1.444000,0.000000); 10.7604
(2.000000,1.448000,0.000000); 10.7564
(2.000000,1.452000,0.000000); 10.7524
(2.000000,1.456000,0.000000); 10.7484
(2.000000,1.460000,0.000000); 10.7444
(2.000000,1.464000,0.000000); 10.7404
(2.000000,1.468000,0.000000); 10.7364
(2.000000,1.472000,0.000000); 10.7324
(2.000000,1.476000,0.000000); 10.7284
(2.000000,1.480000,0.000000); 10.7244
(2.000000,1.484000,0.000000); 10.7204
(2.000000,1.488000,0.000000); 10.7164
(2.000000,1.492000,0.000000); 10.7124
(2.000000,1.496000,0.000000); 10.7084
(2.000000,1.500000,0.000000); 10.7044
(2.000000,1.504000,0.000000); 10.7004
(2.000000,1.508000,0.000000); 10.6964
(2.000000,1.512000,0.000000); 10.6924
(2.000000,1.516000,0.000000); 10.6884
(2.000000,1.520000,0.000000); 10.6844
(2.000000,1.524000,0.000000); 10.6804
(2.000000,1.528000,0.000000); 10.6764
(2.000000,1.532000,0.000000); 10.6724
(2.000000,1.536000,0.000000); 10.6684
(2.000000,1.540000,0.000000); 10.6644
(2.000000,1.544000,0.000000); 10.6604
(2.000000,1.548000,0.000000); 10.6564
(2.000000,1.552000,0.000000); 10.6524
(2.000000,1.556000,0.000000); 10.6484
(2.000000,1.560000,0.000000); 10.6444
(2.000000,1.564000,0.000000); 10.6404
(2.000000,1.568000,0.000000); 10.6364
(2.000000,1.572000,0.000000); 10.6324
(2.000000,1.576000,0.000000); 10.6284
(2.000000,1.580000,0.000000); 10.6244
(2.000000,1.584000,0.000000); 10.6204
(2.000000,1.588000,0.000000); 10.6164
(2.000000,1.592000,0.000000); 10.6124
(2.000000,1.596000,0.000000); 10.6085
(2.000000,1.600000,0.000000); 10.6045
(2.000000,1.604000,0.000000); 10.6005
(2.000000,1.608000,0.000000); 10.5965
(2.000000,1.612000,0.000000); 10.5925
(2.000000,1.616000,0.000000); 10.5885
(2.000000,1.620000,0.000000); 10.5845
(2.000000,1.624000,0.000000); 10.5805
(2.000000,1.628000,0.000000); 10.5765
(2.000000,1.632000,0.000000); 10.5725
(2.000000,1.636000,0.000000); 10.5685
(2.000000,1.640000,0.000000); 10.5645
(2.000000,1.644000,0.000000); 10.5605
(2.000000,1.648000,0.000000); 10.5565
(2.000000,1.652000,0.000000); 10.5525
(2.000000,1.656000,0.000000); 10.5485
(2.000000,1.660000,0.000000); 10.5445
(2.000000,1.664000,0.000000); 10.5405
(2.000000,1.668000,0.000000); 10.5365
(2.000000,1.672000,0.000000); 10.5325
(2.000000,1.676000,0.000000); 10.5285
(2.000000,1.680000,0.000000); 10.5245
(2.000000,1.684000,0.000000); 10.5205
(2.000000,1.688000,0.000000); 10.5165
(2.000000,1.692000,0.000000); 10.5125
(2.000000,1.696000,0.000000); 10.5085
(2.000000,1.700000,0.000000); 10.5045
(2.000000,1.704000,0.000000); 10.5005
(2.000000,1.708000,0.000000); 10.4965
(2.000000,1.712000,0.000000); 10.4925
(2.000000,1.716000,0.000000); 10.4885
(2.000000,1.720000,0.000000); 10.4845
(2.000000,1.724000,0.000000); 10.4805
(2.000000,1.728000,0.000000); 10.4765
(2.000000,1.732000,0.000000); 10.4725
(2.000000,1.736000,0.000000); 10.4685
(2.000000,1.740000,0.000000); 10.4645
(2.000000,1.744000,0.000000); 10.4605
(2.000000,1.748000,0.000000); 10.4565
(2.000000,1.752000,0.000000); 10.4525
(2.000000,1.756000,0.000000); 10.4485
(2.000000,1.760000,0.000000); 10.4445
(2.000000,1.764000,0.000000); 10.4405
(2.000000,1.768000,0.000000); 10.4365
(2.000000,1.772000,0.000000); 10.4325
(2.000000,1.776000,0.000000); 10.4285
(2.000000,1.780000,0.000000); 10.4245
(2.000000,1.784000,0.000000); 10.4205
(2.000000,1.788000,0.000000); 10.4165
(2.000000,1.792000,0.000000); 10.4125
(2.000000,1.796000,0.000000); 10.4086
(2.000000,1.800000,0.000000); 10.4046
(2.000000,1.804000,0.000000); 10.4006
(2.000000,1.808000,0.000000); 10.3966
(2.000000,1.812000,0.000000); 10.3926
(2.000000,1.816000,0.000000); 10.3886
(2.000000,1.820000,0.000000); 10.3846
(2.000000,1.824000,0.000000); 10.3806
(2.000000,1.828000,0.000000); 10.3766
(2.000000,1.832000,0.000000); 10.3726
(2.000000,1.836000,0.000000); 10.3686
(2.000000,1.840000,0.000000); 10.3646
(2.000000,1.844000,0.000000); 10.3606
(2.000000,1.848000,0.000000); 10.3566
(2.000000,1.852000,0.000000); 10.3526
(2.000000,1.856000,0.000000); 10.3486
(2.000000,1.860000,0.000000); 10.3446
(2.000000,1.864000,0.000000); 10.3406
(2.000000,1.868000,0.000000); 10.3366
(2.000000,1.872000,0.000000); 10.3326
(2.000000,1.876000,0.000000); 10.3286
(2.000000,1.880000,0.000000); 10.3246
(2.000000,1.884000,0.000000); 10.3206
(2.000000,1.888000,0.000000); 10.3166
(2.000000,1.892000,0.000000); 10.3126
(2.000000,1.896000,0.000000); 10.3086
(2.000000,1.900000,0.000000); 10.3046
(2.000000,1.904000,0.000000); 10.3006
(2.000000,1.908000,0.000000); 10.2966
(2.000000,1.912000,0.000000); 10.2926
(2.000000,1.916000,0.000000); 10.2886
(2.000000,1.920000,0.000000); 10.2846
(2.000000,1.924000,0.000000); 10.2806
(2.000000,1.928000,0.000000); 10.2766
(2.000000,1.932000,0.000000); 10.2726
(2.000000,1.936000,0.000000); 10.2686
(2.000000,1.940000,0.000000); 10.2646
(2.000000,1.944000,0.000000); 10.2606
(2.000000,1.948000,0.000000); 10.2566
(2.000000,1.952000,0.000000); 10.2526
(2.000000,1.956000,0.000000); 10.2486
(2.000000,1.960000,0.000000); 10.2446
(2.000000,1.964000,0.000000); 10.2406
(2.000000,1.968000,0.000000); 10.2366
(2.000000,1.972000,0.000000); 10.2326
(2.000000,1.976000,0.000000); 10.2286
(2.000000,1.980000,0.000000); 10.2246
(2.000000,1.984000,0.000000); 10.2206
(2.000000,1.988000,0.000000); 10.2166
(2.000000,1.992000,0.000000); 10.2126
(2.000000,1.996000,0.000000); 10.2087
(2.000000,2.000000,0.000000); 10.2047
(2.000000,2.004000,0.000000); 10.2007
(2.000000,2.008000,0.000000); 10.1967
(2.000000,2.012000,0.000000); 10.1927
(2.000000,2.016000,0.000000); 10.1887
(2.000000,2.020000,0.000000); 10.1847
(2.000000,2.024000,0.000000); 10.1807
(2.000000,2.028000,0.000000); 10.1767
(2.000000,2.032000,0.000000); 10.1727
(2.000000,2.036000,0.000000); 10.1687
(2.000000,2.040000,0.000000); 10.1647
(2.000000,2.044000,0.000000); 10.1607
(2.000000,2.048000,0.000000); 10.1567
(2.000000,2.052000,0.000000); 10.1527
(2.000000,2.056000,0.000000); 10.1487
(2.000000,2.060000,0.000000); 10.1447
(2.000000,2.064000,0.000000); 10.1407
(2.000000,2.068000,0.000000); 10.1367
(2.000000,2.072000,0.000000); 10.1327
(2.000000,2.076000,0.000000); 10.1287
(2.000000,2.080000,0.000000); 10.1247
(2.000000,2.084000,0.000000); 10.1207
(2.000000,2.088000,0.000000); 10.1167
(2.000000,2.092000,0.000000); 10.1127
(2.000000,2.096000,0.000000); 10.1087
(2.000000,2.100000,0.000000); 10.1047
(2.000000,2.104000,0.000000); 10.1007
(2.000000,2.108000,0.000000); 10.0967
(2.000000,2.112000,0.000000); 10.0927
(2.000000,2.116000,0.000000); 10.0887
(2.000000,2.120000,0.000000); 10.0847
(2.000000,2.124000,0.000000); 10.0807
(2.000000,2.128000,0.000000); 10.0767
(2.000000,2.132000,0.000000); 10.0727
(2.000000,2.136000,0.000000); 10.0687
(2.000000,2.140000,0.000000); 10.0647
(2.000000,2.144000,0.000000); 10.0607
(2.000000,2.148000,0.000000); 10.0567
(2.000000,2.152000,0.000000); 10.0527
(2.000000,2.156000,0.000000); 10.0487
(2.000000,2.160000,0.000000); 10.0447
(2.000000,2.164000,0.000000); 10.0407
(2.000000,2.168000,0.000000); 10.0367
(2.000000,2.172000,0.000000); 10.0327
(2.000000,2.176000,0.000000); 10.0287
(2.000000,2.180000,0.000000); 10.0247
(2.000000,2.184000,0.000000); 10.0207
(2.000000,2.188000,0.000000); 10.0167
(2.000000,2.192000,0.000000); 10.0128
(2.000000,2.196000,0.000000); 10.0088
(2.000000,2.200000,0.000000); 10.0048
(2.000000,2.204000,0.000000); 10.0008
(2.000000,2.208000,0.000000); 9.99676
(2.000000,2.212000,0.000000); 9.99276
(2.000000,2.216000,0.000000); 9.98876
(2.000000,2.220000,0.000000); 9.98476
(2.000000,2.224000,0.000000); 9.98077
(2.000000,2.228000,0.000000); 9.97677
(2.000000,2.232000,0.000000); 9.97277
(2.000000,2.236000,0.000000); 9.96877
(2.000000,2.240000,0.000000); 9.96478
(2.000000,2.244000,0.000000); 9.96078
(2.000000,2.248000,0.000000); 9.95678
(2.000000,2.252000,0.000000); 9.95278
(2.000000,2.256000,0.000000); 9.94878
(2.000000,2.260000,0.000000); 9.94479
(2.000000,2.264000,0.000000); 9.94079
(2.000000,2.268000,0.000000); 9.93679
(2.000000,2.272000,0.000000); 9.93279
(2.000000,2.276000,0.000000); 9.92879
(2.000000,2.280000,0.000000); 9.9248
(2.000000,2.284000,0.000000); 9.9208
(2.000000,2.288000,0.000000); 9.9168
(2.000000,2.292000,0.000000); 9.9128
(2.000000,2.296000,0.000000); 9.9088
(2.000000,2.300000,0.000000); 9.90481
(2.000000,2.304000,0.000000); 9.90081
(2.000000,2.308000,0.000000); 9.89681
(2.000000,2.312000,0.000000); 9.89281
(2.000000,2.316000,0.000000); 9.88881
(2.000000,2.320000,0.000000); 9.88482
(2.000000,2.324000,0.000000); 9.88082
(2.000000,2.328000,0.000000); 9.87682
(2.000000,2.332000,0.000000); 9.87282
(2.000000,2.336000,0.000000); 9.86882
(2.000000,2.340000,0.000000); 9.86483
(2.000000,2.344000,0.000000); 9.86083
(2.000000,2.348000,0.000000); 9.85683
(2.000000,2.352000,0.000000); 9.85283
(2.000000,2.356000,0.000000); 9.84884
(2.000000,2.360000,0.000000); 9.84484
(2.000000,2.364000,0.000000); 9.84084
(2.000000,2.368000,0.000000); 9.83684
(2.000000,2.372000,0.000000); 9.83284
(2.000000,2.376000,0.000000); 9.82885
(2.000000,2.380000,0.000000); 9.82485
(2.000000,2.384000,0.000000); 9.82085
(2.000000,2.388000,0.000000); 9.81685
(2.000000,2.392000,0.000000); 9.81285
(2.000000,2.396000,0.000000); 9.80886
(2.000000,2.400000,0.000000); 9.80486
(2.000000,2.404000,0.000000); 9.80086
(2.000000,2.408000,0.000000); 9.79686
(2.000000,2.412000,0.000000); 9.79286
(2.000000,2.416000,0.000000); 9.78887
(2.000000,2.420000,0.000000); 9.78487
(2.000000,2.424000,0.000000); 9.78087
(2.000000,2.428000,0.000000); 9.77687
(2.000000,2.432000,0.000000); 9.77288
(2.000000,2.436000,0.000000); 9.76888
(2.000000,2.440000,0.000000); 9.76488
(2.000000,2.444000,0.000000); 9.76088
(2.000000,2.448000,0.000000); 9.75689
(2.000000,2.452000,0.000000); 9.75289
(2.000000,2.456000,0.000000); 9.7489
(2.000000,2.460000,0.000000); 9.7449
(2.000000,2.464000,0.000000); 9.74091
(2.000000,2.468000,0.000000); 9.73691
(2.000000,2.472000,0.000000); 9.73292
(2.000000,2.476000,0.000000); 9.72892
(2.000000,2.480000,0.000000); 9.72493
(2.000000,2.484000,0.000000); 9.72093
(2.000000,2.488000,0.000000); 9.71694
(2.000000,2.492000,0.000000); 9.71294
(2.000000,2.496000,0.000000); 9.70895
(2.000000,2.500000,0.000000); 9.70495
(2.000000,2.504000,0.000000); 9.70096
(2.000000,2.508000,0.000000); 9.69696
(2.000000,2.512000,0.000000); 9.69297
(2.000000,2.516000,0.000000); 9.68898
(2.000000,2.520000,0.000000); 9.68498
(2.000000,2.524000,0.000000); 9.68099
(2.000000,2.528000,0.000000); 9.67699
(2.000000,2.532000,0.000000); 9.673
(2.000000,2.536000,0.000000); 9.669
(2.000000,2.540000,0.000000); 9.66502
(2.000000,2.544000,0.000000); 9.66103
(2.000000,2.548000,0.000000); 9.65705
(2.000000,2.552000,0.000000); 9.65306
(2.000000,2.556000,0.000000); 9.64908
(2.000000,2.560000,0.000000); 9.64509
(2.000000,2.564000,0.000000); 9.64111
(2.000000,2.568000,0.000000); 9.63712
(2.000000,2.572000,0.000000); 9.63314
(2.000000,2.576000,0.000000); 9.62916
(2.000000,2.580000,0.000000); 9.62517
(2.000000,2.584000,0.000000); 9.62119
(2.000000,2.588000,0.000000); 9.6172
(2.000000,2.592000,0.000000); 9.61322
(2.000000,2.596000,0.000000); 9.60923
(2.000000,2.600000,0.000000); 9.60525
(2.000000,2.604000,0.000000); 9.60126
(2.000000,2.608000,0.000000); 9.59728
(2.000000,2.612000,0.000000); 9.59329
(2.000000,2.616000,0.000000); 9.58931
(2.000000,2.620000,0.000000); 9.58532
(2.000000,2.624000,0.000000); 9.58134
(2.000000,2.628000,0.000000); 9.57735
(2.000000,2.632000,0.000000); 9.5734
(2.000000,2.636000,0.000000); 9.56946
(2.000000,2.640000,0.000000); 9.56553
(2.000000,2.644000,0.000000); 9.56159
(2.000000,2.648000,0.000000); 9.55766
(2.000000,2.652000,0.000000); 9.55372
(2.000000,2.656000,0.000000); 9.54979
(2.000000,2.660000,0.000000); 9.54585
(2.000000,2.664000,0.000000); 9.54191
(2.000000,2.668000,0.000000); 9.53798
(2.000000,2.672000,0.000000); 9.53404
(2.000000,2.676000,0.000000); 9.53011
(2.000000,2.680000,0.000000); 9.52617
(2.000000,2.684000,0.000000); 9.52224
(2.000000,2.688000,0.000000); 9.5183
(2.000000,2.692000,0.000000); 9.51437
(2.000000,2.696000,0.000000); 9.51043
(2.000000,2.700000,0.000000); 9.5065
(2.000000,2.704000,0.000000); 9.50256
(2.000000,2.708000,0.000000); 9.49863
(2.000000,2.712000,0.000000); 9.49469
(2.000000,2.716000,0.000000); 9.49076
(2.000000,2.720000,0.000000); 9.48682
(2.000000,2.724000,0.000000); 9.48289
(2.000000,2.728000,0.000000); 9.47895
(2.000000,2.732000,0.000000); 9.47502
(2.000000,2.736000,0.000000); 9.47108
(2.000000,2.740000,0.000000); 9.46715
(2.000000,2.744000,0.000000); 9.46321
(2.000000,2.748000,0.000000); 9.45928
(2.000000,2.752000,0.000000); 9.45534
(2.000000,2.756000,0.000000); 9.45141
(2.000000,2.760000,0.000000); 9.44747
(2.000000,2.764000,0.000000); 9.44382
(2.000000,2.768000,0.000000); 9.44017
(2.000000,2.772000,0.000000); 9.43652
(2.000000,2.776000,0.000000); 9.43288
(2.000000,2.780000,0.000000); 9.42923
(2.000000,2.784000,0.000000); 9.42558
(2.000000,2.788000,0.000000); 9.42193
(2.000000,2.792000,0.000000); 9.41828
(2.000000,2.796000,0.000000); 9.41464
(2.000000,2.800000,0.000000); 9.41099
(2.000000,2.804000,0.000000); 9.40734
(2.000000,2.808000,0.000000); 9.40369
(2.000000,2.812000,0.000000); 9.40004
(2.000000,2.816000,0.000000); 9.39639
(2.000000,2.820000,0.000000); 9.39275
(2.000000,2.824000,0.000000); 9.3891
(2.000000,2.828000,0.000000); 9.38545
(2.000000,2.832000,0.000000); 9.3818
(2.000000,2.836000,0.000000); 9.37815
(2.000000,2.840000,0.000000); 9.37451
(2.000000,2.844000,0.000000); 9.37086
(2.000000,2.848000,0.000000); 9.36721
(2.000000,2.852000,0.000000); 9.36356
(2.000000,2.856000,0.000000); 9.35991
(2.000000,2.860000,0.000000); 9.35626
(2.000000,2.864000,0.000000); 9.35262
(2.000000,2.868000,0.000000); 9.34897
(2.000000,2.872000,0.000000); 9.34532
(2.000000,2.876000,0.000000); 9.34169
(2.000000,2.880000,0.000000); 9.33809
(2.000000,2.884000,0.000000); 9.33449
(2.000000,2.888000,0.000000); 9.3309
(2.000000,2.892000,0.000000); 9.32776
(2.000000,2.896000,0.000000); 9.32521
(2.000000,2.900000,0.000000); 9.32266
(2.000000,2.904000,0.000000); 9.32011
(2.000000,2.908000,0.000000); 9.31755
(2.000000,2.912000,0.000000); 9.31491
(2.000000,2.916000,0.000000); 9.31227
(2.000000,2.920000,0.000000); 9.30962
(2.000000,2.924000,0.000000); 9.30698
(2.000000,2.928000,0.000000); 9.30434
(2.000000,2.932000,0.000000); 9.30169
(2.000000,2.936000,0.000000); 9.29905
(2.000000,2.940000,0.000000); 9.29641
(2.000000,2.944000,0.000000); 9.29376
(2.000000,2.948000,0.000000); 9.29112
(2.000000,2.952000,0.000000); 9.28848
(2.000000,2.956000,0.000000); 9.28584
(2.000000,2.960000,0.000000); 9.28319
(2.000000,2.964000,0.000000); 9.28055
(2.000000,2.968000,0.000000); 9.27791
(2.000000,2.972000,0.000000); 9.27526
(2.000000,2.976000,0.000000); 9.27262
(2.000000,2.980000,0.000000); 9.26998
(2.000000,2.984000,0.000000); 9.26733
(2.000000,2.988000,0.000000); 9.26469
(2.000000,2.992000,0.000000); 9.26205
(2.000000,2.996000,0.000000); 9.25941
(2.000000,3.000000,0.000000); 9.25676
(2.000000,3.004000,0.000000); 9.25412
(2.000000,3.008000,0.000000); 9.25148
(2.000000,3.012000,0.000000); 9.24883
(2.000000,3.016000,0.000000); 9.24619
(2.000000,3.020000,0.000000); 9.24355
(2.000000,3.024000,0.000000); 9.24215
(2.000000,3.028000,0.000000); 9.24089
(2.000000,3.032000,0.000000); 9.23963
(2.000000,3.036000,0.000000); 9.23837
(2.000000,3.040000,0.000000); 9.23711
(2.000000,3.044000,0.000000); 9.23585
(2.000000,3.048000,0.000000); 9.23459
(2.000000,3.052000,0.000000); 9.23334
(2.000000,3.056000,0.000000); 9.23208
(2.000000,3.060000,0.000000); 9.23082
(2.000000,3.064000,0.000000); 9.22956
(2.000000,3.068000,0.000000); 9.2283
(2.000000,3.072000,0.000000); 9.22704
(2.000000,3.076000,0.000000); 9.22578
(2.000000,3.080000,0.000000); 9.22452
(2.000000,3.084000,0.000000); 9.22326
(2.000000,3.088000,0.000000); 9.222
(2.000000,3.092000,0.000000); 9.22074
(2.000000,3.096000,0.000000); 9.21948
(2.000000,3.100000,0.000000); 9.21822
(2.000000,3.104000,0.000000); 9.21696
(2.000000,3.108000,0.000000); 9.2157
(2.000000,3.112000,0.000000); 9.21444
(2.000000,3.116000,0.000000); 9.21318
(2.000000,3.120000,0.000000); 9.21192
(2.000000,3.124000,0.000000); 9.21068
(2.000000,3.128000,0.000000); 9.20943
(2.000000,3.132000,0.000000); 9.20819
(2.000000,3.136000,0.000000); 9.20694
(2.000000,3.140000,0.000000); 9.2057
(2.000000,3.144000,0.000000); 9.2046
(2.000000,3.148000,0.000000); 9.20383
(2.000000,3.152000,0.000000); 9.20307
(2.000000,3.156000,0.000000); 9.20234
(2.000000,3.160000,0.000000); 9.20173
(2.000000,3.164000,0.000000); 9.20113
(2.000000,3.168000,0.000000); 9.20052
(2.000000,3.172000,0.000000); 9.19992
(2.000000,3.176000,0.000000); 9.19931
(2.000000,3.180000,0.000000); 9.19871
(2.000000,3.184000,0.000000); 9.1981
(2.000000,3.188000,0.000000); 9.1975
(2.000000,3.192000,0.000000); 9.19689
(2.000000,3.196000,0.000000); 9.19629
(2.000000,3.200000,0.000000); 9.19569
(2.000000,3.204000,0.000000); 9.19509
(2.000000,3.208000,0.000000); 9.19449
(2.000000,3.212000,0.000000); 9.19389
(2.000000,3.216000,0.000000); 9.19329
(2.000000,3.220000,0.000000); 9.19269
(2.000000,3.224000,0.000000); 9.19209
(2.000000,3.228000,0.000000); 9.1915
(2.000000,3.232000,0.000000); 9.1909
(2.000000,3.236000,0.000000); 9.1903
(2.000000,3.240000,0.000000); 9.1897
(2.000000,3.244000,0.000000); 9.1891
(2.000000,3.248000,0.000000); 9.1885
(2.000000,3.252000,0.000000); 9.1879
(2.000000,3.256000,0.000000); 9.1873
(2.000000,3.260000,0.000000); 9.1867
(2.000000,3.264000,0.000000); 9.1861
(2.000000,3.268000,0.000000); 9.1855
(2.000000,3.272000,0.000000); 9.18489
(2.000000,3.276000,0.000000); 9.18429
(2.000000,3.280000,0.000000); 9.18368
(2.000000,3.284000,0.000000); 9.18308
(2.000000,3.288000,0.000000); 9.18247
(2.000000,3.292000,0.000000); 9.18187
(2.000000,3.296000,0.000000); 9.18126
(2.000000,3.300000,0.000000); 9.18066
(2.000000,3.304000,0.000000); 9.18006
(2.000000,3.308000,0.000000); 9.17945
(2.000000,3.312000,0.000000); 9.17885
(2.000000,3.316000,0.000000); 9.17824
(2.000000,3.320000,0.000000); 9.17764
(2.000000,3.324000,0.000000); 9.17704
(2.000000,3.328000,0.000000); 9.17644
(2.000000,3.332000,0.000000); 9.17583
(2.000000,3.336000,0.000000); 9.17523
(2.000000,3.340000,0.000000); 9.17463
(2.000000,3.344000,0.000000); 9.17403
(2.000000,3.348000,0.000000); 9.17343
(2.000000,3.352000,0.000000); 9.17282
(2.000000,3.356000,0.000000); 9.17222
(2.000000,3.360000,0.000000); 9.17162
(2.000000,3.364000,0.000000); 9.17102
(2.000000,3.368000,0.000000); 9.17042
(2.000000,3.372000,0.000000); 9.16981
(2.000000,3.376000,0.000000); 9.16921
(2.000000,3.380000,0.000000); 9.16861
(2.000000,3.384000,0.000000); 9.168
(2.000000,3.388000,0.000000); 9.16731
(2.000000,3.392000,0.000000); 9.16662
(2.000000,3.396000,0.000000); 9.16593
(2.000000,3.400000,0.000000); 9.16524
(2.000000,3.404000,0.000000); 9.16455
(2.000000,3.408000,0.000000); 9.16386
(2.000000,3.412000,0.000000); 9.16318
(2.000000,3.416000,0.000000); 9.16249
(2.000000,3.420000,0.000000); 9.1618
(2.000000,3.424000,0.000000); 9.16111
(2.000000,3.428000,0.000000); 9.16042
(2.000000,3.432000,0.000000); 9.15973
(2.000000,3.436000,0.000000); 9.15905
(2.000000,3.440000,0.000000); 9.15836
(2.000000,3.444000,0.000000); 9.15767
(2.000000,3.448000,0.000000); 9.15698
(2.000000,3.452000,0.000000); 9.15629
(2.000000,3.456000,0.000000); 9.1556
(2.000000,3.460000,0.000000); 9.15492
(2.000000,3.464000,0.000000); 9.15423
(2.000000,3.468000,0.000000); 9.15354
(2.000000,3.472000,0.000000); 9.15285
(2.000000,3.476000,0.000000); 9.15216
(2.000000,3.480000,0.000000); 9.15147
(2.000000,3.484000,0.000000); 9.15078
(2.000000,3.488000,0.000000); 9.15008
(2.000000,3.492000,0.000000); 9.14939
(2.000000,3.496000,0.000000); 9.1487
(2.000000,3.500000,0.000000); 9.148
(2.000000,3.504000,0.000000); 9.14724
(2.000000,3.508000,0.000000); 9.14639
(2.000000,3.512000,0.000000); 9.14553
(2.000000,3.516000,0.000000); 9.14468
(2.000000,3.520000,0.000000); 9.14383
(2.000000,3.524000,0.000000); 9.14299
(2.000000,3.528000,0.000000); 9.14215
(2.000000,3.532000,0.000000); 9.14131
(2.000000,3.536000,0.000000); 9.14047
(2.000000,3.540000,0.000000); 9.13963
(2.000000,3.544000,0.000000); 9.13879
(2.000000,3.548000,0.000000); 9.13795
(2.000000,3.552000,0.000000); 9.13711
(2.000000,3.556000,0.000000); 9.13627
(2.000000,3.560000,0.000000); 9.13543
(2.000000,3.564000,0.000000); 9.13459
(2.000000,3.568000,0.000000); 9.13374
(2.000000,3.572000,0.000000); 9.1329
(2.000000,3.576000,0.000000); 9.13206
(2.000000,3.580000,0.000000); 9.13122
(2.000000,3.584000,0.000000); 9.13038
(2.000000,3.588000,0.000000); 9.12954
(2.000000,3.592000,0.000000); 9.1287
(2.000000,3.596000,0.000000); 9.12786
(2.000000,3.600000,0.000000); 9.12702
(2.000000,3.604000,0.000000); 9.12618
(2.000000,3.608000,0.000000); 9.12534
(2.000000,3.612000,0.000000); 9.1245
(2.000000,3.616000,0.000000); 9.12366
(2.000000,3.620000,0.000000); 9.12282
(2.000000,3.624000,0.000000); 9.12181
(2.000000,3.628000,0.000000); 9.12076
(2.000000,3.632000,0.000000); 9.11971
(2.000000,3.636000,0.000000); 9.11865
(2.000000,3.640000,0.000000); 9.1176
(2.000000,3.644000,0.000000); 9.11654
(2.000000,3.648000,0.000000); 9.11549
(2.000000,3.652000,0.000000); 9.11444
(2.000000,3.656000,0.000000); 9.11338
(2.000000,3.660000,0.000000); 9.11233
(2.000000,3.664000,0.000000); 9.11127
(2.000000,3.668000,0.000000); 9.11022
(2.000000,3.672000,0.000000); 9.10916
(2.000000,3.676000,0.000000); 9.10811
(2.000000,3.680000,0.000000); 9.10706
(2.000000,3.684000,0.000000); 9.106
(2.000000,3.688000,0.000000); 9.10495
(2.000000,3.692000,0.000000); 9.10389
(2.000000,3.696000,0.000000); 9.10284
(2.000000,3.700000,0.000000); 9.10177
(2.000000,3.704000,0.000000); 9.10069
(2.000000,3.708000,0.000000); 9.09961
(2.000000,3.712000,0.000000); 9.09854
(2.000000,3.716000,0.000000); 9.09744
(2.000000,3.720000,0.000000); 9.09607
(2.000000,3.724000,0.000000); 9.09471
(2.000000,3.728000,0.000000); 9.09334
(2.000000,3.732000,0.000000); 9.09197
(2.000000,3.736000,0.000000); 9.09061
(2.000000,3.740000,0.000000); 9.08924
(2.000000,3.744000,0.000000); 9.08787
(2.000000,3.748000,0.000000); 9.08651
(2.000000,3.752000,0.000000); 9.08516
(2.000000,3.756000,0.000000); 9.08381
(2.000000,3.760000,0.000000); 9.08246
(2.000000,3.764000,0.000000); 9.08112
(2.000000,3.768000,0.000000); 9.07977
(2.000000,3.772000,0.000000); 9.07842
(2.000000,3.776000,0.000000); 9.07707
(2.000000,3.780000,0.000000); 9.07572
(2.000000,3.784000,0.000000); 9.07438
(2.000000,3.788000,0.000000); 9.07303
(2.000000,3.792000,0.000000); 9.07168
(2.000000,3.796000,0.000000); 9.07033
(2.000000,3.800000,0.000000); 9.06898
(2.000000,3.804000,0.000000); 9.06764
(2.000000,3.808000,0.000000); 9.06629
(2.000000,3.812000,0.000000); 9.06476
(2.000000,3.816000,0.000000); 9.06294
(2.000000,3.820000,0.000000); 9.06111
(2.000000,3.824000,0.000000); 9.05929
(2.000000,3.828000,0.000000); 9.05746
(2.000000,3.832000,0.000000); 9.05564
(2.000000,3.836000,0.000000); 9.05382
(2.000000,3.840000,0.000000); 9.05199
(2.000000,3.844000,0.000000); 9.05017
(2.000000,3.848000,0.000000); 9.04834
(2.000000,3.852000,0.000000); 9.04646
(2.000000,3.856000,0.000000); 9.04458
(2.000000,3.860000,0.000000); 9.0427
(2.000000,3.864000,0.000000); 9.04081
(2.000000,3.868000,0.000000); 9.03893
(2.000000,3.872000,0.000000); 9.03704
(2.000000,3.876000,0.000000); 9.03516
(2.000000,3.880000,0.000000); 9.03328
(2.000000,3.884000,0.000000); 9.03139
(2.000000,3.888000,0.000000); 9.02951
(2.000000,3.892000,0.000000); 9.02763
(2.000000,3.896000,0.000000); 9.02574
(2.000000,3.900000,0.000000); 9.02386
(2.000000,3.904000,0.000000); 9.02198
(2.000000,3.908000,0.000000); 9.01937
(2.000000,3.912000,0.000000); 9.01644
(2.000000,3.916000,0.000000); 9.01351
(2.000000,3.920000,0.000000); 9.01059
(2.000000,3.924000,0.000000); 9.00766
(2.000000,3.928000,0.000000); 9.00473
(2.000000,3.932000,0.000000); 9.0018
(2.000000,3.936000,0.000000); 8.99887
(2.000000,3.940000,0.000000); 8.99594
(2.000000,3.944000,0.000000); 8.99301
(2.000000,3.948000,0.000000); 8.99008
(2.000000,3.952000,0.000000); 8.98715
(2.000000,3.956000,0.000000); 8.98422
(2.000000,3.960000,0.000000); 8.98129
(2.000000,3.964000,0.000000); 8.97837
(2.000000,3.968000,0.000000); 8.97544
(2.000000,3.972000,0.000000); 8.97251
(2.000000,3.976000,0.000000); 8.96958
(2.000000,3.980000,0.000000); 8.96665
(2.000000,3.984000,0.000000); 8.96372
(2.000000,3.988000,0.000000); 8.96079
(2.000000,3.992000,0.000000); 8.95786
(2.000000,3.996000,0.000000); 8.95493
(2.000000,4.000000,0.000000); 8.952
--
(2.000000,0.000000,0.000000); 14.2037
(2.000000,0.004000,0.000000); 14.1986
(2.000000,0.008000,0.000000); 14.1936
(2.000000,0.012000,0.000000); 14.1885
(2.000000,0.016000,0.000000); 14.1834
(2.000000,0.020000,0.000000); 14.1784
(2.000000,0.024000,0.000000); 14.1733
(2.000000,0.028000,0.000000); 14.1683
(2.000000,0.032000,0.000000); 14.1632
(2.000000,0.036000,0.000000); 14.1582
(2.000000,0.040000,0.000000); 14.1531
(2.000000,0.044000,0.000000); 14.148
(2.000000,0.048000,0.000000); 14.143
(2.000000,0.052000,0.000000); 14.1379
(2.000000,0.056000,0.000000); 14.1329
(2.000000,0.060000,0.000000); 14.1278
(2.000000,0.064000,0.000000); 14.1227
(2.000000,0.068000,0.000000); 14.1177
(2.000000,0.072000,0.000000); 14.1126
(2.000000,0.076000,0.000000); 14.1076
(2.000000,0.080000,0.000000); 14.1025
(2.000000,0.084000,0.000000); 14.0975
(2.000000,0.088000,0.000000); 14.0924
(2.000000,0.092000,0.000000); 14.0873
(2.000000,0.096000,0.000000); 14.0823
(2.000000,0.100000,0.000000); 14.0772
(2.000000,0.104000,0.000000); 14.0722
(2.000000,0.108000,0.000000); 14.0671
(2.000000,0.112000,0.000000); 14.062
(2.000000,0.116000,0.000000); 14.057
(2.000000,0.120000,0.000000); 14.0519
(2.000000,0.124000,0.000000); 14.0469
(2.000000,0.128000,0.000000); 14.0418
(2.000000,0.132000,0.000000); 14.0368
(2.000000,0.136000,0.000000); 14.0317
(2.000000,0.140000,0.000000); 14.0266
(2.000000,0.144000,0.000000); 14.0216
(2.000000,0.148000,0.000000); 14.0165
(2.000000,0.152000,0.000000); 14.0115
(2.000000,0.156000,0.000000); 14.0064
(2.000000,0.160000,0.000000); 14.0013
(2.000000,0.164000,0.000000); 13.9963
(2.000000,0.168000,0.000000); 13.9912
(2.000000,0.172000,0.000000); 13.9862
(2.000000,0.176000,0.000000); 13.9811
(2.000000,0.180000,0.000000); 13.976
(2.000000,0.184000,0.000000); 13.971
(2.000000,0.188000,0.000000); 13.9659
(2.000000,0.192000,0.000000); 13.9609
(2.000000,0.196000,0.000000); 13.9558
(2.000000,0.200000,0.000000); 13.9508
(2.000000,0.204000,0.000000); 13.9457
(2.000000,0.208000,0.000000); 13.9406
(2.000000,0.212000,0.000000); 13.9356
(2.000000,0.216000,0.000000); 13.9305
(2.000000,0.220000,0.000000); 13.9255
(2.000000,0.224000,0.000000); 13.9204
(2.000000,0.228000,0.000000); 13.9153
(2.000000,0.232000,0.000000); 13.9103
(2.000000,0.236000,0.000000); 13.9052
(2.000000,0.240000,0.000000); 13.9002
(2.000000,0.244000,0.000000); 13.8951
(2.000000,0.248000,0.000000); 13.8901
(2.000000,0.252000,0.000000); 13.885
(2.000000,0.256000,0.000000); 13.8799
(2.000000,0.260000,0.000000); 13.8749
(2.000000,0.264000,0.000000); 13.8698
(2.000000,0.268000,0.000000); 13.8648
(2.000000,0.272000,0.000000); 13.8597
(2.000000,0.276000,0.000000); 13.8546
(2.000000,0.280000,0.000000); 13.8496
(2.000000,0.284000,0.000000); 13.8445
(2.000000,0.288000,0.000000); 13.8395
(2.000000,0.292000,0.000000); 13.8344
(2.000000,0.296000,0.000000); 13.8294
(2.000000,0.300000,0.000000); 13.8243
(2.000000,0.304000,0.000000); 13.8192
(2.000000,0.308000,0.000000); 13.8142
(2.000000,0.312000,0.000000); 13.8091
(2.000000,0.316000,0.000000); 13.8041
(2.000000,0.320000,0.000000); 13.799
(2.000000,0.324000,0.000000); 13.7939
(2.000000,0.328000,0.000000); 13.7889
(2.000000,0.332000,0.000000); 13.7838
(2.000000,0.336000,0.000000); 13.7788
(2.000000,0.340000,0.000000); 13.7737
(2.000000,0.344000,0.000000); 13.7687
(2.000000,0.348000,0.000000); 13.7636
(2.000000,0.352000,0.000000); 13.7585
(2.000000,0.356000,0.000000); 13.7535
(2.000000,0.360000,0.000000); 13.7484
(2.000000,0.364000,0.000000); 13.7434
(2.000000,0.368000,0.000000); 13.7383
(2.000000,0.372000,0.000000); 13.7332
(2.000000,0.376000,0.000000); 13.7282
(2.000000,0.380000,0.000000); 13.7231
(2.000000,0.384000,0.000000); 13.7181
(2.000000,0.388000,0.000000); 13.713
(2.000000,0.392000,0.000000); 13.7079
(2.000000,0.396000,0.000000); 13.7029
(2.000000,0.400000,0.000000); 13.6978
(2.000000,0.404000,0.000000); 13.6928
(2.000000,0.408000,0.000000); 13.6877
(2.000000,0.412000,0.000000); 13.6827
(2.000000,0.416000,0.000000); 13.6776
(2.000000,0.420000,0.000000); 13.6725
(2.000000,0.424000,0.000000); 13.6675
(2.000000,0.428000,0.000000); 13.6624
(2.000000,0.432000,0.000000); 13.6574
(2.000000,0.436000,0.000000); 13.6523
(2.000000,0.440000,0.000000); 13.6472
(2.000000,0.444000,0.000000); 13.6422
(2.000000,0.448000,0.000000); 13.6371
(2.000000,0.452000,0.000000); 13.6321
(2.000000,0.456000,0.000000); 13.627
(2.000000,0.460000,0.000000); 13.622
(2.000000,0.464000,0.000000); 13.6169
(2.000000,0.468000,0.000000); 13.6118
(2.000000,0.472000,0.000000); 13.6068
(2.000000,0.476000,0.000000); 13.6017
(2.000000,0.480000,0.000000); 13.5967
(2.000000,0.484000,0.000000); 13.5916
(2.000000,0.488000,0.000000); 13.5865
(2.000000,0.492000,0.000000); 13.5815
(2.000000,0.496000,0.000000); 13.5764
(2.000000,0.500000,0.000000); 13.5714
(2.000000,0.504000,0.000000); 13.5663
(2.000000,0.508000,0.000000); 13.5613
(2.000000,0.512000,0.000000); 13.5562
(2.000000,0.516000,0.000000); 13.5511
(2.000000,0.520000,0.000000); 13.5461
(2.000000,0.524000,0.000000); 13.541
(2.000000,0.528000,0.000000); 13.536
(2.000000,0.532000,0.000000); 13.5309
(2.000000,0.536000,0.000000); 13.5258
(2.000000,0.540000,0.000000); 13.5208
(2.000000,0.544000,0.000000); 13.5157
(2.000000,0.548000,0.000000); 13.5107
(2.000000,0.552000,0.000000); 13.5056
(2.000000,0.556000,0.000000); 13.5005
(2.000000,0.560000,0.000000); 13.4955
(2.000000,0.564000,0.000000); 13.4904
(2.000000,0.568000,0.000000); 13.4854
(2.000000,0.572000,0.000000); 13.4803
(2.000000,0.576000,0.000000); 13.4753
(2.000000,0.580000,0.000000); 13.4702
(2.000000,0.584000,0.000000); 13.4651
(2.000000,0.588000,0.000000); 13.4601
(2.000000,0.592000,0.000000); 13.455
(2.000000,0.596000,0.000000); 13.45
(2.000000,0.600000,0.000000); 13.4449
(2.000000,0.604000,0.000000); 13.4398
(2.000000,0.608000,0.000000); 13.4348
(2.000000,0.612000,0.000000); 13.4297
(2.000000,0.616000,0.000000); 13.4247
(2.000000,0.620000,0.000000); 13.4196
(2.000000,0.624000,0.000000); 13.4146
(2.000000,0.628000,0.000000); 13.4095
(2.000000,0.632000,0.000000); 13.4044
(2.000000,0.636000,0.000000); 13.3994
(2.000000,0.640000,0.000000); 13.3943
(2.000000,0.644000,0.000000); 13.3893
(2.000000,0.648000,0.000000); 13.3842
(2.000000,0.652000,0.000000); 13.3791
(2.000000,0.656000,0.000000); 13.3741
(2.000000,0.660000,0.000000); 13.369
(2.000000,0.664000,0.000000); 13.364
(2.000000,0.668000,0.000000); 13.3589
(2.000000,0.672000,0.000000); 13.3539
(2.000000,0.676000,0.000000); 13.3488
(2.000000,0.680000,0.000000); 13.3437
(2.000000,0.684000,0.000000); 13.3387
(2.000000,0.688000,0.000000); 13.3336
(2.000000,0.692000,0.000000); 13.3286
(2.000000,0.696000,0.000000); 13.3235
(2.000000,0.700000,0.000000); 13.3184
(2.000000,0.704000,0.000000); 13.3134
(2.000000,0.708000,0.000000); 13.3083
(2.000000,0.712000,0.000000); 13.3033
(2.000000,0.716000,0.000000); 13.2982
(2.000000,0.720000,0.000000); 13.2931
(2.000000,0.724000,0.000000); 13.2881
(2.000000,0.728000,0.000000); 13.283
(2.000000,0.732000,0.000000); 13.278
(2.000000,0.736000,0.000000); 13.2729
(2.000000,0.740000,0.000000); 13.2679
(2.000000,0.744000,0.000000); 13.2628
(2.000000,0.748000,0.000000); 13.2577
(2.000000,0.752000,0.000000); 13.2527
(2.000000,0.756000,0.000000); 13.2476
(2.000000,0.760000,0.000000); 13.2426
(2.000000,0.764000,0.000000); 13.2375
(2.000000,0.768000,0.000000); 13.2324
(2.000000,0.772000,0.000000); 13.2274
(2.000000,0.776000,0.000000); 13.2223
(2.000000,0.780000,0.000000); 13.2173
(2.000000,0.784000,0.000000); 13.2122
(2.000000,0.788000,0.000000); 13.2072
(2.000000,0.792000,0.000000); 13.2021
(2.000000,0.796000,0.000000); 13.197
(2.000000,0.800000,0.000000); 13.192
(2.000000,0.804000,0.000000); 13.1869
(2.000000,0.808000,0.000000); 13.1819
(2.000000,0.812000,0.000000); 13.1768
(2.000000,0.816000,0.000000); 13.1717
(2.000000,0.820000,0.000000); 13.1667
(2.000000,0.824000,0.000000); 13.1616
(2.000000,0.828000,0.000000); 13.1566
(2.000000,0.832000,0.000000); 13.1515
(2.000000,0.836000,0.000000); 13.1464
(2.000000,0.840000,0.000000); 13.1414
(2.000000,0.844000,0.000000); 13.1363
(2.000000,0.848000,0.000000); 13.1313
(2.000000,0.852000,0.000000); 13.1262
(2.000000,0.856000,0.000000); 13.1212
(2.000000,0.860000,0.000000); 13.1161
(2.000000,0.864000,0.000000); 13.111
(2.000000,0.868000,0.000000); 13.106
(2.000000,0.872000,0.000000); 13.1009
(2.000000,0.876000,0.000000); 13.0959
(2.000000,0.880000,0.000000); 13.0908
(2.000000,0.884000,0.000000); 13.0857
(2.000000,0.888000,0.000000); 13.0807
(2.000000,0.892000,0.000000); 13.0756
(2.000000,0.896000,0.000000); 13.0706
(2.000000,0.900000,0.000000); 13.0655
(2.000000,0.904000,0.000000); 13.0604
(2.000000,0.908000,0.000000); 13.0554
(2.000000,0.912000,0.000000); 13.0503
(2.000000,0.916000,0.000000); 13.0453
(2.000000,0.920000,0.000000); 13.0402
(2.000000,0.924000,0.000000); 13.0352
(2.000000,0.928000,0.000000); 13.0301
(2.000000,0.932000,0.000000); 13.025
(2.000000,0.936000,0.000000); 13.02
(2.000000,0.940000,0.000000); 13.0149
(2.000000,0.944000,0.000000); 13.0099
(2.000000,0.948000,0.000000); 13.0048
(2.000000,0.952000,0.000000); 12.9997
(2.000000,0.956000,0.000000); 12.9947
(2.000000,0.960000,0.000000); 12.9896
(2.000000,0.964000,0.000000); 12.9846
(2.000000,0.968000,0.000000); 12.9795
(2.000000,0.972000,0.000000); 12.9745
(2.000000,0.976000,0.000000); 12.9694
(2.000000,0.980000,0.000000); 12.9643
(2.000000,0.984000,0.000000); 12.9593
(2.000000,0.988000,0.000000); 12.9542
(2.000000,0.992000,0.000000); 12.9492
(2.000000,0.996000,0.000000); 12.9441
(2.000000,1.000000,0.000000); 12.939
(2.000000,1.004000,0.000000); 12.934
(2.000000,1.008000,0.000000); 12.9289
(2.000000,1.012000,0.000000); 12.9239
(2.000000,1.016000,0.000000); 12.9188
(2.000000,1.020000,0.000000); 12.9137
(2.000000,1.024000,0.000000); 12.9087
(2.000000,1.028000,0.000000); 12.9036
(2.000000,1.032000,0.000000); 12.8986
(2.000000,1.036000,0.000000); 12.8935
(2.000000,1.040000,0.000000); 12.8885
(2.000000,1.044000,0.000000); 12.8834
(2.000000,1.048000,0.000000); 12.8783
(2.000000,1.052000,0.000000); 12.8733
(2.000000,1.056000,0.000000); 12.8682
(2.000000,1.060000,0.000000); 12.8632
(2.000000,1.064000,0.000000); 12.8581
(2.000000,1.068000,0.000000); 12.853
(2.000000,1.072000,0.000000); 12.848
(2.000000,1.076000,0.000000); 12.8429
(2.000000,1.080000,0.000000); 12.8379
(2.000000,1.084000,0.000000); 12.8328
(2.000000,1.088000,0.000000); 12.8277
(2.000000,1.092000,0.000000); 12.8227
(2.000000,1.096000,0.000000); 12.8176
(2.000000,1.100000,0.000000); 12.8126
(2.000000,1.104000,0.000000); 12.8075
(2.000000,1.108000,0.000000); 12.8025
(2.000000,1.112000,0.000000); 12.7974
(2.000000,1.116000,0.000000); 12.7923
(2.000000,1.120000,0.000000); 12.7873
(2.000000,1.124000,0.000000); 12.7822
(2.000000,1.128000,0.000000); 12.7772
(2.000000,1.132000,0.000000); 12.7721
(2.000000,1.136000,0.000000); 12.767
(2.000000,1.140000,0.000000); 12.762
(2.000000,1.144000,0.000000); 12.7569
(2.000000,1.148000,0.000000); 12.7519
(2.000000,1.152000,0.000000); 12.7468
(2.000000,1.156000,0.000000); 12.7417
(2.000000,1.160000,0.000000); 12.7367
(2.000000,1.164000,0.000000); 12.7316
(2.000000,1.168000,0.000000); 12.7266
(2.000000,1.172000,0.000000); 12.7215
(2.000000,1.176000,0.000000); 12.7165
(2.000000,1.180000,0.000000); 12.7114
(2.000000,1.184000,0.000000); 12.7063
(2.000000,1.188000,0.000000); 12.7013
(2.000000,1.192000,0.000000); 12.6962
(2.000000,1.196000,0.000000); 12.6912
(2.000000,1.200000,0.000000); 12.6861
(2.000000,1.204000,0.000000); 12.681
(2.000000,1.208000,0.000000); 12.676
(2.000000,1.212000,0.000000); 12.6709
(2.000000,1.216000,0.000000); 12.6659
(2.000000,1.220000,0.000000); 12.6608
(2.000000,1.224000,0.000000); 12.6557
(2.000000,1.228000,0.000000); 12.6507
(2.000000,1.232000,0.000000); 12.6456
(2.000000,1.236000,0.000000); 12.6406
(2.000000,1.240000,0.000000); 12.6355
(2.000000,1.244000,0.000000); 12.6305
(2.000000,1.248000,0.000000); 12.6254
(2.000000,1.252000,0.000000); 12.6203
(2.000000,1.256000,0.000000); 12.6153
(2.000000,1.260000,0.000000); 12.6102
(2.000000,1.264000,0.000000); 12.6052
(2.000000,1.268000,0.000000); 12.6001
(2.000000,1.272000,0.000000); 12.595
(2.000000,1.276000,0.000000); 12.59
(2.000000,1.280000,0.000000); 12.5849
(2.000000,1.284000,0.000000); 12.5799
(2.000000,1.288000,0.000000); 12.5748
(2.000000,1.292000,0.000000); 12.5697
(2.000000,1.296000,0.000000); 12.5647
(2.000000,1.300000,0.000000); 12.5596
(2.000000,1.304000,0.000000); 12.5546
(2.000000,1.308000,0.000000); 12.5495
(2.000000,1.312000,0.000000); 12.5444
(2.000000,1.316000,0.000000); 12.5394
(2.000000,1.320000,0.000000); 12.5343
(2.000000,1.324000,0.000000); 12.5293
(2.000000,1.328000,0.000000); 12.5242
(2.000000,1.332000,0.000000); 12.5192
(2.000000,1.336000,0.000000); 12.5141
(2.000000,1.340000,0.000000); 12.509
(2.000000,1.344000,0.000000); 12.504
(2.000000,1.348000,0.000000); 12.4989
(2.000000,1.352000,0.000000); 12.4939
(2.000000,1.356000,0.000000); 12.4888
(2.000000,1.360000,0.000000); 12.4837
(2.000000,1.364000,0.000000); 12.4787
(2.000000,1.368000,0.000000); 12.4736
(2.000000,1.372000,0.000000); 12.4686
(2.000000,1.376000,0.000000); 12.4635
(2.000000,1.380000,0.000000); 12.4584
(2.000000,1.384000,0.000000); 12.4534
(2.000000,1.388000,0.000000); 12.4483
(2.000000,1.392000,0.000000); 12.4433
(2.000000,1.396000,0.000000); 12.4382
(2.000000,1.400000,0.000000); 12.4331
(2.000000,1.404000,0.000000); 12.4281
(2.000000,1.408000,0.000000); 12.423
(2.000000,1.412000,0.000000); 12.418
(2.000000,1.416000,0.000000); 12.4129
(2.000000,1.420000,0.000000); 12.4079
(2.000000,1.424000,0.000000); 12.4028
(2.000000,1.428000,0.000000); 12.3977
(2.000000,1.432000,0.000000); 12.3927
(2.000000,1.436000,0.000000); 12.3876
(2.000000,1.440000,0.000000); 12.3826
(2.000000,1.444000,0.000000); 12.3775
(2.000000,1.448000,0.000000); 12.3724
(2.000000,1.452000,0.000000); 12.3674
(2.000000,1.456000,0.000000); 12.3623
(2.000000,1.460000,0.000000); 12.3573
(2.000000,1.464000,0.000000); 12.3522
(2.000000,1.468000,0.000000); 12.3471
(2.000000,1.472000,0.000000); 12.3421
(2.000000,1.476000,0.000000); 12.337
(2.000000,1.480000,0.000000); 12.332
(2.000000,1.484000,0.000000); 12.3269
(2.000000,1.488000,0.000000); 12.3218
(2.000000,1.492000,0.000000); 12.3168
(2.000000,1.496000,0.000000); 12.3117
(2.000000,1.500000,0.000000); 12.3067
(2.000000,1.504000,0.000000); 12.3016
(2.000000,1.508000,0.000000); 12.2965
(2.000000,1.512000,0.000000); 12.2915
(2.000000,1.516000,0.000000); 12.2864
(2.000000,1.520000,0.000000); 12.2814
(2.000000,1.524000,0.000000); 12.2763
(2.000000,1.528000,0.000000); 12.2712
(2.000000,1.532000,0.000000); 12.2662
(2.000000,1.536000,0.000000); 12.2611
(2.000000,1.540000,0.000000); 12.2561
(2.000000,1.544000,0.000000); 12.251
(2.000000,1.548000,0.000000); 12.246
(2.000000,1.552000,0.000000); 12.2409
(2.000000,1.556000,0.000000); 12.2358
(2.000000,1.560000,0.000000); 12.2308
(2.000000,1.564000,0.000000); 12.2257
(2.000000,1.568000,0.000000); 12.2207
(2.000000,1.572000,0.000000); 12.2156
(2.000000,1.576000,0.000000); 12.2105
(2.000000,1.580000,0.000000); 12.2055
(2.000000,1.584000,0.000000); 12.2004
(2.000000,1.588000,0.000000); 12.1954
(2.000000,1.592000,0.000000); 12.1903
(2.000000,1.596000,0.000000); 12.1852
(2.000000,1.600000,0.000000); 12.1802
(2.000000,1.604000,0.000000); 12.1751
(2.000000,1.608000,0.000000); 12.1701
(2.000000,1.612000,0.000000); 12.165
(2.000000,1.616000,0.000000); 12.1599
(2.000000,1.620000,0.000000); 12.1549
(2.000000,1.624000,0.000000); 12.1498
(2.000000,1.628000,0.000000); 12.1448
(2.000000,1.632000,0.000000); 12.1397
(2.000000,1.636000,0.000000); 12.1346
(2.000000,1.640000,0.000000); 12.1296
(2.000000,1.644000,0.000000); 12.1245
(2.000000,1.648000,0.000000); 12.1195
(2.000000,1.652000,0.000000); 12.1144
(2.000000,1.656000,0.000000); 12.1093
(2.000000,1.660000,0.000000); 12.1043
(2.000000,1.664000,0.000000); 12.0992
(2.000000,1.668000,0.000000); 12.0942
(2.000000,1.672000,0.000000); 12.0891
(2.000000,1.676000,0.000000); 12.084
(2.000000,1.680000,0.000000); 12.079
(2.000000,1.684000,0.000000); 12.0739
(2.000000,1.688000,0.000000); 12.0689
(2.000000,1.692000,0.000000); 12.0638
(2.000000,1.696000,0.000000); 12.0587
(2.000000,1.700000,0.000000); 12.0537
(2.000000,1.704000,0.000000); 12.0486
(2.000000,1.708000,0.000000); 12.0436
(2.000000,1.712000,0.000000); 12.0385
(2.000000,1.716000,0.000000); 12.0335
(2.000000,1.720000,0.000000); 12.0284
(2.000000,1.724000,0.000000); 12.0233
(2.000000,1.728000,0.000000); 12.0183
(2.000000,1.732000,0.000000); 12.0132
(2.000000,1.736000,0.000000); 12.0082
(2.000000,1.740000,0.000000); 12.0031
(2.000000,1.744000,0.000000); 11.998
(2.000000,1.748000,0.000000); 11.993
(2.000000,1.752000,0.000000); 11.9879
(2.000000,1.756000,0.000000); 11.9829
(2.000000,1.760000,0.000000); 11.9778
(2.000000,1.764000,0.000000); 11.9727
(2.000000,1.768000,0.000000); 11.9677
(2.000000,1.772000,0.000000); 11.9626
(2.000000,1.776000,0.000000); 11.9576
(2.000000,1.780000,0.000000); 11.9525
(2.000000,1.784000,0.000000); 11.9474
(2.000000,1.788000,0.000000); 11.9424
(2.000000,1.792000,0.000000); 11.9373
(2.000000,1.796000,0.000000); 11.9323
(2.000000,1.800000,0.000000); 11.9272
(2.000000,1.804000,0.000000); 11.9221
(2.000000,1.808000,0.000000); 11.9171
(2.000000,1.812000,0.000000); 11.912
(2.000000,1.816000,0.000000); 11.907
(2.000000,1.820000,0.000000); 11.9019
(2.000000,1.824000,0.000000); 11.8968
(2.000000,1.828000,0.000000); 11.8918
(2.000000,1.832000,0.000000); 11.8867
(2.000000,1.836000,0.000000); 11.8817
(2.000000,1.840000,0.000000); 11.8766
(2.000000,1.844000,0.000000); 11.8715
(2.000000,1.848000,0.000000); 11.8665
(2.000000,1.852000,0.000000); 11.8614
(2.000000,1.856000,0.000000); 11.8564
(2.000000,1.860000,0.000000); 11.8513
(2.000000,1.864000,0.000000); 11.8462
(2.000000,1.868000,0.000000); 11.8412
(2.000000,1.872000,0.000000); 11.8361
(2.000000,1.876000,0.000000); 11.8311
(2.000000,1.880000,0.000000); 11.826
(2.000000,1.884000,0.000000); 11.8209
(2.000000,1.888000,0.000000); 11.8159
(2.000000,1.892000,0.000000); 11.8108
(2.000000,1.896000,0.000000); 11.8058
(2.000000,1.900000,0.000000); 11.8007
(2.000000,1.904000,0.000000); 11.7956
(2.000000,1.908000,0.000000); 11.7906
(2.000000,1.912000,0.000000); 11.7855
(2.000000,1.916000,0.000000); 11.7805
(2.000000,1.920000,0.000000); 11.7754
(2.000000,1.924000,0.000000); 11.7703
(2.000000,1.928000,0.000000); 11.7653
(2.000000,1.932000,0.000000); 11.7602
(2.000000,1.936000,0.000000); 11.7551
(2.000000,1.940000,0.000000); 11.7501
(2.000000,1.944000,0.000000); 11.745
(2.000000,1.948000,0.000000); 11.74
(2.000000,1.952000,0.000000); 11.7349
(2.000000,1.956000,0.000000); 11.7298
(2.000000,1.960000,0.000000); 11.7248
(2.000000,1.964000,0.000000); 11.7197
(2.000000,1.968000,0.000000); 11.7147
(2.000000,1.972000,0.000000); 11.7096
(2.000000,1.976000,0.000000); 11.7045
(2.000000,1.980000,0.000000); 11.6995
(2.000000,1.984000,0.000000); 11.6944
(2.000000,1.988000,0.000000); 11.6894
(2.000000,1.992000,0.000000); 11.6843
(2.000000,1.996000,0.000000); 11.6792
(2.000000,2.000000,0.000000); 11.6742
(2.000000,2.004000,0.000000); 11.6691
(2.000000,2.008000,0.000000); 11.6641
(2.000000,2.012000,0.000000); 11.659
(2.000000,2.016000,0.000000); 11.6539
(2.000000,2.020000,0.000000); 11.6489
(2.000000,2.024000,0.000000); 11.6438
(2.000000,2.028000,0.000000); 11.6388
(2.000000,2.032000,0.000000); 11.6337
(2.000000,2.036000,0.000000); 11.6286
(2.000000,2.040000,0.000000); 11.6236
(2.000000,2.044000,0.000000); 11.6185
(2.000000,2.048000,0.000000); 11.6135
(2.000000,2.052000,0.000000); 11.6084
(2.000000,2.056000,0.000000); 11.6033
(2.000000,2.060000,0.000000); 11.5983
(2.000000,2.064000,0.000000); 11.5932
(2.000000,2.068000,0.000000); 11.5881
(2.000000,2.072000,0.000000); 11.5831
(2.000000,2.076000,0.000000); 11.578
(2.000000,2.080000,0.000000); 11.573
(2.000000,2.084000,0.000000); 11.5679
(2.000000,2.088000,0.000000); 11.5628
(2.000000,2.092000,0.000000); 11.5578
(2.000000,2.096000,0.000000); 11.5527
(2.000000,2.100000,0.000000); 11.5477
(2.000000,2.104000,0.000000); 11.5426
(2.000000,2.108000,0.000000); 11.5375
(2.000000,2.112000,0.000000); 11.5325
(2.000000,2.116000,0.000000); 11.5274
(2.000000,2.120000,0.000000); 11.5224
(2.000000,2.124000,0.000000); 11.5173
(2.000000,2.128000,0.000000); 11.5122
(2.000000,2.132000,0.000000); 11.5072
(2.000000,2.136000,0.000000); 11.5021
(2.000000,2.140000,0.000000); 11.4971
(2.000000,2.144000,0.000000); 11.492
(2.000000,2.148000,0.000000); 11.4869
(2.000000,2.152000,0.000000); 11.4819
(2.000000,2.156000,0.000000); 11.4768
(2.000000,2.160000,0.000000); 11.4717
(2.000000,2.164000,0.000000); 11.4667
(2.000000,2.168000,0.000000); 11.4616
(2.000000,2.172000,0.000000); 11.4566
(2.000000,2.176000,0.000000); 11.4515
(2.000000,2.180000,0.000000); 11.4464
(2.000000,2.184000,0.000000); 11.4414
(2.000000,2.188000,0.000000); 11.4363
(2.000000,2.192000,0.000000); 11.4313
(2.000000,2.196000,0.000000); 11.4262
(2.000000,2.200000,0.000000); 11.4211
(2.000000,2.204000,0.000000); 11.4161
(2.000000,2.208000,0.000000); 11.411
(2.000000,2.212000,0.000000); 11.4059
(2.000000,2.216000,0.000000); 11.4009
(2.000000,2.220000,0.000000); 11.3958
(2.000000,2.224000,0.000000); 11.3908
(2.000000,2.228000,0.000000); 11.3857
(2.000000,2.232000,0.000000); 11.3806
(2.000000,2.236000,0.000000); 11.3756
(2.000000,2.240000,0.000000); 11.3705
(2.000000,2.244000,0.000000); 11.3655
(2.000000,2.248000,0.000000); 11.3604
(2.000000,2.252000,0.000000); 11.3553
(2.000000,2.256000,0.000000); 11.3503
(2.000000,2.260000,0.000000); 11.3452
(2.000000,2.264000,0.000000); 11.3401
(2.000000,2.268000,0.000000); 11.3351
(2.000000,2.272000,0.000000); 11.33
(2.000000,2.276000,0.000000); 11.325
(2.000000,2.280000,0.000000); 11.3199
(2.000000,2.284000,0.000000); 11.3148
(2.000000,2.288000,0.000000); 11.3098
(2.000000,2.292000,0.000000); 11.3047
(2.000000,2.296000,0.000000); 11.2997
(2.000000,2.300000,0.000000); 11.2946
(2.000000,2.304000,0.000000); 11.2895
(2.000000,2.308000,0.000000); 11.2845
(2.000000,2.312000,0.000000); 11.2794
(2.000000,2.316000,0.000000); 11.2743
(2.000000,2.320000,0.000000); 11.2693
(2.000000,2.324000,0.000000); 11.2642
(2.000000,2.328000,0.000000); 11.2592
(2.000000,2.332000,0.000000); 11.2541
(2.000000,2.336000,0.000000); 11.249
(2.000000,2.340000,0.000000); 11.244
(2.000000,2.344000,0.000000); 11.2389
(2.000000,2.348000,0.000000); 11.2338
(2.000000,2.352000,0.000000); 11.2288
(2.000000,2.356000,0.000000); 11.2237
(2.000000,2.360000,0.000000); 11.2187
(2.000000,2.364000,0.000000); 11.2136
(2.000000,2.368000,0.000000); 11.2085
(2.000000,2.372000,0.000000); 11.2035
(2.000000,2.376000,0.000000); 11.1984
(2.000000,2.380000,0.000000); 11.1933
(2.000000,2.384000,0.000000); 11.1883
(2.000000,2.388000,0.000000); 11.1832
(2.000000,2.392000,0.000000); 11.1782
(2.000000,2.396000,0.000000); 11.1731
(2.000000,2.400000,0.000000); 11.168
(2.000000,2.404000,0.000000); 11.163
(2.000000,2.408000,0.000000); 11.1579
(2.000000,2.412000,0.000000); 11.1528
(2.000000,2.416000,0.000000); 11.1478
(2.000000,2.420000,0.000000); 11.1427
(2.000000,2.424000,0.000000); 11.1377
(2.000000,2.428000,0.000000); 11.1326
(2.000000,2.432000,0.000000); 11.1275
(2.000000,2.436000,0.000000); 11.1225
(2.000000,2.440000,0.000000); 11.1174
(2.000000,2.444000,0.000000); 11.1123
(2.000000,2.448000,0.000000); 11.1073
(2.000000,2.452000,0.000000); 11.1022
(2.000000,2.456000,0.000000); 11.0972
(2.000000,2.460000,0.000000); 11.0921
(2.000000,2.464000,0.000000); 11.087
(2.000000,2.468000,0.000000); 11.082
(2.000000,2.472000,0.000000); 11.0769
(2.000000,2.476000,0.000000); 11.0718
(2.000000,2.480000,0.000000); 11.0668
(2.000000,2.484000,0.000000); 11.0617
(2.000000,2.488000,0.000000); 11.0566
(2.000000,2.492000,0.000000); 11.0516
(2.000000,2.496000,0.000000); 11.0465
(2.000000,2.500000,0.000000); 11.0415
(2.000000,2.504000,0.000000); 11.0364
(2.000000,2.508000,0.000000); 11.0313
(2.000000,2.512000,0.000000); 11.0263
(2.000000,2.516000,0.000000); 11.0212
(2.000000,2.520000,0.000000); 11.0161
(2.000000,2.524000,0.000000); 11.0111
(2.000000,2.528000,0.000000); 11.006
(2.000000,2.532000,0.000000); 11.001
(2.000000,2.536000,0.000000); 10.9959
(2.000000,2.540000,0.000000); 10.9908
(2.000000,2.544000,0.000000); 10.9858
(2.000000,2.548000,0.000000); 10.9807
(2.000000,2.552000,0.000000); 10.9756
(2.000000,2.556000,0.000000); 10.9706
(2.000000,2.560000,0.000000); 10.9655
(2.000000,2.564000,0.000000); 10.9604
(2.000000,2.568000,0.000000); 10.9554
(2.000000,2.572000,0.000000); 10.9503
(2.000000,2.576000,0.000000); 10.9452
(2.000000,2.580000,0.000000); 10.9402
(2.000000,2.584000,0.000000); 10.9351
(2.000000,2.588000,0.000000); 10.9301
(2.000000,2.592000,0.000000); 10.925
(2.000000,2.596000,0.000000); 10.9199
(2.000000,2.600000,0.000000); 10.9149
(2.000000,2.604000,0.000000); 10.9098
(2.000000,2.608000,0.000000); 10.9047
(2.000000,2.612000,0.000000); 10.8997
(2.000000,2.616000,0.000000); 10.8946
(2.000000,2.620000,0.000000); 10.8895
(2.000000,2.624000,0.000000); 10.8845
(2.000000,2.628000,0.000000); 10.8794
(2.000000,2.632000,0.000000); 10.8743
(2.000000,2.636000,0.000000); 10.8693
(2.000000,2.640000,0.000000); 10.8642
(2.000000,2.644000,0.000000); 10.8591
(2.000000,2.648000,0.000000); 10.8541
(2.000000,2.652000,0.000000); 10.849
(2.000000,2.656000,0.000000); 10.844
(2.000000,2.660000,0.000000); 10.8389
(2.000000,2.664000,0.000000); 10.8338
(2.000000,2.668000,0.000000); 10.8288
(2.000000,2.672000,0.000000); 10.8237
(2.000000,2.676000,0.000000); 10.8186
(2.000000,2.680000,0.000000); 10.8136
(2.000000,2.684000,0.000000); 10.8085
(2.000000,2.688000,0.000000); 10.8034
(2.000000,2.692000,0.000000); 10.7984
(2.000000,2.696000,0.000000); 10.7933
(2.000000,2.700000,0.000000); 10.7882
(2.000000,2.704000,0.000000); 10.7832
(2.000000,2.708000,0.000000); 10.7781
(2.000000,2.712000,0.000000); 10.773
(2.000000,2.716000,0.000000); 10.768
(2.000000,2.720000,0.000000); 10.7629
(2.000000,2.724000,0.000000); 10.7578
(2.000000,2.728000,0.000000); 10.7528
(2.000000,2.732000,0.000000); 10.7477
(2.000000,2.736000,0.000000); 10.7426
(2.000000,2.740000,0.000000); 10.7376
(2.000000,2.744000,0.000000); 10.7325
(2.000000,2.748000,0.000000); 10.7275
(2.000000,2.752000,0.000000); 10.7224
(2.000000,2.756000,0.000000); 10.7173
(2.000000,2.760000,0.000000); 10.7123
(2.000000,2.764000,0.000000); 10.7072
(2.000000,2.768000,0.000000); 10.7021
(2.000000,2.772000,0.000000); 10.6971
(2.000000,2.776000,0.000000); 10.692
(2.000000,2.780000,0.000000); 10.6869
(2.000000,2.784000,0.000000); 10.6819
(2.000000,2.788000,0.000000); 10.6768
(2.000000,2.792000,0.000000); 10.6717
(2.000000,2.796000,0.000000); 10.6667
(2.000000,2.800000,0.000000); 10.6616
(2.000000,2.804000,0.000000); 10.6565
(2.000000,2.808000,0.000000); 10.6514
(2.000000,2.812000,0.000000); 10.6464
(2.000000,2.816000,0.000000); 10.6413
(2.000000,2.820000,0.000000); 10.6362
(2.000000,2.824000,0.000000); 10.6312
(2.000000,2.828000,0.000000); 10.6261
(2.000000,2.832000,0.000000); 10.621
(2.000000,2.836000,0.000000); 10.616
(2.000000,2.840000,0.000000); 10.6109
(2.000000,2.844000,0.000000); 10.6058
(2.000000,2.848000,0.000000); 10.6008
(2.000000,2.852000,0.000000); 10.5957
(2.000000,2.856000,0.000000); 10.5906
(2.000000,2.860000,0.000000); 10.5856
(2.000000,2.864000,0.000000); 10.5805
(2.000000,2.868000,0.000000); 10.5754
(2.000000,2.872000,0.000000); 10.5704
(2.000000,2.876000,0.000000); 10.5653
(2.000000,2.880000,0.000000); 10.5602
(2.000000,2.884000,0.000000); 10.5552
(2.000000,2.888000,0.000000); 10.5501
(2.000000,2.892000,0.000000); 10.545
(2.000000,2.896000,0.000000); 10.54
(2.000000,2.900000,0.000000); 10.5349
(2.000000,2.904000,0.000000); 10.5298
(2.000000,2.908000,0.000000); 10.5248
(2.000000,2.912000,0.000000); 10.5197
(2.000000,2.916000,0.000000); 10.5146
(2.000000,2.920000,0.000000); 10.5096
(2.000000,2.924000,0.000000); 10.5045
(2.000000,2.928000,0.000000); 10.4994
(2.000000,2.932000,0.000000); 10.4944
(2.000000,2.936000,0.000000); 10.4893
(2.000000,2.940000,0.000000); 10.4842
(2.000000,2.944000,0.000000); 10.4791
(2.000000,2.948000,0.000000); 10.4741
(2.000000,2.952000,0.000000); 10.469
(2.000000,2.956000,0.000000); 10.4639
(2.000000,2.960000,0.000000); 10.4589
(2.000000,2.964000,0.000000); 10.4538
(2.000000,2.968000,0.000000); 10.4487
(2.000000,2.972000,0.000000); 10.4437
(2.000000,2.976000,0.000000); 10.4386
(2.000000,2.980000,0.000000); 10.4335
(2.000000,2.984000,0.000000); 10.4285
(2.000000,2.988000,0.000000); 10.4234
(2.000000,2.992000,0.000000); 10.4183
(2.000000,2.996000,0.000000); 10.4133
(2.000000,3.000000,0.000000); 10.4082
(2.000000,3.004000,0.000000); 10.4031
(2.000000,3.008000,0.000000); 10.398
(2.000000,3.012000,0.000000); 10.393
(2.000000,3.016000,0.000000); 10.3879
(2.000000,3.020000,0.000000); 10.3828
(2.000000,3.024000,0.000000); 10.3778
(2.000000,3.028000,0.000000); 10.3727
(2.000000,3.032000,0.000000); 10.3676
(2.000000,3.036000,0.000000); 10.3625
(2.000000,3.040000,0.000000); 10.3575
(2.000000,3.044000,0.000000); 10.3524
(2.000000,3.048000,0.000000); 10.3473
(2.000000,3.052000,0.000000); 10.3423
(2.000000,3.056000,0.000000); 10.3372
(2.000000,3.060000,0.000000); 10.3321
(2.000000,3.064000,0.000000); 10.327
(2.000000,3.068000,0.000000); 10.322
(2.000000,3.072000,0.000000); 10.3169
(2.000000,3.076000,0.000000); 10.3118
(2.000000,3.080000,0.000000); 10.3067
(2.000000,3.084000,0.000000); 10.3017
(2.000000,3.088000,0.000000); 10.2966
(2.000000,3.092000,0.000000); 10.2915
(2.000000,3.096000,0.000000); 10.2864
(2.000000,3.100000,0.000000); 10.2814
(2.000000,3.104000,0.000000); 10.2763
(2.000000,3.108000,0.000000); 10.2712
(2.000000,3.112000,0.000000); 10.2661
(2.000000,3.116000,0.000000); 10.2611
(2.000000,3.120000,0.000000); 10.256
(2.000000,3.124000,0.000000); 10.2509
(2.000000,3.128000,0.000000); 10.2459
(2.000000,3.132000,0.000000); 10.2408
(2.000000,3.136000,0.000000); 10.2357
(2.000000,3.140000,0.000000); 10.2307
(2.000000,3.144000,0.000000); 10.2256
(2.000000,3.148000,0.000000); 10.2205
(2.000000,3.152000,0.000000); 10.2155
(2.000000,3.156000,0.000000); 10.2104
(2.000000,3.160000,0.000000); 10.2053
(2.000000,3.164000,0.000000); 10.2003
(2.000000,3.168000,0.000000); 10.1952
(2.000000,3.172000,0.000000); 10.1901
(2.000000,3.176000,0.000000); 10.185
(2.000000,3.180000,0.000000); 10.18
(2.000000,3.184000,0.000000); 10.1749
(2.000000,3.188000,0.000000); 10.1698
(2.000000,3.192000,0.000000); 10.1647
(2.000000,3.196000,0.000000); 10.1597
(2.000000,3.200000,0.000000); 10.1546
(2.000000,3.204000,0.000000); 10.1495
(2.000000,3.208000,0.000000); 10.1444
(2.000000,3.212000,0.000000); 10.1394
(2.000000,3.216000,0.000000); 10.1343
(2.000000,3.220000,0.000000); 10.1292
(2.000000,3.224000,0.000000); 10.1241
(2.000000,3.228000,0.000000); 10.1191
(2.000000,3.232000,0.000000); 10.114
(2.000000,3.236000,0.000000); 10.1089
(2.000000,3.240000,0.000000); 10.1038
(2.000000,3.244000,0.000000); 10.0987
(2.000000,3.248000,0.000000); 10.0937
(2.000000,3.252000,0.000000); 10.0886
(2.000000,3.256000,0.000000); 10.0835
(2.000000,3.260000,0.000000); 10.0784
(2.000000,3.264000,0.000000); 10.0734
(2.000000,3.268000,0.000000); 10.0683
(2.000000,3.272000,0.000000); 10.0632
(2.000000,3.276000,0.000000); 10.0581
(2.000000,3.280000,0.000000); 10.053
(2.000000,3.284000,0.000000); 10.0479
(2.000000,3.288000,0.000000); 10.0428
(2.000000,3.292000,0.000000); 10.0378
(2.000000,3.296000,0.000000); 10.0327
(2.000000,3.300000,0.000000); 10.0276
(2.000000,3.304000,0.000000); 10.0225
(2.000000,3.308000,0.000000); 10.0174
(2.000000,3.312000,0.000000); 10.0123
(2.000000,3.316000,0.000000); 10.0072
(2.000000,3.320000,0.000000); 10.0022
(2.000000,3.324000,0.000000); 9.9971
(2.000000,3.328000,0.000000); 9.99203
(2.000000,3.332000,0.000000); 9.98697
(2.000000,3.336000,0.000000); 9.9819
(2.000000,3.340000,0.000000); 9.97683
(2.000000,3.344000,0.000000); 9.97176
(2.000000,3.348000,0.000000); 9.96669
(2.000000,3.352000,0.000000); 9.96162
(2.000000,3.356000,0.000000); 9.95655
(2.000000,3.360000,0.000000); 9.95148
(2.000000,3.364000,0.000000); 9.94641
(2.000000,3.368000,0.000000); 9.94134
(2.000000,3.372000,0.000000); 9.93627
(2.000000,3.376000,0.000000); 9.9312
(2.000000,3.380000,0.000000); 9.92613
(2.000000,3.384000,0.000000); 9.92107
(2.000000,3.388000,0.000000); 9.916
(2.000000,3.392000,0.000000); 9.91094
(2.000000,3.396000,0.000000); 9.90587
(2.000000,3.400000,0.000000); 9.90081
(2.000000,3.404000,0.000000); 9.89574
(2.000000,3.408000,0.000000); 9.89068
(2.000000,3.412000,0.000000); 9.88561
(2.000000,3.416000,0.000000); 9.88055
(2.000000,3.420000,0.000000); 9.87548
(2.000000,3.424000,0.000000); 9.87042
(2.000000,3.428000,0.000000); 9.86535
(2.000000,3.432000,0.000000); 9.86029
(2.000000,3.436000,0.000000); 9.85522
(2.000000,3.440000,0.000000); 9.85016
(2.000000,3.444000,0.000000); 9.84509
(2.000000,3.448000,0.000000); 9.84003
(2.000000,3.452000,0.000000); 9.83496
(2.000000,3.456000,0.000000); 9.8299
(2.000000,3.460000,0.000000); 9.82483
(2.000000,3.464000,0.000000); 9.81977
(2.000000,3.468000,0.000000); 9.8147
(2.000000,3.472000,0.000000); 9.80964
(2.000000,3.476000,0.000000); 9.80457
(2.000000,3.480000,0.000000); 9.79949
(2.000000,3.484000,0.000000); 9.79438
(2.000000,3.488000,0.000000); 9.78928
(2.000000,3.492000,0.000000); 9.78417
(2.000000,3.496000,0.000000); 9.77906
(2.000000,3.500000,0.000000); 9.77396
(2.000000,3.504000,0.000000); 9.76811
(2.000000,3.508000,0.000000); 9.76135
(2.000000,3.512000,0.000000); 9.7546
(2.000000,3.516000,0.000000); 9.74784
(2.000000,3.520000,0.000000); 9.7411
(2.000000,3.524000,0.000000); 9.73446
(2.000000,3.528000,0.000000); 9.72783
(2.000000,3.532000,0.000000); 9.7212
(2.000000,3.536000,0.000000); 9.71456
(2.000000,3.540000,0.000000); 9.70793
(2.000000,3.544000,0.000000); 9.70129
(2.000000,3.548000,0.000000); 9.69466
(2.000000,3.552000,0.000000); 9.68803
(2.000000,3.556000,0.000000); 9.68139
(2.000000,3.560000,0.000000); 9.67476
(2.000000,3.564000,0.000000); 9.66813
(2.000000,3.568000,0.000000); 9.66149
(2.000000,3.572000,0.000000); 9.65486
(2.000000,3.576000,0.000000); 9.64822
(2.000000,3.580000,0.000000); 9.64159
(2.000000,3.584000,0.000000); 9.63496
(2.000000,3.588000,0.000000); 9.62832
(2.000000,3.592000,0.000000); 9.62169
(2.000000,3.596000,0.000000); 9.61506
(2.000000,3.600000,0.000000); 9.60842
(2.000000,3.604000,0.000000); 9.60179
(2.000000,3.608000,0.000000); 9.59516
(2.000000,3.612000,0.000000); 9.58852
(2.000000,3.616000,0.000000); 9.58189
(2.000000,3.620000,0.000000); 9.57525
(2.000000,3.624000,0.000000); 9.55945
(2.000000,3.628000,0.000000); 9.54066
(2.000000,3.632000,0.000000); 9.52188
(2.000000,3.636000,0.000000); 9.50309
(2.000000,3.640000,0.000000); 9.4843
(2.000000,3.644000,0.000000); 9.46552
(2.000000,3.648000,0.000000); 9.44673
(2.000000,3.652000,0.000000); 9.42794
(2.000000,3.656000,0.000000); 9.40916
(2.000000,3.660000,0.000000); 9.39037
(2.000000,3.664000,0.000000); 9.37158
(2.000000,3.668000,0.000000); 9.35279
(2.000000,3.672000,0.000000); 9.33401
(2.000000,3.676000,0.000000); 9.31522
(2.000000,3.680000,0.000000); 9.29643
(2.000000,3.684000,0.000000); 9.27765
(2.000000,3.688000,0.000000); 9.25886
(2.000000,3.692000,0.000000); 9.24007
(2.000000,3.696000,0.000000); 9.22128
(2.000000,3.700000,0.000000); 9.20158
(2.000000,3.704000,0.000000); 9.18177
(2.000000,3.708000,0.000000); 9.16196
(2.000000,3.712000,0.000000); 9.14215
(2.000000,3.716000,0.000000); 9.12348
(2.000000,3.720000,0.000000); 9.12103
(2.000000,3.724000,0.000000); 9.11857
(2.000000,3.728000,0.000000); 9.11612
(2.000000,3.732000,0.000000); 9.11366
(2.000000,3.736000,0.000000); 9.11121
(2.000000,3.740000,0.000000); 9.10875
(2.000000,3.744000,0.000000); 9.1063
(2.000000,3.748000,0.000000); 9.1038
(2.000000,3.752000,0.000000); 9.10019
(2.000000,3.756000,0.000000); 9.09658
(2.000000,3.760000,0.000000); 9.09297
(2.000000,3.764000,0.000000); 9.08935
(2.000000,3.768000,0.000000); 9.08574
(2.000000,3.772000,0.000000); 9.08213
(2.000000,3.776000,0.000000); 9.07851
(2.000000,3.780000,0.000000); 9.0749
(2.000000,3.784000,0.000000); 9.07129
(2.000000,3.788000,0.000000); 9.06767
(2.000000,3.792000,0.000000); 9.06406
(2.000000,3.796000,0.000000); 9.06045
(2.000000,3.800000,0.000000); 9.05684
(2.000000,3.804000,0.000000); 9.05322
(2.000000,3.808000,0.000000); 9.04961
(2.000000,3.812000,0.000000); 9.04695
(2.000000,3.816000,0.000000); 9.04586
(2.000000,3.820000,0.000000); 9.04477
(2.000000,3.824000,0.000000); 9.04368
(2.000000,3.828000,0.000000); 9.04259
(2.000000,3.832000,0.000000); 9.0415
(2.000000,3.836000,0.000000); 9.04041
(2.000000,3.840000,0.000000); 9.03932
(2.000000,3.844000,0.000000); 9.03823
(2.000000,3.848000,0.000000); 9.03714
(2.000000,3.852000,0.000000); 9.03559
(2.000000,3.856000,0.000000); 9.03401
(2.000000,3.860000,0.000000); 9.03243
(2.000000,3.864000,0.000000); 9.03085
(2.000000,3.868000,0.000000); 9.02928
(2.000000,3.872000,0.000000); 9.0277
(2.000000,3.876000,0.000000); 9.02612
(2.000000,3.880000,0.000000); 9.02454
(2.000000,3.884000,0.000000); 9.02296
(2.000000,3.888000,0.000000); 9.02139
(2.000000,3.892000,0.000000); 9.01981
(2.000000,3.896000,0.000000); 9.01823
(2.000000,3.900000,0.000000); 9.01665
(2.000000,3.904000,0.000000); 9.01508
(2.000000,3.908000,0.000000); 9.01245
(2.000000,3.912000,0.000000); 9.00936
(2.000000,3.916000,0.000000); 9.00627
(2.000000,3.920000,0.000000); 9.00317
(2.000000,3.924000,0.000000); 9.00008
(2.000000,3.928000,0.000000); 8.99698
(2.000000,3.932000,0.000000); 8.99389
(2.000000,3.936000,0.000000); 8.99079
(2.000000,3.940000,0.000000); 8.9877
(2.000000,3.944000,0.000000); 8.98461
(2.000000,3.948000,0.000000); 8.98151
(2.000000,3.952000,0.000000); 8.97842
(2.000000,3.956000,0.000000); 8.97532
(2.000000,3.960000,0.000000); 8.97223
(2.000000,3.964000,0.000000); 8.96913
(2.000000,3.968000,0.000000); 8.96604
(2.000000,3.972000,0.000000); 8.96295
(2.000000,3.976000,0.000000); 8.95985
(2.000000,3.980000,0.000000); 8.95676
(2.000000,3.984000,0.000000); 8.95366
(2.000000,3.988000,0.000000); 8.95057
(2.000000,3.992000,0.000000); 8.94747
(2.000000,3.996000,0.000000); 8.94438
(2.000000,4.000000,0.000000); 8.94129
--
