LOGFILE

(2.000000,0.000000,0.000000); 13.603
(2.000000,0.004000,0.000000); 13.599
(2.000000,0.008000,0.000000); 13.595
(2.000000,0.012000,0.000000); 13.591
(2.000000,0.016000,0.000000); 13.5869
(2.000000,0.020000,0.000000); 13.5829
(2.000000,0.024000,0.000000); 13.5789
(2.000000,0.028000,0.000000); 13.5748
(2.000000,0.032000,0.000000); 13.5708
(2.000000,0.036000,0.000000); 13.5668
(2.000000,0.040000,0.000000); 13.5627
(2.000000,0.044000,0.000000); 13.5587
(2.000000,0.048000,0.000000); 13.5547
(2.000000,0.052000,0.000000); 13.5507
(2.000000,0.056000,0.000000); 13.5466
(2.000000,0.060000,0.000000); 13.5426
(2.000000,0.064000,0.000000); 13.5386
(2.000000,0.068000,0.000000); 13.5345
(2.000000,0.072000,0.000000); 13.5305
(2.000000,0.076000,0.000000); 13.5265
(2.000000,0.080000,0.000000); 13.5224
(2.000000,0.084000,0.000000); 13.5184
(2.000000,0.088000,0.000000); 13.5144
(2.000000,0.092000,0.000000); 13.5104
(2.000000,0.096000,0.000000); 13.5063
(2.000000,0.100000,0.000000); 13.5023
(2.000000,0.104000,0.000000); 13.4983
(2.000000,0.108000,0.000000); 13.4942
(2.000000,0.112000,0.000000); 13.4902
(2.000000,0.116000,0.000000); 13.4862
(2.000000,0.120000,0.000000); 13.4822
(2.000000,0.124000,0.000000); 13.4781
(2.000000,0.128000,0.000000); 13.4741
(2.000000,0.132000,0.000000); 13.4701
(2.000000,0.136000,0.000000); 13.466
(2.000000,0.140000,0.000000); 13.462
(2.000000,0.144000,0.000000); 13.458
(2.000000,0.148000,0.000000); 13.454
(2.000000,0.152000,0.000000); 13.4499
(2.000000,0.156000,0.000000); 13.4459
(2.000000,0.160000,0.000000); 13.4419
(2.000000,0.164000,0.000000); 13.4379
(2.000000,0.168000,0.000000); 13.4338
(2.000000,0.172000,0.000000); 13.4298
(2.000000,0.176000,0.000000); 13.4258
(2.000000,0.180000,0.000000); 13.4217
(2.000000,0.184000,0.000000); 13.4177
(2.000000,0.188000,0.000000); 13.4137
(2.000000,0.192000,0.000000); 13.4097
(2.000000,0.196000,0.000000); 13.4056
(2.000000,0.200000,0.000000); 13.4016
(2.000000,0.204000,0.000000); 13.3976
(2.000000,0.208000,0.000000); 13.3936
(2.000000,0.212000,0.000000); 13.3896
(2.000000,0.216000,0.000000); 13.3855
(2.000000,0.220000,0.000000); 13.3815
(2.000000,0.224000,0.000000); 13.3775
(2.000000,0.228000,0.000000); 13.3735
(2.000000,0.232000,0.000000); 13.3694
(2.000000,0.236000,0.000000); 13.3654
(2.000000,0.240000,0.000000); 13.3614
(2.000000,0.244000,0.000000); 13.3574
(2.000000,0.248000,0.000000); 13.3533
(2.000000,0.252000,0.000000); 13.3493
(2.000000,0.256000,0.000000); 13.3453
(2.000000,0.260000,0.000000); 13.3413
(2.000000,0.264000,0.000000); 13.3372
(2.000000,0.268000,0.000000); 13.3332
(2.000000,0.272000,0.000000); 13.3292
(2.000000,0.276000,0.000000); 13.3252
(2.000000,0.280000,0.000000); 13.3211
(2.000000,0.284000,0.000000); 13.3171
(2.000000,0.288000,0.000000); 13.3131
(2.000000,0.292000,0.000000); 13.3091
(2.000000,0.296000,0.000000); 13.3051
(2.000000,0.300000,0.000000); 13.301
(2.000000,0.304000,0.000000); 13.297
(2.000000,0.308000,0.000000); 13.293
(2.000000,0.312000,0.000000); 13.289
(2.000000,0.316000,0.000000); 13.285
(2.000000,0.320000,0.000000); 13.2809
(2.000000,0.324000,0.000000); 13.2769
(2.000000,0.328000,0.000000); 13.2729
(2.000000,0.332000,0.000000); 13.2689
(2.000000,0.336000,0.000000); 13.2649
(2.000000,0.340000,0.000000); 13.2608
(2.000000,0.344000,0.000000); 13.2568
(2.000000,0.348000,0.000000); 13.2528
(2.000000,0.352000,0.000000); 13.2488
(2.000000,0.356000,0.000000); 13.2448
(2.000000,0.360000,0.000000); 13.2407
(2.000000,0.364000,0.000000); 13.2367
(2.000000,0.368000,0.000000); 13.2327
(2.000000,0.372000,0.000000); 13.2287
(2.000000,0.376000,0.000000); 13.2247
(2.000000,0.380000,0.000000); 13.2206
(2.000000,0.384000,0.000000); 13.2166
(2.000000,0.388000,0.000000); 13.2126
(2.000000,0.392000,0.000000); 13.2086
(2.000000,0.396000,0.000000); 13.2046
(2.000000,0.400000,0.000000); 13.2005
(2.000000,0.404000,0.000000); 13.1965
(2.000000,0.408000,0.000000); 13.1925
(2.000000,0.412000,0.000000); 13.1885
(2.000000,0.416000,0.000000); 13.1845
(2.000000,0.420000,0.000000); 13.1805
(2.000000,0.424000,0.000000); 13.1764
(2.000000,0.428000,0.000000); 13.1724
(2.000000,0.432000,0.000000); 13.1684
(2.000000,0.436000,0.000000); 13.1644
(2.000000,0.440000,0.000000); 13.1604
(2.000000,0.444000,0.000000); 13.1564
(2.000000,0.448000,0.000000); 13.1523
(2.000000,0.452000,0.000000); 13.1483
(2.000000,0.456000,0.000000); 13.1443
(2.000000,0.460000,0.000000); 13.1403
(2.000000,0.464000,0.000000); 13.1363
(2.000000,0.468000,0.000000); 13.1323
(2.000000,0.472000,0.000000); 13.1282
(2.000000,0.476000,0.000000); 13.1242
(2.000000,0.480000,0.000000); 13.1202
(2.000000,0.484000,0.000000); 13.1162
(2.000000,0.488000,0.000000); 13.1122
(2.000000,0.492000,0.000000); 13.1082
(2.000000,0.496000,0.000000); 13.1041
(2.000000,0.500000,0.000000); 13.1001
(2.000000,0.504000,0.000000); 13.0961
(2.000000,0.508000,0.000000); 13.0921
(2.000000,0.512000,0.000000); 13.0881
(2.000000,0.516000,0.000000); 13.0841
(2.000000,0.520000,0.000000); 13.08
(2.000000,0.524000,0.000000); 13.076
(2.000000,0.528000,0.000000); 13.072
(2.000000,0.532000,0.000000); 13.068
(2.000000,0.536000,0.000000); 13.064
(2.000000,0.540000,0.000000); 13.06
(2.000000,0.544000,0.000000); 13.056
(2.000000,0.548000,0.000000); 13.0519
(2.000000,0.552000,0.000000); 13.0479
(2.000000,0.556000,0.000000); 13.0439
(2.000000,0.560000,0.000000); 13.0399
(2.000000,0.564000,0.000000); 13.0359
(2.000000,0.568000,0.000000); 13.0319
(2.000000,0.572000,0.000000); 13.0279
(2.000000,0.576000,0.000000); 13.0238
(2.000000,0.580000,0.000000); 13.0198
(2.000000,0.584000,0.000000); 13.0158
(2.000000,0.588000,0.000000); 13.0118
(2.000000,0.592000,0.000000); 13.0078
(2.000000,0.596000,0.000000); 13.0038
(2.000000,0.600000,0.000000); 12.9998
(2.000000,0.604000,0.000000); 12.9957
(2.000000,0.608000,0.000000); 12.9917
(2.000000,0.612000,0.000000); 12.9877
(2.000000,0.616000,0.000000); 12.9837
(2.000000,0.620000,0.000000); 12.9797
(2.000000,0.624000,0.000000); 12.9757
(2.000000,0.628000,0.000000); 12.9717
(2.000000,0.632000,0.000000); 12.9676
(2.000000,0.636000,0.000000); 12.9636
(2.000000,0.640000,0.000000); 12.9596
(2.000000,0.644000,0.000000); 12.9556
(2.000000,0.648000,0.000000); 12.9516
(2.000000,0.652000,0.000000); 12.9476
(2.000000,0.656000,0.000000); 12.9436
(2.000000,0.660000,0.000000); 12.9396
(2.000000,0.664000,0.000000); 12.9355
(2.000000,0.668000,0.000000); 12.9315
(2.000000,0.672000,0.000000); 12.9275
(2.000000,0.676000,0.000000); 12.9235
(2.000000,0.680000,0.000000); 12.9195
(2.000000,0.684000,0.000000); 12.9155
(2.000000,0.688000,0.000000); 12.9115
(2.000000,0.692000,0.000000); 12.9074
(2.000000,0.696000,0.000000); 12.9034
(2.000000,0.700000,0.000000); 12.8994
(2.000000,0.704000,0.000000); 12.8954
(2.000000,0.708000,0.000000); 12.8914
(2.000000,0.712000,0.000000); 12.8874
(2.000000,0.716000,0.000000); 12.8834
(2.000000,0.720000,0.000000); 12.8794
(2.000000,0.724000,0.000000); 12.8753
(2.000000,0.728000,0.000000); 12.8713
(2.000000,0.732000,0.000000); 12.8673
(2.000000,0.736000,0.000000); 12.8633
(2.000000,0.740000,0.000000); 12.8593
(2.000000,0.744000,0.000000); 12.8553
(2.000000,0.748000,0.000000); 12.8513
(2.000000,0.752000,0.000000); 12.8473
(2.000000,0.756000,0.000000); 12.8432
(2.000000,0.760000,0.000000); 12.8392
(2.000000,0.764000,0.000000); 12.8352
(2.000000,0.768000,0.000000); 12.8312
(2.000000,0.772000,0.000000); 12.8272
(2.000000,0.776000,0.000000); 12.8232
(2.000000,0.780000,0.000000); 12.8192
(2.000000,0.784000,0.000000); 12.8152
(2.000000,0.788000,0.000000); 12.8112
(2.000000,0.792000,0.000000); 12.8071
(2.000000,0.796000,0.000000); 12.8031
(2.000000,0.800000,0.000000); 12.7991
(2.000000,0.804000,0.000000); 12.7951
(2.000000,0.808000,0.000000); 12.7911
(2.000000,0.812000,0.000000); 12.7871
(2.000000,0.816000,0.000000); 12.7831
(2.000000,0.820000,0.000000); 12.7791
(2.000000,0.824000,0.000000); 12.775
(2.000000,0.828000,0.000000); 12.771
(2.000000,0.832000,0.000000); 12.767
(2.000000,0.836000,0.000000); 12.763
(2.000000,0.840000,0.000000); 12.759
(2.000000,0.844000,0.000000); 12.755
(2.000000,0.848000,0.000000); 12.751
(2.000000,0.852000,0.000000); 12.747
(2.000000,0.856000,0.000000); 12.743
(2.000000,0.860000,0.000000); 12.7389
(2.000000,0.864000,0.000000); 12.7349
(2.000000,0.868000,0.000000); 12.7309
(2.000000,0.872000,0.000000); 12.7269
(2.000000,0.876000,0.000000); 12.7229
(2.000000,0.880000,0.000000); 12.7189
(2.000000,0.884000,0.000000); 12.7149
(2.000000,0.888000,0.000000); 12.7109
(2.000000,0.892000,0.000000); 12.7069
(2.000000,0.896000,0.000000); 12.7029
(2.000000,0.900000,0.000000); 12.6988
(2.000000,0.904000,0.000000); 12.6948
(2.000000,0.908000,0.000000); 12.6908
(2.000000,0.912000,0.000000); 12.6868
(2.000000,0.916000,0.000000); 12.6828
(2.000000,0.920000,0.000000); 12.6788
(2.000000,0.924000,0.000000); 12.6748
(2.000000,0.928000,0.000000); 12.6708
(2.000000,0.932000,0.000000); 12.6668
(2.000000,0.936000,0.000000); 12.6627
(2.000000,0.940000,0.000000); 12.6587
(2.000000,0.944000,0.000000); 12.6547
(2.000000,0.948000,0.000000); 12.6507
(2.000000,0.952000,0.000000); 12.6467
(2.000000,0.956000,0.000000); 12.6427
(2.000000,0.960000,0.000000); 12.6387
(2.000000,0.964000,0.000000); 12.6347
(2.000000,0.968000,0.000000); 12.6307
(2.000000,0.972000,0.000000); 12.6266
(2.000000,0.976000,0.000000); 12.6226
(2.000000,0.980000,0.000000); 12.6186
(2.000000,0.984000,0.000000); 12.6146
(2.000000,0.988000,0.000000); 12.6106
(2.000000,0.992000,0.000000); 12.6066
(2.000000,0.996000,0.000000); 12.6026
(2.000000,1.000000,0.000000); 12.5986
(2.000000,1.004000,0.000000); 12.5946
(2.000000,1.008000,0.000000); 12.5906
(2.000000,1.012000,0.000000); 12.5866
(2.000000,1.016000,0.000000); 12.5825
(2.000000,1.020000,0.000000); 12.5785
(2.000000,1.024000,0.000000); 12.5745
(2.000000,1.028000,0.000000); 12.5705
(2.000000,1.032000,0.000000); 12.5665
(2.000000,1.036000,0.000000); 12.5625
(2.000000,1.040000,0.000000); 12.5585
(2.000000,1.044000,0.000000); 12.5545
(2.000000,1.048000,0.000000); 12.5505
(2.000000,1.052000,0.000000); 12.5465
(2.000000,1.056000,0.000000); 12.5424
(2.000000,1.060000,0.000000); 12.5384
(2.000000,1.064000,0.000000); 12.5344
(2.000000,1.068000,0.000000); 12.5304
(2.000000,1.072000,0.000000); 12.5264
(2.000000,1.076000,0.000000); 12.5224
(2.000000,1.080000,0.000000); 12.5184
(2.000000,1.084000,0.000000); 12.5144
(2.000000,1.088000,0.000000); 12.5104
(2.000000,1.092000,0.000000); 12.5064
(2.000000,1.096000,0.000000); 12.5023
(2.000000,1.100000,0.000000); 12.4983
(2.000000,1.104000,0.000000); 12.4943
(2.000000,1.108000,0.000000); 12.4903
(2.000000,1.112000,0.000000); 12.4863
(2.000000,1.116000,0.000000); 12.4823
(2.000000,1.120000,0.000000); 12.4783
(2.000000,1.124000,0.000000); 12.4743
(2.000000,1.128000,0.000000); 12.4703
(2.000000,1.132000,0.000000); 12.4663
(2.000000,1.136000,0.000000); 12.4623
(2.000000,1.140000,0.000000); 12.4582
(2.000000,1.144000,0.000000); 12.4542
(2.000000,1.148000,0.000000); 12.4502
(2.000000,1.152000,0.000000); 12.4462
(2.000000,1.156000,0.000000); 12.4422
(2.000000,1.160000,0.000000); 12.4382
(2.000000,1.164000,0.000000); 12.4342
(2.000000,1.168000,0.000000); 12.4302
(2.000000,1.172000,0.000000); 12.4262
(2.000000,1.176000,0.000000); 12.4222
(2.000000,1.180000,0.000000); 12.4182
(2.000000,1.184000,0.000000); 12.4141
(2.000000,1.188000,0.000000); 12.4101
(2.000000,1.192000,0.000000); 12.4061
(2.000000,1.196000,0.000000); 12.4021
(2.000000,1.200000,0.000000); 12.3981
(2.000000,1.204000,0.000000); 12.3941
(2.000000,1.208000,0.000000); 12.3901
(2.000000,1.212000,0.000000); 12.3861
(2.000000,1.216000,0.000000); 12.3821
(2.000000,1.220000,0.000000); 12.3781
(2.000000,1.224000,0.000000); 12.3741
(2.000000,1.228000,0.000000); 12.37
(2.000000,1.232000,0.000000); 12.366
(2.000000,1.236000,0.000000); 12.362
(2.000000,1.240000,0.000000); 12.358
(2.000000,1.244000,0.000000); 12.354
(2.000000,1.248000,0.000000); 12.35
(2.000000,1.252000,0.000000); 12.346
(2.000000,1.256000,0.000000); 12.342
(2.000000,1.260000,0.000000); 12.338
(2.000000,1.264000,0.000000); 12.334
(2.000000,1.268000,0.000000); 12.33
(2.000000,1.272000,0.000000); 12.3259
(2.000000,1.276000,0.000000); 12.3219
(2.000000,1.280000,0.000000); 12.3179
(2.000000,1.284000,0.000000); 12.3139
(2.000000,1.288000,0.000000); 12.3099
(2.000000,1.292000,0.000000); 12.3059
(2.000000,1.296000,0.000000); 12.3019
(2.000000,1.300000,0.000000); 12.2979
(2.000000,1.304000,0.000000); 12.2939
(2.000000,1.308000,0.000000); 12.2899
(2.000000,1.312000,0.000000); 12.2859
(2.000000,1.316000,0.000000); 12.2819
(2.000000,1.320000,0.000000); 12.2778
(2.000000,1.324000,0.000000); 12.2738
(2.000000,1.328000,0.000000); 12.2698
(2.000000,1.332000,0.000000); 12.2658
(2.000000,1.336000,0.000000); 12.2618
(2.000000,1.340000,0.000000); 12.2578
(2.000000,1.344000,0.000000); 12.2538
(2.000000,1.348000,0.000000); 12.2498
(2.000000,1.352000,0.000000); 12.2458
(2.000000,1.356000,0.000000); 12.2418
(2.000000,1.360000,0.000000); 12.2378
(2.000000,1.364000,0.000000); 12.2337
(2.000000,1.368000,0.000000); 12.2297
(2.000000,1.372000,0.000000); 12.2257
(2.000000,1.376000,0.000000); 12.2217
(2.000000,1.380000,0.000000); 12.2177
(2.000000,1.384000,0.000000); 12.2137
(2.000000,1.388000,0.000000); 12.2097
(2.000000,1.392000,0.000000); 12.2057
(2.000000,1.396000,0.000000); 12.2017
(2.000000,1.400000,0.000000); 12.1977
(2.000000,1.404000,0.000000); 12.1937
(2.000000,1.408000,0.000000); 12.1897
(2.000000,1.412000,0.000000); 12.1856
(2.000000,1.416000,0.000000); 12.1816
(2.000000,1.420000,0.000000); 12.1776
(2.000000,1.424000,0.000000); 12.1736
(2.000000,1.428000,0.000000); 12.1696
(2.000000,1.432000,0.000000); 12.1656
(2.000000,1.436000,0.000000); 12.1616
(2.000000,1.440000,0.000000); 12.1576
(2.000000,1.444000,0.000000); 12.1536
(2.000000,1.448000,0.000000); 12.1496
(2.000000,1.452000,0.000000); 12.1456
(2.000000,1.456000,0.000000); 12.1416
(2.000000,1.460000,0.000000); 12.1375
(2.000000,1.464000,0.000000); 12.1335
(2.000000,1.468000,0.000000); 12.1295
(2.000000,1.472000,0.000000); 12.1255
(2.000000,1.476000,0.000000); 12.1215
(2.000000,1.480000,0.000000); 12.1175
(2.000000,1.484000,0.000000); 12.1135
(2.000000,1.488000,0.000000); 12.1095
(2.000000,1.492000,0.000000); 12.1055
(2.000000,1.496000,0.000000); 12.1015
(2.000000,1.500000,0.000000); 12.0975
(2.000000,1.504000,0.000000); 12.0935
(2.000000,1.508000,0.000000); 12.0895
(2.000000,1.512000,0.000000); 12.0854
(2.000000,1.516000,0.000000); 12.0814
(2.000000,1.520000,0.000000); 12.0774
(2.000000,1.524000,0.000000); 12.0734
(2.000000,1.528000,0.000000); 12.0694
(2.000000,1.532000,0.000000); 12.0654
(2.000000,1.536000,0.000000); 12.0614
(2.000000,1.540000,0.000000); 12.0574
(2.000000,1.544000,0.000000); 12.0534
(2.000000,1.548000,0.000000); 12.0494
(2.000000,1.552000,0.000000); 12.0454
(2.000000,1.556000,0.000000); 12.0414
(2.000000,1.560000,0.000000); 12.0373
(2.000000,1.564000,0.000000); 12.0333
(2.000000,1.568000,0.000000); 12.0293
(2.000000,1.572000,0.000000); 12.0253
(2.000000,1.576000,0.000000); 12.0213
(2.000000,1.580000,0.000000); 12.0173
(2.000000,1.584000,0.000000); 12.0133
(2.000000,1.588000,0.000000); 12.0093
(2.000000,1.592000,0.000000); 12.0053
(2.000000,1.596000,0.000000); 12.0013
(2.000000,1.600000,0.000000); 11.9973
(2.000000,1.604000,0.000000); 11.9933
(2.000000,1.608000,0.000000); 11.9893
(2.000000,1.612000,0.000000); 11.9852
(2.000000,1.616000,0.000000); 11.9812
(2.000000,1.620000,0.000000); 11.9772
(2.000000,1.624000,0.000000); 11.9732
(2.000000,1.628000,0.000000); 11.9692
(2.000000,1.632000,0.000000); 11.9652
(2.000000,1.636000,0.000000); 11.9612
(2.000000,1.640000,0.000000); 11.9572
(2.000000,1.644000,0.000000); 11.9532
(2.000000,1.648000,0.000000); 11.9492
(2.000000,1.652000,0.000000); 11.9452
(2.000000,1.656000,0.000000); 11.9412
(2.000000,1.660000,0.000000); 11.9372
(2.000000,1.664000,0.000000); 11.9331
(2.000000,1.668000,0.000000); 11.9291
(2.000000,1.672000,0.000000); 11.9251
(2.000000,1.676000,0.000000); 11.9211
(2.000000,1.680000,0.000000); 11.9171
(2.000000,1.684000,0.000000); 11.9131
(2.000000,1.688000,0.000000); 11.9091
(2.000000,1.692000,0.000000); 11.9051
(2.000000,1.696000,0.000000); 11.9011
(2.000000,1.700000,0.000000); 11.8971
(2.000000,1.704000,0.000000); 11.8931
(2.000000,1.708000,0.000000); 11.8891
(2.000000,1.712000,0.000000); 11.8851
(2.000000,1.716000,0.000000); 11.881
(2.000000,1.720000,0.000000); 11.877
(2.000000,1.724000,0.000000); 11.873
(2.000000,1.728000,0.000000); 11.869
(2.000000,1.732000,0.000000); 11.865
(2.000000,1.736000,0.000000); 11.861
(2.000000,1.740000,0.000000); 11.857
(2.000000,1.744000,0.000000); 11.853
(2.000000,1.748000,0.000000); 11.849
(2.000000,1.752000,0.000000); 11.845
(2.000000,1.756000,0.000000); 11.841
(2.000000,1.760000,0.000000); 11.837
(2.000000,1.764000,0.000000); 11.833
(2.000000,1.768000,0.000000); 11.8289
(2.000000,1.772000,0.000000); 11.8249
(2.000000,1.776000,0.000000); 11.8209
(2.000000,1.780000,0.000000); 11.8169
(2.000000,1.784000,0.000000); 11.8129
(2.000000,1.788000,0.000000); 11.8089
(2.000000,1.792000,0.000000); 11.8049
(2.000000,1.796000,0.000000); 11.8009
(2.000000,1.800000,0.000000); 11.7969
(2.000000,1.804000,0.000000); 11.7929
(2.000000,1.808000,0.000000); 11.7889
(2.000000,1.812000,0.000000); 11.7849
(2.000000,1.816000,0.000000); 11.7809
(2.000000,1.820000,0.000000); 11.7768
(2.000000,1.824000,0.000000); 11.7728
(2.000000,1.828000,0.000000); 11.7688
(2.000000,1.832000,0.000000); 11.7648
(2.000000,1.836000,0.000000); 11.7608
(2.000000,1.840000,0.000000); 11.7568
(2.000000,1.844000,0.000000); 11.7528
(2.000000,1.848000,0.000000); 11.7488
(2.000000,1.852000,0.000000); 11.7448
(2.000000,1.856000,0.000000); 11.7408
(2.000000,1.860000,0.000000); 11.7368
(2.000000,1.864000,0.000000); 11.7328
(2.000000,1.868000,0.000000); 11.7288
(2.000000,1.872000,0.000000); 11.7247
(2.000000,1.876000,0.000000); 11.7207
(2.000000,1.880000,0.000000); 11.7167
(2.000000,1.884000,0.000000); 11.7127
(2.000000,1.888000,0.000000); 11.7087
(2.000000,1.892000,0.000000); 11.7047
(2.000000,1.896000,0.000000); 11.7007
(2.000000,1.900000,0.000000); 11.6967
(2.000000,1.904000,0.000000); 11.6927
(2.000000,1.908000,0.000000); 11.6887
(2.000000,1.912000,0.000000); 11.6847
(2.000000,1.916000,0.000000); 11.6807
(2.000000,1.920000,0.000000); 11.6767
(2.000000,1.924000,0.000000); 11.6727
(2.000000,1.928000,0.000000); 11.6686
(2.000000,1.932000,0.000000); 11.6646
(2.000000,1.936000,0.000000); 11.6606
(2.000000,1.940000,0.000000); 11.6566
(2.000000,1.944000,0.000000); 11.6526
(2.000000,1.948000,0.000000); 11.6486
(2.000000,1.952000,0.000000); 11.6446
(2.000000,1.956000,0.000000); 11.6406
(2.000000,1.960000,0.000000); 11.6366
(2.000000,1.964000,0.000000); 11.6326
(2.000000,1.968000,0.000000); 11.6286
(2.000000,1.972000,0.000000); 11.6246
(2.000000,1.976000,0.000000); 11.6206
(2.000000,1.980000,0.000000); 11.6165
(2.000000,1.984000,0.000000); 11.6125
(2.000000,1.988000,0.000000); 11.6085
(2.000000,1.992000,0.000000); 11.6045
(2.000000,1.996000,0.000000); 11.6005
(2.000000,2.000000,0.000000); 11.5965
(2.000000,2.004000,0.000000); 11.5925
(2.000000,2.008000,0.000000); 11.5885
(2.000000,2.012000,0.000000); 11.5845
(2.000000,2.016000,0.000000); 11.5805
(2.000000,2.020000,0.000000); 11.5765
(2.000000,2.024000,0.000000); 11.5725
(2.000000,2.028000,0.000000); 11.5685
(2.000000,2.032000,0.000000); 11.5645
(2.000000,2.036000,0.000000); 11.5604
(2.000000,2.040000,0.000000); 11.5564
(2.000000,2.044000,0.000000); 11.5524
(2.000000,2.048000,0.000000); 11.5484
(2.000000,2.052000,0.000000); 11.5444
(2.000000,2.056000,0.000000); 11.5404
(2.000000,2.060000,0.000000); 11.5364
(2.000000,2.064000,0.000000); 11.5324
(2.000000,2.068000,0.000000); 11.5284
(2.000000,2.072000,0.000000); 11.5244
(2.000000,2.076000,0.000000); 11.5204
(2.000000,2.080000,0.000000); 11.5164
(2.000000,2.084000,0.000000); 11.5124
(2.000000,2.088000,0.000000); 11.5084
(2.000000,2.092000,0.000000); 11.5043
(2.000000,2.096000,0.000000); 11.5003
(2.000000,2.100000,0.000000); 11.4963
(2.000000,2.104000,0.000000); 11.4923
(2.000000,2.108000,0.000000); 11.4883
(2.000000,2.112000,0.000000); 11.4843
(2.000000,2.116000,0.000000); 11.4803
(2.000000,2.120000,0.000000); 11.4763
(2.000000,2.124000,0.000000); 11.4723
(2.000000,2.128000,0.000000); 11.4683
(2.000000,2.132000,0.000000); 11.4643
(2.000000,2.136000,0.000000); 11.4603
(2.000000,2.140000,0.000000); 11.4563
(2.000000,2.144000,0.000000); 11.4522
(2.000000,2.148000,0.000000); 11.4482
(2.000000,2.152000,0.000000); 11.4442
(2.000000,2.156000,0.000000); 11.4402
(2.000000,2.160000,0.000000); 11.4362
(2.000000,2.164000,0.000000); 11.4322
(2.000000,2.168000,0.000000); 11.4282
(2.000000,2.172000,0.000000); 11.4242
(2.000000,2.176000,0.000000); 11.4202
(2.000000,2.180000,0.000000); 11.4162
(2.000000,2.184000,0.000000); 11.4122
(2.000000,2.188000,0.000000); 11.4082
(2.000000,2.192000,0.000000); 11.4042
(2.000000,2.196000,0.000000); 11.4002
(2.000000,2.200000,0.000000); 11.3961
(2.000000,2.204000,0.000000); 11.3921
(2.000000,2.208000,0.000000); 11.3881
(2.000000,2.212000,0.000000); 11.3841
(2.000000,2.216000,0.000000); 11.3801
(2.000000,2.220000,0.000000); 11.3761
(2.000000,2.224000,0.000000); 11.3721
(2.000000,2.228000,0.000000); 11.3681
(2.000000,2.232000,0.000000); 11.3641
(2.000000,2.236000,0.000000); 11.3601
(2.000000,2.240000,0.000000); 11.3561
(2.000000,2.244000,0.000000); 11.3521
(2.000000,2.248000,0.000000); 11.3481
(2.000000,2.252000,0.000000); 11.3441
(2.000000,2.256000,0.000000); 11.34
(2.000000,2.260000,0.000000); 11.336
(2.000000,2.264000,0.000000); 11.332
(2.000000,2.268000,0.000000); 11.328
(2.000000,2.272000,0.000000); 11.324
(2.000000,2.276000,0.000000); 11.32
(2.000000,2.280000,0.000000); 11.316
(2.000000,2.284000,0.000000); 11.312
(2.000000,2.288000,0.000000); 11.308
(2.000000,2.292000,0.000000); 11.304
(2.000000,2.296000,0.000000); 11.3
(2.000000,2.300000,0.000000); 11.296
(2.000000,2.304000,0.000000); 11.292
(2.000000,2.308000,0.000000); 11.288
(2.000000,2.312000,0.000000); 11.2839
(2.000000,2.316000,0.000000); 11.2799
(2.000000,2.320000,0.000000); 11.2759
(2.000000,2.324000,0.000000); 11.2719
(2.000000,2.328000,0.000000); 11.2679
(2.000000,2.332000,0.000000); 11.2639
(2.000000,2.336000,0.000000); 11.2599
(2.000000,2.340000,0.000000); 11.2559
(2.000000,2.344000,0.000000); 11.2519
(2.000000,2.348000,0.000000); 11.2479
(2.000000,2.352000,0.000000); 11.2439
(2.000000,2.356000,0.000000); 11.2399
(2.000000,2.360000,0.000000); 11.2359
(2.000000,2.364000,0.000000); 11.2319
(2.000000,2.368000,0.000000); 11.2278
(2.000000,2.372000,0.000000); 11.2238
(2.000000,2.376000,0.000000); 11.2198
(2.000000,2.380000,0.000000); 11.2158
(2.000000,2.384000,0.000000); 11.2118
(2.000000,2.388000,0.000000); 11.2078
(2.000000,2.392000,0.000000); 11.2038
(2.000000,2.396000,0.000000); 11.1998
(2.000000,2.400000,0.000000); 11.1958
(2.000000,2.404000,0.000000); 11.1918
(2.000000,2.408000,0.000000); 11.1878
(2.000000,2.412000,0.000000); 11.1838
(2.000000,2.416000,0.000000); 11.1798
(2.000000,2.420000,0.000000); 11.1758
(2.000000,2.424000,0.000000); 11.1717
(2.000000,2.428000,0.000000); 11.1677
(2.000000,2.432000,0.000000); 11.1637
(2.000000,2.436000,0.000000); 11.1597
(2.000000,2.440000,0.000000); 11.1557
(2.000000,2.444000,0.000000); 11.1517
(2.000000,2.448000,0.000000); 11.1477
(2.000000,2.452000,0.000000); 11.1437
(2.000000,2.456000,0.000000); 11.1397
(2.000000,2.460000,0.000000); 11.1357
(2.000000,2.464000,0.000000); 11.1317
(2.000000,2.468000,0.000000); 11.1277
(2.000000,2.472000,0.000000); 11.1237
(2.000000,2.476000,0.000000); 11.1197
(2.000000,2.480000,0.000000); 11.1157
(2.000000,2.484000,0.000000); 11.1116
(2.000000,2.488000,0.000000); 11.1076
(2.000000,2.492000,0.000000); 11.1036
(2.000000,2.496000,0.000000); 11.0996
(2.000000,2.500000,0.000000); 11.0956
(2.000000,2.504000,0.000000); 11.0916
(2.000000,2.508000,0.000000); 11.0876
(2.000000,2.512000,0.000000); 11.0836
(2.000000,2.516000,0.000000); 11.0796
(2.000000,2.520000,0.000000); 11.0756
(2.000000,2.524000,0.000000); 11.0716
(2.000000,2.528000,0.000000); 11.0676
(2.000000,2.532000,0.000000); 11.0636
(2.000000,2.536000,0.000000); 11.0596
(2.000000,2.540000,0.000000); 11.0555
(2.000000,2.544000,0.000000); 11.0515
(2.000000,2.548000,0.000000); 11.0475
(2.000000,2.552000,0.000000); 11.0435
(2.000000,2.556000,0.000000); 11.0395
(2.000000,2.560000,0.000000); 11.0355
(2.000000,2.564000,0.000000); 11.0315
(2.000000,2.568000,0.000000); 11.0275
(2.000000,2.572000,0.000000); 11.0235
(2.000000,2.576000,0.000000); 11.0195
(2.000000,2.580000,0.000000); 11.0155
(2.000000,2.584000,0.000000); 11.0115
(2.000000,2.588000,0.000000); 11.0075
(2.000000,2.592000,0.000000); 11.0035
(2.000000,2.596000,0.000000); 10.9994
(2.000000,2.600000,0.000000); 10.9954
(2.000000,2.604000,0.000000); 10.9914
(2.000000,2.608000,0.000000); 10.9874
(2.000000,2.612000,0.000000); 10.9834
(2.000000,2.616000,0.000000); 10.9794
(2.000000,2.620000,0.000000); 10.9754
(2.000000,2.624000,0.000000); 10.9714
(2.000000,2.628000,0.000000); 10.9674
(2.000000,2.632000,0.000000); 10.9634
(2.000000,2.636000,0.000000); 10.9594
(2.000000,2.640000,0.000000); 10.9554
(2.000000,2.644000,0.000000); 10.9514
(2.000000,2.648000,0.000000); 10.9474
(2.000000,2.652000,0.000000); 10.9434
(2.000000,2.656000,0.000000); 10.9393
(2.000000,2.660000,0.000000); 10.9353
(2.000000,2.664000,0.000000); 10.9313
(2.000000,2.668000,0.000000); 10.9273
(2.000000,2.672000,0.000000); 10.9233
(2.000000,2.676000,0.000000); 10.9193
(2.000000,2.680000,0.000000); 10.9153
(2.000000,2.684000,0.000000); 10.9113
(2.000000,2.688000,0.000000); 10.9073
(2.000000,2.692000,0.000000); 10.9033
(2.000000,2.696000,0.000000); 10.8993
(2.000000,2.700000,0.000000); 10.8953
(2.000000,2.704000,0.000000); 10.8913
(2.000000,2.708000,0.000000); 10.8873
(2.000000,2.712000,0.000000); 10.8832
(2.000000,2.716000,0.000000); 10.8792
(2.000000,2.720000,0.000000); 10.8752
(2.000000,2.724000,0.000000); 10.8712
(2.000000,2.728000,0.000000); 10.8672
(2.000000,2.732000,0.000000); 10.8632
(2.000000,2.736000,0.000000); 10.8592
(2.000000,2.740000,0.000000); 10.8552
(2.000000,2.744000,0.000000); 10.8512
(2.000000,2.748000,0.000000); 10.8472
(2.000000,2.752000,0.000000); 10.8432
(2.000000,2.756000,0.000000); 10.8392
(2.000000,2.760000,0.000000); 10.8352
(2.000000,2.764000,0.000000); 10.8312
(2.000000,2.768000,0.000000); 10.8271
(2.000000,2.772000,0.000000); 10.8231
(2.000000,2.776000,0.000000); 10.8191
(2.000000,2.780000,0.000000); 10.8151
(2.000000,2.784000,0.000000); 10.8111
(2.000000,2.788000,0.000000); 10.8071
(2.000000,2.792000,0.000000); 10.8031
(2.000000,2.796000,0.000000); 10.7991
(2.000000,2.800000,0.000000); 10.7951
(2.000000,2.804000,0.000000); 10.7911
(2.000000,2.808000,0.000000); 10.7871
(2.000000,2.812000,0.000000); 10.7831
(2.000000,2.816000,0.000000); 10.7791
(2.000000,2.820000,0.000000); 10.7751
(2.000000,2.824000,0.000000); 10.7711
(2.000000,2.828000,0.000000); 10.767
(2.000000,2.832000,0.000000); 10.763
(2.000000,2.836000,0.000000); 10.759
(2.000000,2.840000,0.000000); 10.755
(2.000000,2.844000,0.000000); 10.751
(2.000000,2.848000,0.000000); 10.747
(2.000000,2.852000,0.000000); 10.743
(2.000000,2.856000,0.000000); 10.739
(2.000000,2.860000,0.000000); 10.735
(2.000000,2.864000,0.000000); 10.731
(2.000000,2.868000,0.000000); 10.727
(2.000000,2.872000,0.000000); 10.723
(2.000000,2.876000,0.000000); 10.719
(2.000000,2.880000,0.000000); 10.715
(2.000000,2.884000,0.000000); 10.7109
(2.000000,2.888000,0.000000); 10.7069
(2.000000,2.892000,0.000000); 10.7029
(2.000000,2.896000,0.000000); 10.6989
(2.000000,2.900000,0.000000); 10.6949
(2.000000,2.904000,0.000000); 10.6909
(2.000000,2.908000,0.000000); 10.6869
(2.000000,2.912000,0.000000); 10.6829
(2.000000,2.916000,0.000000); 10.6789
(2.000000,2.920000,0.000000); 10.6749
(2.000000,2.924000,0.000000); 10.6709
(2.000000,2.928000,0.000000); 10.6669
(2.000000,2.932000,0.000000); 10.6629
(2.000000,2.936000,0.000000); 10.6589
(2.000000,2.940000,0.000000); 10.6549
(2.000000,2.944000,0.000000); 10.6508
(2.000000,2.948000,0.000000); 10.6468
(2.000000,2.952000,0.000000); 10.6428
(2.000000,2.956000,0.000000); 10.6388
(2.000000,2.960000,0.000000); 10.6348
(2.000000,2.964000,0.000000); 10.6308
(2.000000,2.968000,0.000000); 10.6268
(2.000000,2.972000,0.000000); 10.6228
(2.000000,2.976000,0.000000); 10.6188
(2.000000,2.980000,0.000000); 10.6148
(2.000000,2.984000,0.000000); 10.6108
(2.000000,2.988000,0.000000); 10.6068
(2.000000,2.992000,0.000000); 10.6028
(2.000000,2.996000,0.000000); 10.5988
(2.000000,3.000000,0.000000); 10.5947
(2.000000,3.004000,0.000000); 10.5907
(2.000000,3.008000,0.000000); 10.5867
(2.000000,3.012000,0.000000); 10.5827
(2.000000,3.016000,0.000000); 10.5787
(2.000000,3.020000,0.000000); 10.5747
(2.000000,3.024000,0.000000); 10.5707
(2.000000,3.028000,0.000000); 10.5667
(2.000000,3.032000,0.000000); 10.5627
(2.000000,3.036000,0.000000); 10.5587
(2.000000,3.040000,0.000000); 10.5547
(2.000000,3.044000,0.000000); 10.5507
(2.000000,3.048000,0.000000); 10.5467
(2.000000,3.052000,0.000000); 10.5427
(2.000000,3.056000,0.000000); 10.5387
(2.000000,3.060000,0.000000); 10.5347
(2.000000,3.064000,0.000000); 10.5306
(2.000000,3.068000,0.000000); 10.5266
(2.000000,3.072000,0.000000); 10.5226
(2.000000,3.076000,0.000000); 10.5186
(2.000000,3.080000,0.000000); 10.5146
(2.000000,3.084000,0.000000); 10.5106
(2.000000,3.088000,0.000000); 10.5066
(2.000000,3.092000,0.000000); 10.5026
(2.000000,3.096000,0.000000); 10.4986
(2.000000,3.100000,0.000000); 10.4946
(2.000000,3.104000,0.000000); 10.4906
(2.000000,3.108000,0.000000); 10.4866
(2.000000,3.112000,0.000000); 10.4826
(2.000000,3.116000,0.000000); 10.4786
(2.000000,3.120000,0.000000); 10.4746
(2.000000,3.124000,0.000000); 10.4706
(2.000000,3.128000,0.000000); 10.4665
(2.000000,3.132000,0.000000); 10.4625
(2.000000,3.136000,0.000000); 10.4585
(2.000000,3.140000,0.000000); 10.4545
(2.000000,3.144000,0.000000); 10.4505
(2.000000,3.148000,0.000000); 10.4465
(2.000000,3.152000,0.000000); 10.4425
(2.000000,3.156000,0.000000); 10.4385
(2.000000,3.160000,0.000000); 10.4345
(2.000000,3.164000,0.000000); 10.4305
(2.000000,3.168000,0.000000); 10.4265
(2.000000,3.172000,0.000000); 10.4225
(2.000000,3.176000,0.000000); 10.4184
(2.000000,3.180000,0.000000); 10.4144
(2.000000,3.184000,0.000000); 10.4104
(2.000000,3.188000,0.000000); 10.4064
(2.000000,3.192000,0.000000); 10.4024
(2.000000,3.196000,0.000000); 10.3984
(2.000000,3.200000,0.000000); 10.3944
(2.000000,3.204000,0.000000); 10.3904
(2.000000,3.208000,0.000000); 10.3864
(2.000000,3.212000,0.000000); 10.3823
(2.000000,3.216000,0.000000); 10.3783
(2.000000,3.220000,0.000000); 10.3743
(2.000000,3.224000,0.000000); 10.3703
(2.000000,3.228000,0.000000); 10.3663
(2.000000,3.232000,0.000000); 10.3623
(2.000000,3.236000,0.000000); 10.3583
(2.000000,3.240000,0.000000); 10.3543
(2.000000,3.244000,0.000000); 10.3503
(2.000000,3.248000,0.000000); 10.3462
(2.000000,3.252000,0.000000); 10.3422
(2.000000,3.256000,0.000000); 10.3382
(2.000000,3.260000,0.000000); 10.3342
(2.000000,3.264000,0.000000); 10.3302
(2.000000,3.268000,0.000000); 10.3262
(2.000000,3.272000,0.000000); 10.3222
(2.000000,3.276000,0.000000); 10.3182
(2.000000,3.280000,0.000000); 10.3142
(2.000000,3.284000,0.000000); 10.3102
(2.000000,3.288000,0.000000); 10.3062
(2.000000,3.292000,0.000000); 10.3022
(2.000000,3.296000,0.000000); 10.2982
(2.000000,3.300000,0.000000); 10.2942
(2.000000,3.304000,0.000000); 10.2902
(2.000000,3.308000,0.000000); 10.2862
(2.000000,3.312000,0.000000); 10.2822
(2.000000,3.316000,0.000000); 10.2782
(2.000000,3.320000,0.000000); 10.2742
(2.000000,3.324000,0.000000); 10.2702
(2.000000,3.328000,0.000000); 10.2662
(2.000000,3.332000,0.000000); 10.2622
(2.000000,3.336000,0.000000); 10.2582
(2.000000,3.340000,0.000000); 10.2542
(2.000000,3.344000,0.000000); 10.2502
(2.000000,3.348000,0.000000); 10.2463
(2.000000,3.352000,0.000000); 10.2423
(2.000000,3.356000,0.000000); 10.2383
(2.000000,3.360000,0.000000); 10.2343
(2.000000,3.364000,0.000000); 10.2303
(2.000000,3.368000,0.000000); 10.2263
(2.000000,3.372000,0.000000); 10.2223
(2.000000,3.376000,0.000000); 10.2183
(2.000000,3.380000,0.000000); 10.2143
(2.000000,3.384000,0.000000); 10.2103
(2.000000,3.388000,0.000000); 10.2063
(2.000000,3.392000,0.000000); 10.2022
(2.000000,3.396000,0.000000); 10.1982
(2.000000,3.400000,0.000000); 10.1942
(2.000000,3.404000,0.000000); 10.1901
(2.000000,3.408000,0.000000); 10.1861
(2.000000,3.412000,0.000000); 10.182
(2.000000,3.416000,0.000000); 10.178
(2.000000,3.420000,0.000000); 10.174
(2.000000,3.424000,0.000000); 10.1699
(2.000000,3.428000,0.000000); 10.1659
(2.000000,3.432000,0.000000); 10.1619
(2.000000,3.436000,0.000000); 10.1578
(2.000000,3.440000,0.000000); 10.1538
(2.000000,3.444000,0.000000); 10.1497
(2.000000,3.448000,0.000000); 10.1457
(2.000000,3.452000,0.000000); 10.1417
(2.000000,3.456000,0.000000); 10.1376
(2.000000,3.460000,0.000000); 10.1336
(2.000000,3.464000,0.000000); 10.1295
(2.000000,3.468000,0.000000); 10.1255
(2.000000,3.472000,0.000000); 10.1215
(2.000000,3.476000,0.000000); 10.1174
(2.000000,3.480000,0.000000); 10.1134
(2.000000,3.484000,0.000000); 10.1094
(2.000000,3.488000,0.000000); 10.1053
(2.000000,3.492000,0.000000); 10.1013
(2.000000,3.496000,0.000000); 10.0973
(2.000000,3.500000,0.000000); 10.0932
(2.000000,3.504000,0.000000); 10.0893
(2.000000,3.508000,0.000000); 10.0854
(2.000000,3.512000,0.000000); 10.0815
(2.000000,3.516000,0.000000); 10.0776
(2.000000,3.520000,0.000000); 10.0737
(2.000000,3.524000,0.000000); 10.0698
(2.000000,3.528000,0.000000); 10.0659
(2.000000,3.532000,0.000000); 10.062
(2.000000,3.536000,0.000000); 10.0581
(2.000000,3.540000,0.000000); 10.0542
(2.000000,3.544000,0.000000); 10.0503
(2.000000,3.548000,0.000000); 10.0465
(2.000000,3.552000,0.000000); 10.0426
(2.000000,3.556000,0.000000); 10.0387
(2.000000,3.560000,0.000000); 10.0348
(2.000000,3.564000,0.000000); 10.0309
(2.000000,3.568000,0.000000); 10.027
(2.000000,3.572000,0.000000); 10.0231
(2.000000,3.576000,0.000000); 10.0192
(2.000000,3.580000,0.000000); 10.0153
(2.000000,3.584000,0.000000); 10.0114
(2.000000,3.588000,0.000000); 10.0076
(2.000000,3.592000,0.000000); 10.0037
(2.000000,3.596000,0.000000); 9.99978
(2.000000,3.600000,0.000000); 9.99589
(2.000000,3.604000,0.000000); 9.992
(2.000000,3.608000,0.000000); 9.98811
(2.000000,3.612000,0.000000); 9.98422
(2.000000,3.616000,0.000000); 9.98033
(2.000000,3.620000,0.000000); 9.97644
(2.000000,3.624000,0.000000); 9.97201
(2.000000,3.628000,0.000000); 9.96739
(2.000000,3.632000,0.000000); 9.96278
(2.000000,3.636000,0.000000); 9.95816
(2.000000,3.640000,0.000000); 9.95355
(2.000000,3.644000,0.000000); 9.94894
(2.000000,3.648000,0.000000); 9.94432
(2.000000,3.652000,0.000000); 9.93971
(2.000000,3.656000,0.000000); 9.9351
(2.000000,3.660000,0.000000); 9.93048
(2.000000,3.664000,0.000000); 9.92587
(2.000000,3.668000,0.000000); 9.92125
(2.000000,3.672000,0.000000); 9.91664
(2.000000,3.676000,0.000000); 9.91203
(2.000000,3.680000,0.000000); 9.90741
(2.000000,3.684000,0.000000); 9.9028
(2.000000,3.688000,0.000000); 9.89819
(2.000000,3.692000,0.000000); 9.89357
(2.000000,3.696000,0.000000); 9.88896
(2.000000,3.700000,0.000000); 9.88436
(2.000000,3.704000,0.000000); 9.87976
(2.000000,3.708000,0.000000); 9.87517
(2.000000,3.712000,0.000000); 9.87057
(2.000000,3.716000,0.000000); 9.86616
(2.000000,3.720000,0.000000); 9.8644
(2.000000,3.724000,0.000000); 9.86263
(2.000000,3.728000,0.000000); 9.86087
(2.000000,3.732000,0.000000); 9.8591
(2.000000,3.736000,0.000000); 9.85734
(2.000000,3.740000,0.000000); 9.85557
(2.000000,3.744000,0.000000); 9.85381
(2.000000,3.748000,0.000000); 9.85205
(2.000000,3.752000,0.000000); 9.85035
(2.000000,3.756000,0.000000); 9.84866
(2.000000,3.760000,0.000000); 9.84697
(2.000000,3.764000,0.000000); 9.84528
(2.000000,3.768000,0.000000); 9.84359
(2.000000,3.772000,0.000000); 9.8419
(2.000000,3.776000,0.000000); 9.8402
(2.000000,3.780000,0.000000); 9.83851
(2.000000,3.784000,0.000000); 9.83682
(2.000000,3.788000,0.000000); 9.83513
(2.000000,3.792000,0.000000); 9.83344
(2.000000,3.796000,0.000000); 9.83174
(2.000000,3.800000,0.000000); 9.83005
(2.000000,3.804000,0.000000); 9.82836
(2.000000,3.808000,0.000000); 9.82667
(2.000000,3.812000,0.000000); 9.82084
(2.000000,3.816000,0.000000); 9.80817
(2.000000,3.820000,0.000000); 9.7955
(2.000000,3.824000,0.000000); 9.78283
(2.000000,3.828000,0.000000); 9.77016
(2.000000,3.832000,0.000000); 9.75749
(2.000000,3.836000,0.000000); 9.74482
(2.000000,3.840000,0.000000); 9.73215
(2.000000,3.844000,0.000000); 9.71948
(2.000000,3.848000,0.000000); 9.70681
(2.000000,3.852000,0.000000); 9.69444
(2.000000,3.856000,0.000000); 9.68208
(2.000000,3.860000,0.000000); 9.66972
(2.000000,3.864000,0.000000); 9.65736
(2.000000,3.868000,0.000000); 9.64501
(2.000000,3.872000,0.000000); 9.63265
(2.000000,3.876000,0.000000); 9.62029
(2.000000,3.880000,0.000000); 9.60793
(2.000000,3.884000,0.000000); 9.59557
(2.000000,3.888000,0.000000); 9.58321
(2.000000,3.892000,0.000000); 9.57085
(2.000000,3.896000,0.000000); 9.5585
(2.000000,3.900000,0.000000); 9.54614
(2.000000,3.904000,0.000000); 9.53378
(2.000000,3.908000,0.000000); 9.54922
(2.000000,3.912000,0.000000); 9.57724
(2.000000,3.916000,0.000000); 9.60526
(2.000000,3.920000,0.000000); 9.63328
(2.000000,3.924000,0.000000); 9.6613
(2.000000,3.928000,0.000000); 9.68932
(2.000000,3.932000,0.000000); 9.71734
(2.000000,3.936000,0.000000); 9.74536
(2.000000,3.940000,0.000000); 9.77338
(2.000000,3.944000,0.000000); 9.8014
(2.000000,3.948000,0.000000); 9.82942
(2.000000,3.952000,0.000000); 9.85744
(2.000000,3.956000,0.000000); 9.88546
(2.000000,3.960000,0.000000); 9.91348
(2.000000,3.964000,0.000000); 9.9415
(2.000000,3.968000,0.000000); 9.96952
(2.000000,3.972000,0.000000); 9.99754
(2.000000,3.976000,0.000000); 10.0256
(2.000000,3.980000,0.000000); 10.0536
(2.000000,3.984000,0.000000); 10.0816
(2.000000,3.988000,0.000000); 10.1096
(2.000000,3.992000,0.000000); 10.1376
(2.000000,3.996000,0.000000); 10.1657
(2.000000,4.000000,0.000000); 10.1937
