LOGFILE

(2.000000,0.000000,0.000000); 13.603
(2.000000,0.004000,0.000000); 13.599
(2.000000,0.008000,0.000000); 13.595
(2.000000,0.012000,0.000000); 13.591
(2.000000,0.016000,0.000000); 13.5869
(2.000000,0.020000,0.000000); 13.5829
(2.000000,0.024000,0.000000); 13.5789
(2.000000,0.028000,0.000000); 13.5748
(2.000000,0.032000,0.000000); 13.5708
(2.000000,0.036000,0.000000); 13.5668
(2.000000,0.040000,0.000000); 13.5628
(2.000000,0.044000,0.000000); 13.5587
(2.000000,0.048000,0.000000); 13.5547
(2.000000,0.052000,0.000000); 13.5507
(2.000000,0.056000,0.000000); 13.5466
(2.000000,0.060000,0.000000); 13.5426
(2.000000,0.064000,0.000000); 13.5386
(2.000000,0.068000,0.000000); 13.5345
(2.000000,0.072000,0.000000); 13.5305
(2.000000,0.076000,0.000000); 13.5265
(2.000000,0.080000,0.000000); 13.5225
(2.000000,0.084000,0.000000); 13.5184
(2.000000,0.088000,0.000000); 13.5144
(2.000000,0.092000,0.000000); 13.5104
(2.000000,0.096000,0.000000); 13.5063
(2.000000,0.100000,0.000000); 13.5023
(2.000000,0.104000,0.000000); 13.4983
(2.000000,0.108000,0.000000); 13.4943
(2.000000,0.112000,0.000000); 13.4902
(2.000000,0.116000,0.000000); 13.4862
(2.000000,0.120000,0.000000); 13.4822
(2.000000,0.124000,0.000000); 13.4782
(2.000000,0.128000,0.000000); 13.4741
(2.000000,0.132000,0.000000); 13.4701
(2.000000,0.136000,0.000000); 13.4661
(2.000000,0.140000,0.000000); 13.4621
(2.000000,0.144000,0.000000); 13.458
(2.000000,0.148000,0.000000); 13.454
(2.000000,0.152000,0.000000); 13.45
(2.000000,0.156000,0.000000); 13.446
(2.000000,0.160000,0.000000); 13.4419
(2.000000,0.164000,0.000000); 13.4379
(2.000000,0.168000,0.000000); 13.4339
(2.000000,0.172000,0.000000); 13.4298
(2.000000,0.176000,0.000000); 13.4258
(2.000000,0.180000,0.000000); 13.4218
(2.000000,0.184000,0.000000); 13.4178
(2.000000,0.188000,0.000000); 13.4137
(2.000000,0.192000,0.000000); 13.4097
(2.000000,0.196000,0.000000); 13.4057
(2.000000,0.200000,0.000000); 13.4017
(2.000000,0.204000,0.000000); 13.3977
(2.000000,0.208000,0.000000); 13.3936
(2.000000,0.212000,0.000000); 13.3896
(2.000000,0.216000,0.000000); 13.3856
(2.000000,0.220000,0.000000); 13.3816
(2.000000,0.224000,0.000000); 13.3775
(2.000000,0.228000,0.000000); 13.3735
(2.000000,0.232000,0.000000); 13.3695
(2.000000,0.236000,0.000000); 13.3655
(2.000000,0.240000,0.000000); 13.3615
(2.000000,0.244000,0.000000); 13.3574
(2.000000,0.248000,0.000000); 13.3534
(2.000000,0.252000,0.000000); 13.3494
(2.000000,0.256000,0.000000); 13.3454
(2.000000,0.260000,0.000000); 13.3413
(2.000000,0.264000,0.000000); 13.3373
(2.000000,0.268000,0.000000); 13.3333
(2.000000,0.272000,0.000000); 13.3293
(2.000000,0.276000,0.000000); 13.3252
(2.000000,0.280000,0.000000); 13.3212
(2.000000,0.284000,0.000000); 13.3172
(2.000000,0.288000,0.000000); 13.3132
(2.000000,0.292000,0.000000); 13.3092
(2.000000,0.296000,0.000000); 13.3051
(2.000000,0.300000,0.000000); 13.3011
(2.000000,0.304000,0.000000); 13.2971
(2.000000,0.308000,0.000000); 13.2931
(2.000000,0.312000,0.000000); 13.2891
(2.000000,0.316000,0.000000); 13.285
(2.000000,0.320000,0.000000); 13.281
(2.000000,0.324000,0.000000); 13.277
(2.000000,0.328000,0.000000); 13.273
(2.000000,0.332000,0.000000); 13.269
(2.000000,0.336000,0.000000); 13.2649
(2.000000,0.340000,0.000000); 13.2609
(2.000000,0.344000,0.000000); 13.2569
(2.000000,0.348000,0.000000); 13.2529
(2.000000,0.352000,0.000000); 13.2489
(2.000000,0.356000,0.000000); 13.2448
(2.000000,0.360000,0.000000); 13.2408
(2.000000,0.364000,0.000000); 13.2368
(2.000000,0.368000,0.000000); 13.2328
(2.000000,0.372000,0.000000); 13.2288
(2.000000,0.376000,0.000000); 13.2247
(2.000000,0.380000,0.000000); 13.2207
(2.000000,0.384000,0.000000); 13.2167
(2.000000,0.388000,0.000000); 13.2127
(2.000000,0.392000,0.000000); 13.2087
(2.000000,0.396000,0.000000); 13.2047
(2.000000,0.400000,0.000000); 13.2006
(2.000000,0.404000,0.000000); 13.1966
(2.000000,0.408000,0.000000); 13.1926
(2.000000,0.412000,0.000000); 13.1886
(2.000000,0.416000,0.000000); 13.1846
(2.000000,0.420000,0.000000); 13.1806
(2.000000,0.424000,0.000000); 13.1765
(2.000000,0.428000,0.000000); 13.1725
(2.000000,0.432000,0.000000); 13.1685
(2.000000,0.436000,0.000000); 13.1645
(2.000000,0.440000,0.000000); 13.1605
(2.000000,0.444000,0.000000); 13.1565
(2.000000,0.448000,0.000000); 13.1524
(2.000000,0.452000,0.000000); 13.1484
(2.000000,0.456000,0.000000); 13.1444
(2.000000,0.460000,0.000000); 13.1404
(2.000000,0.464000,0.000000); 13.1364
(2.000000,0.468000,0.000000); 13.1324
(2.000000,0.472000,0.000000); 13.1283
(2.000000,0.476000,0.000000); 13.1243
(2.000000,0.480000,0.000000); 13.1203
(2.000000,0.484000,0.000000); 13.1163
(2.000000,0.488000,0.000000); 13.1123
(2.000000,0.492000,0.000000); 13.1083
(2.000000,0.496000,0.000000); 13.1042
(2.000000,0.500000,0.000000); 13.1002
(2.000000,0.504000,0.000000); 13.0962
(2.000000,0.508000,0.000000); 13.0922
(2.000000,0.512000,0.000000); 13.0882
(2.000000,0.516000,0.000000); 13.0842
(2.000000,0.520000,0.000000); 13.0802
(2.000000,0.524000,0.000000); 13.0761
(2.000000,0.528000,0.000000); 13.0721
(2.000000,0.532000,0.000000); 13.0681
(2.000000,0.536000,0.000000); 13.0641
(2.000000,0.540000,0.000000); 13.0601
(2.000000,0.544000,0.000000); 13.0561
(2.000000,0.548000,0.000000); 13.0521
(2.000000,0.552000,0.000000); 13.048
(2.000000,0.556000,0.000000); 13.044
(2.000000,0.560000,0.000000); 13.04
(2.000000,0.564000,0.000000); 13.036
(2.000000,0.568000,0.000000); 13.032
(2.000000,0.572000,0.000000); 13.028
(2.000000,0.576000,0.000000); 13.024
(2.000000,0.580000,0.000000); 13.0199
(2.000000,0.584000,0.000000); 13.0159
(2.000000,0.588000,0.000000); 13.0119
(2.000000,0.592000,0.000000); 13.0079
(2.000000,0.596000,0.000000); 13.0039
(2.000000,0.600000,0.000000); 12.9999
(2.000000,0.604000,0.000000); 12.9959
(2.000000,0.608000,0.000000); 12.9918
(2.000000,0.612000,0.000000); 12.9878
(2.000000,0.616000,0.000000); 12.9838
(2.000000,0.620000,0.000000); 12.9798
(2.000000,0.624000,0.000000); 12.9758
(2.000000,0.628000,0.000000); 12.9718
(2.000000,0.632000,0.000000); 12.9678
(2.000000,0.636000,0.000000); 12.9638
(2.000000,0.640000,0.000000); 12.9597
(2.000000,0.644000,0.000000); 12.9557
(2.000000,0.648000,0.000000); 12.9517
(2.000000,0.652000,0.000000); 12.9477
(2.000000,0.656000,0.000000); 12.9437
(2.000000,0.660000,0.000000); 12.9397
(2.000000,0.664000,0.000000); 12.9357
(2.000000,0.668000,0.000000); 12.9317
(2.000000,0.672000,0.000000); 12.9276
(2.000000,0.676000,0.000000); 12.9236
(2.000000,0.680000,0.000000); 12.9196
(2.000000,0.684000,0.000000); 12.9156
(2.000000,0.688000,0.000000); 12.9116
(2.000000,0.692000,0.000000); 12.9076
(2.000000,0.696000,0.000000); 12.9036
(2.000000,0.700000,0.000000); 12.8996
(2.000000,0.704000,0.000000); 12.8955
(2.000000,0.708000,0.000000); 12.8915
(2.000000,0.712000,0.000000); 12.8875
(2.000000,0.716000,0.000000); 12.8835
(2.000000,0.720000,0.000000); 12.8795
(2.000000,0.724000,0.000000); 12.8755
(2.000000,0.728000,0.000000); 12.8715
(2.000000,0.732000,0.000000); 12.8675
(2.000000,0.736000,0.000000); 12.8634
(2.000000,0.740000,0.000000); 12.8594
(2.000000,0.744000,0.000000); 12.8554
(2.000000,0.748000,0.000000); 12.8514
(2.000000,0.752000,0.000000); 12.8474
(2.000000,0.756000,0.000000); 12.8434
(2.000000,0.760000,0.000000); 12.8394
(2.000000,0.764000,0.000000); 12.8354
(2.000000,0.768000,0.000000); 12.8314
(2.000000,0.772000,0.000000); 12.8273
(2.000000,0.776000,0.000000); 12.8233
(2.000000,0.780000,0.000000); 12.8193
(2.000000,0.784000,0.000000); 12.8153
(2.000000,0.788000,0.000000); 12.8113
(2.000000,0.792000,0.000000); 12.8073
(2.000000,0.796000,0.000000); 12.8033
(2.000000,0.800000,0.000000); 12.7993
(2.000000,0.804000,0.000000); 12.7953
(2.000000,0.808000,0.000000); 12.7912
(2.000000,0.812000,0.000000); 12.7872
(2.000000,0.816000,0.000000); 12.7832
(2.000000,0.820000,0.000000); 12.7792
(2.000000,0.824000,0.000000); 12.7752
(2.000000,0.828000,0.000000); 12.7712
(2.000000,0.832000,0.000000); 12.7672
(2.000000,0.836000,0.000000); 12.7632
(2.000000,0.840000,0.000000); 12.7592
(2.000000,0.844000,0.000000); 12.7551
(2.000000,0.848000,0.000000); 12.7511
(2.000000,0.852000,0.000000); 12.7471
(2.000000,0.856000,0.000000); 12.7431
(2.000000,0.860000,0.000000); 12.7391
(2.000000,0.864000,0.000000); 12.7351
(2.000000,0.868000,0.000000); 12.7311
(2.000000,0.872000,0.000000); 12.7271
(2.000000,0.876000,0.000000); 12.7231
(2.000000,0.880000,0.000000); 12.7191
(2.000000,0.884000,0.000000); 12.715
(2.000000,0.888000,0.000000); 12.711
(2.000000,0.892000,0.000000); 12.707
(2.000000,0.896000,0.000000); 12.703
(2.000000,0.900000,0.000000); 12.699
(2.000000,0.904000,0.000000); 12.695
(2.000000,0.908000,0.000000); 12.691
(2.000000,0.912000,0.000000); 12.687
(2.000000,0.916000,0.000000); 12.683
(2.000000,0.920000,0.000000); 12.6789
(2.000000,0.924000,0.000000); 12.6749
(2.000000,0.928000,0.000000); 12.6709
(2.000000,0.932000,0.000000); 12.6669
(2.000000,0.936000,0.000000); 12.6629
(2.000000,0.940000,0.000000); 12.6589
(2.000000,0.944000,0.000000); 12.6549
(2.000000,0.948000,0.000000); 12.6509
(2.000000,0.952000,0.000000); 12.6469
(2.000000,0.956000,0.000000); 12.6429
(2.000000,0.960000,0.000000); 12.6388
(2.000000,0.964000,0.000000); 12.6348
(2.000000,0.968000,0.000000); 12.6308
(2.000000,0.972000,0.000000); 12.6268
(2.000000,0.976000,0.000000); 12.6228
(2.000000,0.980000,0.000000); 12.6188
(2.000000,0.984000,0.000000); 12.6148
(2.000000,0.988000,0.000000); 12.6108
(2.000000,0.992000,0.000000); 12.6068
(2.000000,0.996000,0.000000); 12.6028
(2.000000,1.000000,0.000000); 12.5987
(2.000000,1.004000,0.000000); 12.5947
(2.000000,1.008000,0.000000); 12.5907
(2.000000,1.012000,0.000000); 12.5867
(2.000000,1.016000,0.000000); 12.5827
(2.000000,1.020000,0.000000); 12.5787
(2.000000,1.024000,0.000000); 12.5747
(2.000000,1.028000,0.000000); 12.5707
(2.000000,1.032000,0.000000); 12.5667
(2.000000,1.036000,0.000000); 12.5627
(2.000000,1.040000,0.000000); 12.5587
(2.000000,1.044000,0.000000); 12.5546
(2.000000,1.048000,0.000000); 12.5506
(2.000000,1.052000,0.000000); 12.5466
(2.000000,1.056000,0.000000); 12.5426
(2.000000,1.060000,0.000000); 12.5386
(2.000000,1.064000,0.000000); 12.5346
(2.000000,1.068000,0.000000); 12.5306
(2.000000,1.072000,0.000000); 12.5266
(2.000000,1.076000,0.000000); 12.5226
(2.000000,1.080000,0.000000); 12.5186
(2.000000,1.084000,0.000000); 12.5146
(2.000000,1.088000,0.000000); 12.5105
(2.000000,1.092000,0.000000); 12.5065
(2.000000,1.096000,0.000000); 12.5025
(2.000000,1.100000,0.000000); 12.4985
(2.000000,1.104000,0.000000); 12.4945
(2.000000,1.108000,0.000000); 12.4905
(2.000000,1.112000,0.000000); 12.4865
(2.000000,1.116000,0.000000); 12.4825
(2.000000,1.120000,0.000000); 12.4785
(2.000000,1.124000,0.000000); 12.4745
(2.000000,1.128000,0.000000); 12.4705
(2.000000,1.132000,0.000000); 12.4664
(2.000000,1.136000,0.000000); 12.4624
(2.000000,1.140000,0.000000); 12.4584
(2.000000,1.144000,0.000000); 12.4544
(2.000000,1.148000,0.000000); 12.4504
(2.000000,1.152000,0.000000); 12.4464
(2.000000,1.156000,0.000000); 12.4424
(2.000000,1.160000,0.000000); 12.4384
(2.000000,1.164000,0.000000); 12.4344
(2.000000,1.168000,0.000000); 12.4304
(2.000000,1.172000,0.000000); 12.4264
(2.000000,1.176000,0.000000); 12.4223
(2.000000,1.180000,0.000000); 12.4183
(2.000000,1.184000,0.000000); 12.4143
(2.000000,1.188000,0.000000); 12.4103
(2.000000,1.192000,0.000000); 12.4063
(2.000000,1.196000,0.000000); 12.4023
(2.000000,1.200000,0.000000); 12.3983
(2.000000,1.204000,0.000000); 12.3943
(2.000000,1.208000,0.000000); 12.3903
(2.000000,1.212000,0.000000); 12.3863
(2.000000,1.216000,0.000000); 12.3823
(2.000000,1.220000,0.000000); 12.3783
(2.000000,1.224000,0.000000); 12.3742
(2.000000,1.228000,0.000000); 12.3702
(2.000000,1.232000,0.000000); 12.3662
(2.000000,1.236000,0.000000); 12.3622
(2.000000,1.240000,0.000000); 12.3582
(2.000000,1.244000,0.000000); 12.3542
(2.000000,1.248000,0.000000); 12.3502
(2.000000,1.252000,0.000000); 12.3462
(2.000000,1.256000,0.000000); 12.3422
(2.000000,1.260000,0.000000); 12.3382
(2.000000,1.264000,0.000000); 12.3342
(2.000000,1.268000,0.000000); 12.3301
(2.000000,1.272000,0.000000); 12.3261
(2.000000,1.276000,0.000000); 12.3221
(2.000000,1.280000,0.000000); 12.3181
(2.000000,1.284000,0.000000); 12.3141
(2.000000,1.288000,0.000000); 12.3101
(2.000000,1.292000,0.000000); 12.3061
(2.000000,1.296000,0.000000); 12.3021
(2.000000,1.300000,0.000000); 12.2981
(2.000000,1.304000,0.000000); 12.2941
(2.000000,1.308000,0.000000); 12.2901
(2.000000,1.312000,0.000000); 12.2861
(2.000000,1.316000,0.000000); 12.2821
(2.000000,1.320000,0.000000); 12.278
(2.000000,1.324000,0.000000); 12.274
(2.000000,1.328000,0.000000); 12.27
(2.000000,1.332000,0.000000); 12.266
(2.000000,1.336000,0.000000); 12.262
(2.000000,1.340000,0.000000); 12.258
(2.000000,1.344000,0.000000); 12.254
(2.000000,1.348000,0.000000); 12.25
(2.000000,1.352000,0.000000); 12.246
(2.000000,1.356000,0.000000); 12.242
(2.000000,1.360000,0.000000); 12.238
(2.000000,1.364000,0.000000); 12.234
(2.000000,1.368000,0.000000); 12.2299
(2.000000,1.372000,0.000000); 12.2259
(2.000000,1.376000,0.000000); 12.2219
(2.000000,1.380000,0.000000); 12.2179
(2.000000,1.384000,0.000000); 12.2139
(2.000000,1.388000,0.000000); 12.2099
(2.000000,1.392000,0.000000); 12.2059
(2.000000,1.396000,0.000000); 12.2019
(2.000000,1.400000,0.000000); 12.1979
(2.000000,1.404000,0.000000); 12.1939
(2.000000,1.408000,0.000000); 12.1899
(2.000000,1.412000,0.000000); 12.1859
(2.000000,1.416000,0.000000); 12.1818
(2.000000,1.420000,0.000000); 12.1778
(2.000000,1.424000,0.000000); 12.1738
(2.000000,1.428000,0.000000); 12.1698
(2.000000,1.432000,0.000000); 12.1658
(2.000000,1.436000,0.000000); 12.1618
(2.000000,1.440000,0.000000); 12.1578
(2.000000,1.444000,0.000000); 12.1538
(2.000000,1.448000,0.000000); 12.1498
(2.000000,1.452000,0.000000); 12.1458
(2.000000,1.456000,0.000000); 12.1418
(2.000000,1.460000,0.000000); 12.1378
(2.000000,1.464000,0.000000); 12.1338
(2.000000,1.468000,0.000000); 12.1297
(2.000000,1.472000,0.000000); 12.1257
(2.000000,1.476000,0.000000); 12.1217
(2.000000,1.480000,0.000000); 12.1177
(2.000000,1.484000,0.000000); 12.1137
(2.000000,1.488000,0.000000); 12.1097
(2.000000,1.492000,0.000000); 12.1057
(2.000000,1.496000,0.000000); 12.1017
(2.000000,1.500000,0.000000); 12.0977
(2.000000,1.504000,0.000000); 12.0937
(2.000000,1.508000,0.000000); 12.0897
(2.000000,1.512000,0.000000); 12.0857
(2.000000,1.516000,0.000000); 12.0816
(2.000000,1.520000,0.000000); 12.0776
(2.000000,1.524000,0.000000); 12.0736
(2.000000,1.528000,0.000000); 12.0696
(2.000000,1.532000,0.000000); 12.0656
(2.000000,1.536000,0.000000); 12.0616
(2.000000,1.540000,0.000000); 12.0576
(2.000000,1.544000,0.000000); 12.0536
(2.000000,1.548000,0.000000); 12.0496
(2.000000,1.552000,0.000000); 12.0456
(2.000000,1.556000,0.000000); 12.0416
(2.000000,1.560000,0.000000); 12.0376
(2.000000,1.564000,0.000000); 12.0336
(2.000000,1.568000,0.000000); 12.0295
(2.000000,1.572000,0.000000); 12.0255
(2.000000,1.576000,0.000000); 12.0215
(2.000000,1.580000,0.000000); 12.0175
(2.000000,1.584000,0.000000); 12.0135
(2.000000,1.588000,0.000000); 12.0095
(2.000000,1.592000,0.000000); 12.0055
(2.000000,1.596000,0.000000); 12.0015
(2.000000,1.600000,0.000000); 11.9975
(2.000000,1.604000,0.000000); 11.9935
(2.000000,1.608000,0.000000); 11.9895
(2.000000,1.612000,0.000000); 11.9855
(2.000000,1.616000,0.000000); 11.9815
(2.000000,1.620000,0.000000); 11.9775
(2.000000,1.624000,0.000000); 11.9734
(2.000000,1.628000,0.000000); 11.9694
(2.000000,1.632000,0.000000); 11.9654
(2.000000,1.636000,0.000000); 11.9614
(2.000000,1.640000,0.000000); 11.9574
(2.000000,1.644000,0.000000); 11.9534
(2.000000,1.648000,0.000000); 11.9494
(2.000000,1.652000,0.000000); 11.9454
(2.000000,1.656000,0.000000); 11.9414
(2.000000,1.660000,0.000000); 11.9374
(2.000000,1.664000,0.000000); 11.9334
(2.000000,1.668000,0.000000); 11.9294
(2.000000,1.672000,0.000000); 11.9254
(2.000000,1.676000,0.000000); 11.9213
(2.000000,1.680000,0.000000); 11.9173
(2.000000,1.684000,0.000000); 11.9133
(2.000000,1.688000,0.000000); 11.9093
(2.000000,1.692000,0.000000); 11.9053
(2.000000,1.696000,0.000000); 11.9013
(2.000000,1.700000,0.000000); 11.8973
(2.000000,1.704000,0.000000); 11.8933
(2.000000,1.708000,0.000000); 11.8893
(2.000000,1.712000,0.000000); 11.8853
(2.000000,1.716000,0.000000); 11.8813
(2.000000,1.720000,0.000000); 11.8773
(2.000000,1.724000,0.000000); 11.8733
(2.000000,1.728000,0.000000); 11.8692
(2.000000,1.732000,0.000000); 11.8652
(2.000000,1.736000,0.000000); 11.8612
(2.000000,1.740000,0.000000); 11.8572
(2.000000,1.744000,0.000000); 11.8532
(2.000000,1.748000,0.000000); 11.8492
(2.000000,1.752000,0.000000); 11.8452
(2.000000,1.756000,0.000000); 11.8412
(2.000000,1.760000,0.000000); 11.8372
(2.000000,1.764000,0.000000); 11.8332
(2.000000,1.768000,0.000000); 11.8292
(2.000000,1.772000,0.000000); 11.8252
(2.000000,1.776000,0.000000); 11.8212
(2.000000,1.780000,0.000000); 11.8172
(2.000000,1.784000,0.000000); 11.8131
(2.000000,1.788000,0.000000); 11.8091
(2.000000,1.792000,0.000000); 11.8051
(2.000000,1.796000,0.000000); 11.8011
(2.000000,1.800000,0.000000); 11.7971
(2.000000,1.804000,0.000000); 11.7931
(2.000000,1.808000,0.000000); 11.7891
(2.000000,1.812000,0.000000); 11.7851
(2.000000,1.816000,0.000000); 11.7811
(2.000000,1.820000,0.000000); 11.7771
(2.000000,1.824000,0.000000); 11.7731
(2.000000,1.828000,0.000000); 11.7691
(2.000000,1.832000,0.000000); 11.7651
(2.000000,1.836000,0.000000); 11.7611
(2.000000,1.840000,0.000000); 11.757
(2.000000,1.844000,0.000000); 11.753
(2.000000,1.848000,0.000000); 11.749
(2.000000,1.852000,0.000000); 11.745
(2.000000,1.856000,0.000000); 11.741
(2.000000,1.860000,0.000000); 11.737
(2.000000,1.864000,0.000000); 11.733
(2.000000,1.868000,0.000000); 11.729
(2.000000,1.872000,0.000000); 11.725
(2.000000,1.876000,0.000000); 11.721
(2.000000,1.880000,0.000000); 11.717
(2.000000,1.884000,0.000000); 11.713
(2.000000,1.888000,0.000000); 11.709
(2.000000,1.892000,0.000000); 11.705
(2.000000,1.896000,0.000000); 11.7009
(2.000000,1.900000,0.000000); 11.6969
(2.000000,1.904000,0.000000); 11.6929
(2.000000,1.908000,0.000000); 11.6889
(2.000000,1.912000,0.000000); 11.6849
(2.000000,1.916000,0.000000); 11.6809
(2.000000,1.920000,0.000000); 11.6769
(2.000000,1.924000,0.000000); 11.6729
(2.000000,1.928000,0.000000); 11.6689
(2.000000,1.932000,0.000000); 11.6649
(2.000000,1.936000,0.000000); 11.6609
(2.000000,1.940000,0.000000); 11.6569
(2.000000,1.944000,0.000000); 11.6529
(2.000000,1.948000,0.000000); 11.6489
(2.000000,1.952000,0.000000); 11.6448
(2.000000,1.956000,0.000000); 11.6408
(2.000000,1.960000,0.000000); 11.6368
(2.000000,1.964000,0.000000); 11.6328
(2.000000,1.968000,0.000000); 11.6288
(2.000000,1.972000,0.000000); 11.6248
(2.000000,1.976000,0.000000); 11.6208
(2.000000,1.980000,0.000000); 11.6168
(2.000000,1.984000,0.000000); 11.6128
(2.000000,1.988000,0.000000); 11.6088
(2.000000,1.992000,0.000000); 11.6048
(2.000000,1.996000,0.000000); 11.6008
(2.000000,2.000000,0.000000); 11.5968
(2.000000,2.004000,0.000000); 11.5928
(2.000000,2.008000,0.000000); 11.5887
(2.000000,2.012000,0.000000); 11.5847
(2.000000,2.016000,0.000000); 11.5807
(2.000000,2.020000,0.000000); 11.5767
(2.000000,2.024000,0.000000); 11.5727
(2.000000,2.028000,0.000000); 11.5687
(2.000000,2.032000,0.000000); 11.5647
(2.000000,2.036000,0.000000); 11.5607
(2.000000,2.040000,0.000000); 11.5567
(2.000000,2.044000,0.000000); 11.5527
(2.000000,2.048000,0.000000); 11.5487
(2.000000,2.052000,0.000000); 11.5447
(2.000000,2.056000,0.000000); 11.5407
(2.000000,2.060000,0.000000); 11.5367
(2.000000,2.064000,0.000000); 11.5326
(2.000000,2.068000,0.000000); 11.5286
(2.000000,2.072000,0.000000); 11.5246
(2.000000,2.076000,0.000000); 11.5206
(2.000000,2.080000,0.000000); 11.5166
(2.000000,2.084000,0.000000); 11.5126
(2.000000,2.088000,0.000000); 11.5086
(2.000000,2.092000,0.000000); 11.5046
(2.000000,2.096000,0.000000); 11.5006
(2.000000,2.100000,0.000000); 11.4966
(2.000000,2.104000,0.000000); 11.4926
(2.000000,2.108000,0.000000); 11.4886
(2.000000,2.112000,0.000000); 11.4846
(2.000000,2.116000,0.000000); 11.4806
(2.000000,2.120000,0.000000); 11.4766
(2.000000,2.124000,0.000000); 11.4725
(2.000000,2.128000,0.000000); 11.4685
(2.000000,2.132000,0.000000); 11.4645
(2.000000,2.136000,0.000000); 11.4605
(2.000000,2.140000,0.000000); 11.4565
(2.000000,2.144000,0.000000); 11.4525
(2.000000,2.148000,0.000000); 11.4485
(2.000000,2.152000,0.000000); 11.4445
(2.000000,2.156000,0.000000); 11.4405
(2.000000,2.160000,0.000000); 11.4365
(2.000000,2.164000,0.000000); 11.4325
(2.000000,2.168000,0.000000); 11.4285
(2.000000,2.172000,0.000000); 11.4245
(2.000000,2.176000,0.000000); 11.4205
(2.000000,2.180000,0.000000); 11.4164
(2.000000,2.184000,0.000000); 11.4124
(2.000000,2.188000,0.000000); 11.4084
(2.000000,2.192000,0.000000); 11.4044
(2.000000,2.196000,0.000000); 11.4004
(2.000000,2.200000,0.000000); 11.3964
(2.000000,2.204000,0.000000); 11.3924
(2.000000,2.208000,0.000000); 11.3884
(2.000000,2.212000,0.000000); 11.3844
(2.000000,2.216000,0.000000); 11.3804
(2.000000,2.220000,0.000000); 11.3764
(2.000000,2.224000,0.000000); 11.3724
(2.000000,2.228000,0.000000); 11.3684
(2.000000,2.232000,0.000000); 11.3644
(2.000000,2.236000,0.000000); 11.3604
(2.000000,2.240000,0.000000); 11.3563
(2.000000,2.244000,0.000000); 11.3523
(2.000000,2.248000,0.000000); 11.3483
(2.000000,2.252000,0.000000); 11.3443
(2.000000,2.256000,0.000000); 11.3403
(2.000000,2.260000,0.000000); 11.3363
(2.000000,2.264000,0.000000); 11.3323
(2.000000,2.268000,0.000000); 11.3283
(2.000000,2.272000,0.000000); 11.3243
(2.000000,2.276000,0.000000); 11.3203
(2.000000,2.280000,0.000000); 11.3163
(2.000000,2.284000,0.000000); 11.3123
(2.000000,2.288000,0.000000); 11.3083
(2.000000,2.292000,0.000000); 11.3043
(2.000000,2.296000,0.000000); 11.3002
(2.000000,2.300000,0.000000); 11.2962
(2.000000,2.304000,0.000000); 11.2922
(2.000000,2.308000,0.000000); 11.2882
(2.000000,2.312000,0.000000); 11.2842
(2.000000,2.316000,0.000000); 11.2802
(2.000000,2.320000,0.000000); 11.2762
(2.000000,2.324000,0.000000); 11.2722
(2.000000,2.328000,0.000000); 11.2682
(2.000000,2.332000,0.000000); 11.2642
(2.000000,2.336000,0.000000); 11.2602
(2.000000,2.340000,0.000000); 11.2562
(2.000000,2.344000,0.000000); 11.2522
(2.000000,2.348000,0.000000); 11.2482
(2.000000,2.352000,0.000000); 11.2442
(2.000000,2.356000,0.000000); 11.2401
(2.000000,2.360000,0.000000); 11.2361
(2.000000,2.364000,0.000000); 11.2321
(2.000000,2.368000,0.000000); 11.2281
(2.000000,2.372000,0.000000); 11.2241
(2.000000,2.376000,0.000000); 11.2201
(2.000000,2.380000,0.000000); 11.2161
(2.000000,2.384000,0.000000); 11.2121
(2.000000,2.388000,0.000000); 11.2081
(2.000000,2.392000,0.000000); 11.2041
(2.000000,2.396000,0.000000); 11.2001
(2.000000,2.400000,0.000000); 11.1961
(2.000000,2.404000,0.000000); 11.1921
(2.000000,2.408000,0.000000); 11.1881
(2.000000,2.412000,0.000000); 11.1841
(2.000000,2.416000,0.000000); 11.18
(2.000000,2.420000,0.000000); 11.176
(2.000000,2.424000,0.000000); 11.172
(2.000000,2.428000,0.000000); 11.168
(2.000000,2.432000,0.000000); 11.164
(2.000000,2.436000,0.000000); 11.16
(2.000000,2.440000,0.000000); 11.156
(2.000000,2.444000,0.000000); 11.152
(2.000000,2.448000,0.000000); 11.148
(2.000000,2.452000,0.000000); 11.144
(2.000000,2.456000,0.000000); 11.14
(2.000000,2.460000,0.000000); 11.136
(2.000000,2.464000,0.000000); 11.132
(2.000000,2.468000,0.000000); 11.128
(2.000000,2.472000,0.000000); 11.1239
(2.000000,2.476000,0.000000); 11.1199
(2.000000,2.480000,0.000000); 11.1159
(2.000000,2.484000,0.000000); 11.1119
(2.000000,2.488000,0.000000); 11.1079
(2.000000,2.492000,0.000000); 11.1039
(2.000000,2.496000,0.000000); 11.0999
(2.000000,2.500000,0.000000); 11.0959
(2.000000,2.504000,0.000000); 11.0919
(2.000000,2.508000,0.000000); 11.0879
(2.000000,2.512000,0.000000); 11.0839
(2.000000,2.516000,0.000000); 11.0799
(2.000000,2.520000,0.000000); 11.0759
(2.000000,2.524000,0.000000); 11.0719
(2.000000,2.528000,0.000000); 11.0679
(2.000000,2.532000,0.000000); 11.0638
(2.000000,2.536000,0.000000); 11.0598
(2.000000,2.540000,0.000000); 11.0558
(2.000000,2.544000,0.000000); 11.0518
(2.000000,2.548000,0.000000); 11.0478
(2.000000,2.552000,0.000000); 11.0438
(2.000000,2.556000,0.000000); 11.0398
(2.000000,2.560000,0.000000); 11.0358
(2.000000,2.564000,0.000000); 11.0318
(2.000000,2.568000,0.000000); 11.0278
(2.000000,2.572000,0.000000); 11.0238
(2.000000,2.576000,0.000000); 11.0198
(2.000000,2.580000,0.000000); 11.0158
(2.000000,2.584000,0.000000); 11.0118
(2.000000,2.588000,0.000000); 11.0078
(2.000000,2.592000,0.000000); 11.0037
(2.000000,2.596000,0.000000); 10.9997
(2.000000,2.600000,0.000000); 10.9957
(2.000000,2.604000,0.000000); 10.9917
(2.000000,2.608000,0.000000); 10.9877
(2.000000,2.612000,0.000000); 10.9837
(2.000000,2.616000,0.000000); 10.9797
(2.000000,2.620000,0.000000); 10.9757
(2.000000,2.624000,0.000000); 10.9717
(2.000000,2.628000,0.000000); 10.9677
(2.000000,2.632000,0.000000); 10.9637
(2.000000,2.636000,0.000000); 10.9597
(2.000000,2.640000,0.000000); 10.9557
(2.000000,2.644000,0.000000); 10.9517
(2.000000,2.648000,0.000000); 10.9477
(2.000000,2.652000,0.000000); 10.9436
(2.000000,2.656000,0.000000); 10.9396
(2.000000,2.660000,0.000000); 10.9356
(2.000000,2.664000,0.000000); 10.9316
(2.000000,2.668000,0.000000); 10.9276
(2.000000,2.672000,0.000000); 10.9236
(2.000000,2.676000,0.000000); 10.9196
(2.000000,2.680000,0.000000); 10.9156
(2.000000,2.684000,0.000000); 10.9116
(2.000000,2.688000,0.000000); 10.9076
(2.000000,2.692000,0.000000); 10.9036
(2.000000,2.696000,0.000000); 10.8996
(2.000000,2.700000,0.000000); 10.8956
(2.000000,2.704000,0.000000); 10.8916
(2.000000,2.708000,0.000000); 10.8876
(2.000000,2.712000,0.000000); 10.8835
(2.000000,2.716000,0.000000); 10.8795
(2.000000,2.720000,0.000000); 10.8755
(2.000000,2.724000,0.000000); 10.8715
(2.000000,2.728000,0.000000); 10.8675
(2.000000,2.732000,0.000000); 10.8635
(2.000000,2.736000,0.000000); 10.8595
(2.000000,2.740000,0.000000); 10.8555
(2.000000,2.744000,0.000000); 10.8515
(2.000000,2.748000,0.000000); 10.8475
(2.000000,2.752000,0.000000); 10.8435
(2.000000,2.756000,0.000000); 10.8395
(2.000000,2.760000,0.000000); 10.8355
(2.000000,2.764000,0.000000); 10.8315
(2.000000,2.768000,0.000000); 10.8275
(2.000000,2.772000,0.000000); 10.8234
(2.000000,2.776000,0.000000); 10.8194
(2.000000,2.780000,0.000000); 10.8154
(2.000000,2.784000,0.000000); 10.8114
(2.000000,2.788000,0.000000); 10.8074
(2.000000,2.792000,0.000000); 10.8034
(2.000000,2.796000,0.000000); 10.7994
(2.000000,2.800000,0.000000); 10.7954
(2.000000,2.804000,0.000000); 10.7914
(2.000000,2.808000,0.000000); 10.7874
(2.000000,2.812000,0.000000); 10.7834
(2.000000,2.816000,0.000000); 10.7794
(2.000000,2.820000,0.000000); 10.7754
(2.000000,2.824000,0.000000); 10.7714
(2.000000,2.828000,0.000000); 10.7674
(2.000000,2.832000,0.000000); 10.7634
(2.000000,2.836000,0.000000); 10.7593
(2.000000,2.840000,0.000000); 10.7553
(2.000000,2.844000,0.000000); 10.7513
(2.000000,2.848000,0.000000); 10.7473
(2.000000,2.852000,0.000000); 10.7433
(2.000000,2.856000,0.000000); 10.7393
(2.000000,2.860000,0.000000); 10.7353
(2.000000,2.864000,0.000000); 10.7313
(2.000000,2.868000,0.000000); 10.7273
(2.000000,2.872000,0.000000); 10.7233
(2.000000,2.876000,0.000000); 10.7193
(2.000000,2.880000,0.000000); 10.7153
(2.000000,2.884000,0.000000); 10.7113
(2.000000,2.888000,0.000000); 10.7073
(2.000000,2.892000,0.000000); 10.7033
(2.000000,2.896000,0.000000); 10.6992
(2.000000,2.900000,0.000000); 10.6952
(2.000000,2.904000,0.000000); 10.6912
(2.000000,2.908000,0.000000); 10.6872
(2.000000,2.912000,0.000000); 10.6832
(2.000000,2.916000,0.000000); 10.6792
(2.000000,2.920000,0.000000); 10.6752
(2.000000,2.924000,0.000000); 10.6712
(2.000000,2.928000,0.000000); 10.6672
(2.000000,2.932000,0.000000); 10.6632
(2.000000,2.936000,0.000000); 10.6592
(2.000000,2.940000,0.000000); 10.6552
(2.000000,2.944000,0.000000); 10.6512
(2.000000,2.948000,0.000000); 10.6472
(2.000000,2.952000,0.000000); 10.6432
(2.000000,2.956000,0.000000); 10.6391
(2.000000,2.960000,0.000000); 10.6351
(2.000000,2.964000,0.000000); 10.6311
(2.000000,2.968000,0.000000); 10.6271
(2.000000,2.972000,0.000000); 10.6231
(2.000000,2.976000,0.000000); 10.6191
(2.000000,2.980000,0.000000); 10.6151
(2.000000,2.984000,0.000000); 10.6111
(2.000000,2.988000,0.000000); 10.6071
(2.000000,2.992000,0.000000); 10.6031
(2.000000,2.996000,0.000000); 10.5991
(2.000000,3.000000,0.000000); 10.5951
(2.000000,3.004000,0.000000); 10.5911
(2.000000,3.008000,0.000000); 10.5871
(2.000000,3.012000,0.000000); 10.5831
(2.000000,3.016000,0.000000); 10.579
(2.000000,3.020000,0.000000); 10.575
(2.000000,3.024000,0.000000); 10.571
(2.000000,3.028000,0.000000); 10.567
(2.000000,3.032000,0.000000); 10.563
(2.000000,3.036000,0.000000); 10.559
(2.000000,3.040000,0.000000); 10.555
(2.000000,3.044000,0.000000); 10.551
(2.000000,3.048000,0.000000); 10.547
(2.000000,3.052000,0.000000); 10.543
(2.000000,3.056000,0.000000); 10.539
(2.000000,3.060000,0.000000); 10.535
(2.000000,3.064000,0.000000); 10.531
(2.000000,3.068000,0.000000); 10.527
(2.000000,3.072000,0.000000); 10.523
(2.000000,3.076000,0.000000); 10.519
(2.000000,3.080000,0.000000); 10.515
(2.000000,3.084000,0.000000); 10.5109
(2.000000,3.088000,0.000000); 10.5069
(2.000000,3.092000,0.000000); 10.5029
(2.000000,3.096000,0.000000); 10.4989
(2.000000,3.100000,0.000000); 10.4949
(2.000000,3.104000,0.000000); 10.4909
(2.000000,3.108000,0.000000); 10.4869
(2.000000,3.112000,0.000000); 10.4829
(2.000000,3.116000,0.000000); 10.4789
(2.000000,3.120000,0.000000); 10.4749
(2.000000,3.124000,0.000000); 10.4709
(2.000000,3.128000,0.000000); 10.4669
(2.000000,3.132000,0.000000); 10.4629
(2.000000,3.136000,0.000000); 10.4589
(2.000000,3.140000,0.000000); 10.4549
(2.000000,3.144000,0.000000); 10.4509
(2.000000,3.148000,0.000000); 10.4469
(2.000000,3.152000,0.000000); 10.4428
(2.000000,3.156000,0.000000); 10.4388
(2.000000,3.160000,0.000000); 10.4348
(2.000000,3.164000,0.000000); 10.4308
(2.000000,3.168000,0.000000); 10.4268
(2.000000,3.172000,0.000000); 10.4228
(2.000000,3.176000,0.000000); 10.4188
(2.000000,3.180000,0.000000); 10.4148
(2.000000,3.184000,0.000000); 10.4108
(2.000000,3.188000,0.000000); 10.4068
(2.000000,3.192000,0.000000); 10.4027
(2.000000,3.196000,0.000000); 10.3987
(2.000000,3.200000,0.000000); 10.3947
(2.000000,3.204000,0.000000); 10.3907
(2.000000,3.208000,0.000000); 10.3867
(2.000000,3.212000,0.000000); 10.3827
(2.000000,3.216000,0.000000); 10.3787
(2.000000,3.220000,0.000000); 10.3747
(2.000000,3.224000,0.000000); 10.3707
(2.000000,3.228000,0.000000); 10.3666
(2.000000,3.232000,0.000000); 10.3626
(2.000000,3.236000,0.000000); 10.3586
(2.000000,3.240000,0.000000); 10.3546
(2.000000,3.244000,0.000000); 10.3506
(2.000000,3.248000,0.000000); 10.3466
(2.000000,3.252000,0.000000); 10.3426
(2.000000,3.256000,0.000000); 10.3386
(2.000000,3.260000,0.000000); 10.3346
(2.000000,3.264000,0.000000); 10.3306
(2.000000,3.268000,0.000000); 10.3266
(2.000000,3.272000,0.000000); 10.3226
(2.000000,3.276000,0.000000); 10.3186
(2.000000,3.280000,0.000000); 10.3146
(2.000000,3.284000,0.000000); 10.3106
(2.000000,3.288000,0.000000); 10.3066
(2.000000,3.292000,0.000000); 10.3026
(2.000000,3.296000,0.000000); 10.2986
(2.000000,3.300000,0.000000); 10.2946
(2.000000,3.304000,0.000000); 10.2906
(2.000000,3.308000,0.000000); 10.2866
(2.000000,3.312000,0.000000); 10.2826
(2.000000,3.316000,0.000000); 10.2786
(2.000000,3.320000,0.000000); 10.2746
(2.000000,3.324000,0.000000); 10.2706
(2.000000,3.328000,0.000000); 10.2666
(2.000000,3.332000,0.000000); 10.2626
(2.000000,3.336000,0.000000); 10.2586
(2.000000,3.340000,0.000000); 10.2546
(2.000000,3.344000,0.000000); 10.2506
(2.000000,3.348000,0.000000); 10.2466
(2.000000,3.352000,0.000000); 10.2426
(2.000000,3.356000,0.000000); 10.2386
(2.000000,3.360000,0.000000); 10.2346
(2.000000,3.364000,0.000000); 10.2306
(2.000000,3.368000,0.000000); 10.2266
(2.000000,3.372000,0.000000); 10.2227
(2.000000,3.376000,0.000000); 10.2187
(2.000000,3.380000,0.000000); 10.2147
(2.000000,3.384000,0.000000); 10.2107
(2.000000,3.388000,0.000000); 10.2066
(2.000000,3.392000,0.000000); 10.2026
(2.000000,3.396000,0.000000); 10.1986
(2.000000,3.400000,0.000000); 10.1945
(2.000000,3.404000,0.000000); 10.1905
(2.000000,3.408000,0.000000); 10.1864
(2.000000,3.412000,0.000000); 10.1824
(2.000000,3.416000,0.000000); 10.1784
(2.000000,3.420000,0.000000); 10.1743
(2.000000,3.424000,0.000000); 10.1703
(2.000000,3.428000,0.000000); 10.1663
(2.000000,3.432000,0.000000); 10.1622
(2.000000,3.436000,0.000000); 10.1582
(2.000000,3.440000,0.000000); 10.1541
(2.000000,3.444000,0.000000); 10.1501
(2.000000,3.448000,0.000000); 10.1461
(2.000000,3.452000,0.000000); 10.142
(2.000000,3.456000,0.000000); 10.138
(2.000000,3.460000,0.000000); 10.134
(2.000000,3.464000,0.000000); 10.1299
(2.000000,3.468000,0.000000); 10.1259
(2.000000,3.472000,0.000000); 10.1218
(2.000000,3.476000,0.000000); 10.1178
(2.000000,3.480000,0.000000); 10.1138
(2.000000,3.484000,0.000000); 10.1097
(2.000000,3.488000,0.000000); 10.1057
(2.000000,3.492000,0.000000); 10.1017
(2.000000,3.496000,0.000000); 10.0976
(2.000000,3.500000,0.000000); 10.0936
(2.000000,3.504000,0.000000); 10.0896
(2.000000,3.508000,0.000000); 10.0857
(2.000000,3.512000,0.000000); 10.0818
(2.000000,3.516000,0.000000); 10.078
(2.000000,3.520000,0.000000); 10.0741
(2.000000,3.524000,0.000000); 10.0702
(2.000000,3.528000,0.000000); 10.0663
(2.000000,3.532000,0.000000); 10.0624
(2.000000,3.536000,0.000000); 10.0585
(2.000000,3.540000,0.000000); 10.0546
(2.000000,3.544000,0.000000); 10.0507
(2.000000,3.548000,0.000000); 10.0468
(2.000000,3.552000,0.000000); 10.0429
(2.000000,3.556000,0.000000); 10.0391
(2.000000,3.560000,0.000000); 10.0352
(2.000000,3.564000,0.000000); 10.0313
(2.000000,3.568000,0.000000); 10.0274
(2.000000,3.572000,0.000000); 10.0235
(2.000000,3.576000,0.000000); 10.0196
(2.000000,3.580000,0.000000); 10.0157
(2.000000,3.584000,0.000000); 10.0118
(2.000000,3.588000,0.000000); 10.0079
(2.000000,3.592000,0.000000); 10.004
(2.000000,3.596000,0.000000); 10.0002
(2.000000,3.600000,0.000000); 9.99627
(2.000000,3.604000,0.000000); 9.99238
(2.000000,3.608000,0.000000); 9.98849
(2.000000,3.612000,0.000000); 9.9846
(2.000000,3.616000,0.000000); 9.98071
(2.000000,3.620000,0.000000); 9.97682
(2.000000,3.624000,0.000000); 9.97238
(2.000000,3.628000,0.000000); 9.96777
(2.000000,3.632000,0.000000); 9.96315
(2.000000,3.636000,0.000000); 9.95854
(2.000000,3.640000,0.000000); 9.95392
(2.000000,3.644000,0.000000); 9.94931
(2.000000,3.648000,0.000000); 9.9447
(2.000000,3.652000,0.000000); 9.94008
(2.000000,3.656000,0.000000); 9.93547
(2.000000,3.660000,0.000000); 9.93085
(2.000000,3.664000,0.000000); 9.92624
(2.000000,3.668000,0.000000); 9.92162
(2.000000,3.672000,0.000000); 9.91701
(2.000000,3.676000,0.000000); 9.9124
(2.000000,3.680000,0.000000); 9.90778
(2.000000,3.684000,0.000000); 9.90317
(2.000000,3.688000,0.000000); 9.89855
(2.000000,3.692000,0.000000); 9.89394
(2.000000,3.696000,0.000000); 9.88932
(2.000000,3.700000,0.000000); 9.88473
(2.000000,3.704000,0.000000); 9.88013
(2.000000,3.708000,0.000000); 9.87553
(2.000000,3.712000,0.000000); 9.87094
(2.000000,3.716000,0.000000); 9.86653
(2.000000,3.720000,0.000000); 9.86476
(2.000000,3.724000,0.000000); 9.863
(2.000000,3.728000,0.000000); 9.86123
(2.000000,3.732000,0.000000); 9.85946
(2.000000,3.736000,0.000000); 9.8577
(2.000000,3.740000,0.000000); 9.85593
(2.000000,3.744000,0.000000); 9.85417
(2.000000,3.748000,0.000000); 9.8524
(2.000000,3.752000,0.000000); 9.85071
(2.000000,3.756000,0.000000); 9.84902
(2.000000,3.760000,0.000000); 9.84732
(2.000000,3.764000,0.000000); 9.84563
(2.000000,3.768000,0.000000); 9.84394
(2.000000,3.772000,0.000000); 9.84224
(2.000000,3.776000,0.000000); 9.84055
(2.000000,3.780000,0.000000); 9.83886
(2.000000,3.784000,0.000000); 9.83716
(2.000000,3.788000,0.000000); 9.83547
(2.000000,3.792000,0.000000); 9.83378
(2.000000,3.796000,0.000000); 9.83209
(2.000000,3.800000,0.000000); 9.83039
(2.000000,3.804000,0.000000); 9.8287
(2.000000,3.808000,0.000000); 9.82701
(2.000000,3.812000,0.000000); 9.82117
(2.000000,3.816000,0.000000); 9.8085
(2.000000,3.820000,0.000000); 9.79582
(2.000000,3.824000,0.000000); 9.78315
(2.000000,3.828000,0.000000); 9.77048
(2.000000,3.832000,0.000000); 9.7578
(2.000000,3.836000,0.000000); 9.74513
(2.000000,3.840000,0.000000); 9.73245
(2.000000,3.844000,0.000000); 9.71978
(2.000000,3.848000,0.000000); 9.7071
(2.000000,3.852000,0.000000); 9.69473
(2.000000,3.856000,0.000000); 9.68237
(2.000000,3.860000,0.000000); 9.67001
(2.000000,3.864000,0.000000); 9.65765
(2.000000,3.868000,0.000000); 9.64529
(2.000000,3.872000,0.000000); 9.63293
(2.000000,3.876000,0.000000); 9.62057
(2.000000,3.880000,0.000000); 9.60821
(2.000000,3.884000,0.000000); 9.59585
(2.000000,3.888000,0.000000); 9.58349
(2.000000,3.892000,0.000000); 9.57113
(2.000000,3.896000,0.000000); 9.55877
(2.000000,3.900000,0.000000); 9.54642
(2.000000,3.904000,0.000000); 9.53406
(2.000000,3.908000,0.000000); 9.54949
(2.000000,3.912000,0.000000); 9.5775
(2.000000,3.916000,0.000000); 9.60551
(2.000000,3.920000,0.000000); 9.63352
(2.000000,3.924000,0.000000); 9.66153
(2.000000,3.928000,0.000000); 9.68953
(2.000000,3.932000,0.000000); 9.71754
(2.000000,3.936000,0.000000); 9.74555
(2.000000,3.940000,0.000000); 9.77356
(2.000000,3.944000,0.000000); 9.80157
(2.000000,3.948000,0.000000); 9.82957
(2.000000,3.952000,0.000000); 9.85758
(2.000000,3.956000,0.000000); 9.88559
(2.000000,3.960000,0.000000); 9.9136
(2.000000,3.964000,0.000000); 9.94161
(2.000000,3.968000,0.000000); 9.96962
(2.000000,3.972000,0.000000); 9.99762
(2.000000,3.976000,0.000000); 10.0256
(2.000000,3.980000,0.000000); 10.0536
(2.000000,3.984000,0.000000); 10.0816
(2.000000,3.988000,0.000000); 10.1097
(2.000000,3.992000,0.000000); 10.1377
(2.000000,3.996000,0.000000); 10.1657
(2.000000,4.000000,0.000000); 10.1937
--
(2.000000,0.000000,0.000000); 11.603
(2.000000,0.004000,0.000000); 11.602
(2.000000,0.008000,0.000000); 11.601
(2.000000,0.012000,0.000000); 11.6
(2.000000,0.016000,0.000000); 11.599
(2.000000,0.020000,0.000000); 11.598
(2.000000,0.024000,0.000000); 11.597
(2.000000,0.028000,0.000000); 11.596
(2.000000,0.032000,0.000000); 11.595
(2.000000,0.036000,0.000000); 11.5939
(2.000000,0.040000,0.000000); 11.5929
(2.000000,0.044000,0.000000); 11.5919
(2.000000,0.048000,0.000000); 11.5909
(2.000000,0.052000,0.000000); 11.5899
(2.000000,0.056000,0.000000); 11.5889
(2.000000,0.060000,0.000000); 11.5879
(2.000000,0.064000,0.000000); 11.5869
(2.000000,0.068000,0.000000); 11.5859
(2.000000,0.072000,0.000000); 11.5849
(2.000000,0.076000,0.000000); 11.5838
(2.000000,0.080000,0.000000); 11.5828
(2.000000,0.084000,0.000000); 11.5818
(2.000000,0.088000,0.000000); 11.5808
(2.000000,0.092000,0.000000); 11.5798
(2.000000,0.096000,0.000000); 11.5787
(2.000000,0.100000,0.000000); 11.5774
(2.000000,0.104000,0.000000); 11.5761
(2.000000,0.108000,0.000000); 11.5748
(2.000000,0.112000,0.000000); 11.5735
(2.000000,0.116000,0.000000); 11.5723
(2.000000,0.120000,0.000000); 11.571
(2.000000,0.124000,0.000000); 11.5697
(2.000000,0.128000,0.000000); 11.5684
(2.000000,0.132000,0.000000); 11.5671
(2.000000,0.136000,0.000000); 11.5658
(2.000000,0.140000,0.000000); 11.5645
(2.000000,0.144000,0.000000); 11.5632
(2.000000,0.148000,0.000000); 11.5619
(2.000000,0.152000,0.000000); 11.5607
(2.000000,0.156000,0.000000); 11.5594
(2.000000,0.160000,0.000000); 11.5582
(2.000000,0.164000,0.000000); 11.5569
(2.000000,0.168000,0.000000); 11.5557
(2.000000,0.172000,0.000000); 11.5544
(2.000000,0.176000,0.000000); 11.5532
(2.000000,0.180000,0.000000); 11.5519
(2.000000,0.184000,0.000000); 11.5507
(2.000000,0.188000,0.000000); 11.5495
(2.000000,0.192000,0.000000); 11.5479
(2.000000,0.196000,0.000000); 11.5463
(2.000000,0.200000,0.000000); 11.5446
(2.000000,0.204000,0.000000); 11.5429
(2.000000,0.208000,0.000000); 11.5412
(2.000000,0.212000,0.000000); 11.5395
(2.000000,0.216000,0.000000); 11.5378
(2.000000,0.220000,0.000000); 11.5362
(2.000000,0.224000,0.000000); 11.5345
(2.000000,0.228000,0.000000); 11.5328
(2.000000,0.232000,0.000000); 11.5311
(2.000000,0.236000,0.000000); 11.5294
(2.000000,0.240000,0.000000); 11.5277
(2.000000,0.244000,0.000000); 11.5261
(2.000000,0.248000,0.000000); 11.5244
(2.000000,0.252000,0.000000); 11.5227
(2.000000,0.256000,0.000000); 11.5211
(2.000000,0.260000,0.000000); 11.5195
(2.000000,0.264000,0.000000); 11.518
(2.000000,0.268000,0.000000); 11.5164
(2.000000,0.272000,0.000000); 11.5148
(2.000000,0.276000,0.000000); 11.5132
(2.000000,0.280000,0.000000); 11.5116
(2.000000,0.284000,0.000000); 11.5101
(2.000000,0.288000,0.000000); 11.5081
(2.000000,0.292000,0.000000); 11.5061
(2.000000,0.296000,0.000000); 11.5041
(2.000000,0.300000,0.000000); 11.5021
(2.000000,0.304000,0.000000); 11.5001
(2.000000,0.308000,0.000000); 11.4982
(2.000000,0.312000,0.000000); 11.4962
(2.000000,0.316000,0.000000); 11.4943
(2.000000,0.320000,0.000000); 11.4923
(2.000000,0.324000,0.000000); 11.4904
(2.000000,0.328000,0.000000); 11.4884
(2.000000,0.332000,0.000000); 11.4865
(2.000000,0.336000,0.000000); 11.4845
(2.000000,0.340000,0.000000); 11.4826
(2.000000,0.344000,0.000000); 11.4806
(2.000000,0.348000,0.000000); 11.4787
(2.000000,0.352000,0.000000); 11.4767
(2.000000,0.356000,0.000000); 11.4748
(2.000000,0.360000,0.000000); 11.4729
(2.000000,0.364000,0.000000); 11.4709
(2.000000,0.368000,0.000000); 11.469
(2.000000,0.372000,0.000000); 11.467
(2.000000,0.376000,0.000000); 11.4651
(2.000000,0.380000,0.000000); 11.463
(2.000000,0.384000,0.000000); 11.4607
(2.000000,0.388000,0.000000); 11.4584
(2.000000,0.392000,0.000000); 11.4561
(2.000000,0.396000,0.000000); 11.4538
(2.000000,0.400000,0.000000); 11.4515
(2.000000,0.404000,0.000000); 11.4492
(2.000000,0.408000,0.000000); 11.4469
(2.000000,0.412000,0.000000); 11.4446
(2.000000,0.416000,0.000000); 11.4423
(2.000000,0.420000,0.000000); 11.44
(2.000000,0.424000,0.000000); 11.4377
(2.000000,0.428000,0.000000); 11.4354
(2.000000,0.432000,0.000000); 11.433
(2.000000,0.436000,0.000000); 11.4307
(2.000000,0.440000,0.000000); 11.4284
(2.000000,0.444000,0.000000); 11.4261
(2.000000,0.448000,0.000000); 11.4238
(2.000000,0.452000,0.000000); 11.4215
(2.000000,0.456000,0.000000); 11.4192
(2.000000,0.460000,0.000000); 11.4169
(2.000000,0.464000,0.000000); 11.4146
(2.000000,0.468000,0.000000); 11.4123
(2.000000,0.472000,0.000000); 11.41
(2.000000,0.476000,0.000000); 11.4077
(2.000000,0.480000,0.000000); 11.4054
(2.000000,0.484000,0.000000); 11.4031
(2.000000,0.488000,0.000000); 11.4009
(2.000000,0.492000,0.000000); 11.3986
(2.000000,0.496000,0.000000); 11.3964
(2.000000,0.500000,0.000000); 11.3939
(2.000000,0.504000,0.000000); 11.3914
(2.000000,0.508000,0.000000); 11.3889
(2.000000,0.512000,0.000000); 11.3863
(2.000000,0.516000,0.000000); 11.3838
(2.000000,0.520000,0.000000); 11.3812
(2.000000,0.524000,0.000000); 11.3787
(2.000000,0.528000,0.000000); 11.3762
(2.000000,0.532000,0.000000); 11.3737
(2.000000,0.536000,0.000000); 11.3712
(2.000000,0.540000,0.000000); 11.3686
(2.000000,0.544000,0.000000); 11.3661
(2.000000,0.548000,0.000000); 11.3636
(2.000000,0.552000,0.000000); 11.3611
(2.000000,0.556000,0.000000); 11.3586
(2.000000,0.560000,0.000000); 11.3561
(2.000000,0.564000,0.000000); 11.3535
(2.000000,0.568000,0.000000); 11.351
(2.000000,0.572000,0.000000); 11.3485
(2.000000,0.576000,0.000000); 11.346
(2.000000,0.580000,0.000000); 11.3435
(2.000000,0.584000,0.000000); 11.341
(2.000000,0.588000,0.000000); 11.3384
(2.000000,0.592000,0.000000); 11.3359
(2.000000,0.596000,0.000000); 11.3334
(2.000000,0.600000,0.000000); 11.3309
(2.000000,0.604000,0.000000); 11.3284
(2.000000,0.608000,0.000000); 11.3259
(2.000000,0.612000,0.000000); 11.3233
(2.000000,0.616000,0.000000); 11.3208
(2.000000,0.620000,0.000000); 11.3181
(2.000000,0.624000,0.000000); 11.3154
(2.000000,0.628000,0.000000); 11.3127
(2.000000,0.632000,0.000000); 11.3099
(2.000000,0.636000,0.000000); 11.3072
(2.000000,0.640000,0.000000); 11.3045
(2.000000,0.644000,0.000000); 11.3018
(2.000000,0.648000,0.000000); 11.299
(2.000000,0.652000,0.000000); 11.2963
(2.000000,0.656000,0.000000); 11.2936
(2.000000,0.660000,0.000000); 11.2909
(2.000000,0.664000,0.000000); 11.2881
(2.000000,0.668000,0.000000); 11.2854
(2.000000,0.672000,0.000000); 11.2827
(2.000000,0.676000,0.000000); 11.2799
(2.000000,0.680000,0.000000); 11.2772
(2.000000,0.684000,0.000000); 11.2745
(2.000000,0.688000,0.000000); 11.2718
(2.000000,0.692000,0.000000); 11.2691
(2.000000,0.696000,0.000000); 11.2664
(2.000000,0.700000,0.000000); 11.2637
(2.000000,0.704000,0.000000); 11.261
(2.000000,0.708000,0.000000); 11.2583
(2.000000,0.712000,0.000000); 11.2556
(2.000000,0.716000,0.000000); 11.2529
(2.000000,0.720000,0.000000); 11.2502
(2.000000,0.724000,0.000000); 11.2475
(2.000000,0.728000,0.000000); 11.2448
(2.000000,0.732000,0.000000); 11.2421
(2.000000,0.736000,0.000000); 11.2394
(2.000000,0.740000,0.000000); 11.2366
(2.000000,0.744000,0.000000); 11.2337
(2.000000,0.748000,0.000000); 11.2309
(2.000000,0.752000,0.000000); 11.228
(2.000000,0.756000,0.000000); 11.2252
(2.000000,0.760000,0.000000); 11.2223
(2.000000,0.764000,0.000000); 11.2195
(2.000000,0.768000,0.000000); 11.2166
(2.000000,0.772000,0.000000); 11.2138
(2.000000,0.776000,0.000000); 11.2109
(2.000000,0.780000,0.000000); 11.2081
(2.000000,0.784000,0.000000); 11.2052
(2.000000,0.788000,0.000000); 11.2024
(2.000000,0.792000,0.000000); 11.1995
(2.000000,0.796000,0.000000); 11.1967
(2.000000,0.800000,0.000000); 11.1938
(2.000000,0.804000,0.000000); 11.1909
(2.000000,0.808000,0.000000); 11.1881
(2.000000,0.812000,0.000000); 11.1853
(2.000000,0.816000,0.000000); 11.1825
(2.000000,0.820000,0.000000); 11.1797
(2.000000,0.824000,0.000000); 11.1768
(2.000000,0.828000,0.000000); 11.174
(2.000000,0.832000,0.000000); 11.1712
(2.000000,0.836000,0.000000); 11.1684
(2.000000,0.840000,0.000000); 11.1656
(2.000000,0.844000,0.000000); 11.1627
(2.000000,0.848000,0.000000); 11.1598
(2.000000,0.852000,0.000000); 11.1569
(2.000000,0.856000,0.000000); 11.154
(2.000000,0.860000,0.000000); 11.1511
(2.000000,0.864000,0.000000); 11.1481
(2.000000,0.868000,0.000000); 11.1451
(2.000000,0.872000,0.000000); 11.1422
(2.000000,0.876000,0.000000); 11.1392
(2.000000,0.880000,0.000000); 11.1363
(2.000000,0.884000,0.000000); 11.1333
(2.000000,0.888000,0.000000); 11.1304
(2.000000,0.892000,0.000000); 11.1274
(2.000000,0.896000,0.000000); 11.1245
(2.000000,0.900000,0.000000); 11.1215
(2.000000,0.904000,0.000000); 11.1186
(2.000000,0.908000,0.000000); 11.1157
(2.000000,0.912000,0.000000); 11.1127
(2.000000,0.916000,0.000000); 11.1098
(2.000000,0.920000,0.000000); 11.1068
(2.000000,0.924000,0.000000); 11.1039
(2.000000,0.928000,0.000000); 11.101
(2.000000,0.932000,0.000000); 11.098
(2.000000,0.936000,0.000000); 11.0951
(2.000000,0.940000,0.000000); 11.0922
(2.000000,0.944000,0.000000); 11.0892
(2.000000,0.948000,0.000000); 11.0863
(2.000000,0.952000,0.000000); 11.0833
(2.000000,0.956000,0.000000); 11.0804
(2.000000,0.960000,0.000000); 11.0775
(2.000000,0.964000,0.000000); 11.0745
(2.000000,0.968000,0.000000); 11.0716
(2.000000,0.972000,0.000000); 11.0686
(2.000000,0.976000,0.000000); 11.0657
(2.000000,0.980000,0.000000); 11.0628
(2.000000,0.984000,0.000000); 11.0597
(2.000000,0.988000,0.000000); 11.0567
(2.000000,0.992000,0.000000); 11.0537
(2.000000,0.996000,0.000000); 11.0506
(2.000000,1.000000,0.000000); 11.0476
(2.000000,1.004000,0.000000); 11.0445
(2.000000,1.008000,0.000000); 11.0415
(2.000000,1.012000,0.000000); 11.0385
(2.000000,1.016000,0.000000); 11.0354
(2.000000,1.020000,0.000000); 11.0324
(2.000000,1.024000,0.000000); 11.0293
(2.000000,1.028000,0.000000); 11.0263
(2.000000,1.032000,0.000000); 11.0233
(2.000000,1.036000,0.000000); 11.0202
(2.000000,1.040000,0.000000); 11.0172
(2.000000,1.044000,0.000000); 11.0141
(2.000000,1.048000,0.000000); 11.0111
(2.000000,1.052000,0.000000); 11.0081
(2.000000,1.056000,0.000000); 11.005
(2.000000,1.060000,0.000000); 11.002
(2.000000,1.064000,0.000000); 10.9989
(2.000000,1.068000,0.000000); 10.9959
(2.000000,1.072000,0.000000); 10.9928
(2.000000,1.076000,0.000000); 10.9898
(2.000000,1.080000,0.000000); 10.9868
(2.000000,1.084000,0.000000); 10.9838
(2.000000,1.088000,0.000000); 10.9807
(2.000000,1.092000,0.000000); 10.9777
(2.000000,1.096000,0.000000); 10.9747
(2.000000,1.100000,0.000000); 10.9717
(2.000000,1.104000,0.000000); 10.9687
(2.000000,1.108000,0.000000); 10.9656
(2.000000,1.112000,0.000000); 10.9626
(2.000000,1.116000,0.000000); 10.9596
(2.000000,1.120000,0.000000); 10.9565
(2.000000,1.124000,0.000000); 10.9534
(2.000000,1.128000,0.000000); 10.9503
(2.000000,1.132000,0.000000); 10.9472
(2.000000,1.136000,0.000000); 10.9441
(2.000000,1.140000,0.000000); 10.941
(2.000000,1.144000,0.000000); 10.9379
(2.000000,1.148000,0.000000); 10.9348
(2.000000,1.152000,0.000000); 10.9317
(2.000000,1.156000,0.000000); 10.9286
(2.000000,1.160000,0.000000); 10.9255
(2.000000,1.164000,0.000000); 10.9224
(2.000000,1.168000,0.000000); 10.9193
(2.000000,1.172000,0.000000); 10.9162
(2.000000,1.176000,0.000000); 10.9132
(2.000000,1.180000,0.000000); 10.9101
(2.000000,1.184000,0.000000); 10.907
(2.000000,1.188000,0.000000); 10.9039
(2.000000,1.192000,0.000000); 10.9008
(2.000000,1.196000,0.000000); 10.8977
(2.000000,1.200000,0.000000); 10.8946
(2.000000,1.204000,0.000000); 10.8915
(2.000000,1.208000,0.000000); 10.8884
(2.000000,1.212000,0.000000); 10.8853
(2.000000,1.216000,0.000000); 10.8823
(2.000000,1.220000,0.000000); 10.8792
(2.000000,1.224000,0.000000); 10.8761
(2.000000,1.228000,0.000000); 10.873
(2.000000,1.232000,0.000000); 10.8699
(2.000000,1.236000,0.000000); 10.8668
(2.000000,1.240000,0.000000); 10.8637
(2.000000,1.244000,0.000000); 10.8606
(2.000000,1.248000,0.000000); 10.8575
(2.000000,1.252000,0.000000); 10.8544
(2.000000,1.256000,0.000000); 10.8512
(2.000000,1.260000,0.000000); 10.8481
(2.000000,1.264000,0.000000); 10.8449
(2.000000,1.268000,0.000000); 10.8418
(2.000000,1.272000,0.000000); 10.8386
(2.000000,1.276000,0.000000); 10.8355
(2.000000,1.280000,0.000000); 10.8323
(2.000000,1.284000,0.000000); 10.8292
(2.000000,1.288000,0.000000); 10.826
(2.000000,1.292000,0.000000); 10.8229
(2.000000,1.296000,0.000000); 10.8197
(2.000000,1.300000,0.000000); 10.8166
(2.000000,1.304000,0.000000); 10.8134
(2.000000,1.308000,0.000000); 10.8103
(2.000000,1.312000,0.000000); 10.8071
(2.000000,1.316000,0.000000); 10.804
(2.000000,1.320000,0.000000); 10.8008
(2.000000,1.324000,0.000000); 10.7977
(2.000000,1.328000,0.000000); 10.7945
(2.000000,1.332000,0.000000); 10.7914
(2.000000,1.336000,0.000000); 10.7882
(2.000000,1.340000,0.000000); 10.7851
(2.000000,1.344000,0.000000); 10.7819
(2.000000,1.348000,0.000000); 10.7788
(2.000000,1.352000,0.000000); 10.7757
(2.000000,1.356000,0.000000); 10.7725
(2.000000,1.360000,0.000000); 10.7694
(2.000000,1.364000,0.000000); 10.7662
(2.000000,1.368000,0.000000); 10.7631
(2.000000,1.372000,0.000000); 10.76
(2.000000,1.376000,0.000000); 10.7568
(2.000000,1.380000,0.000000); 10.7537
(2.000000,1.384000,0.000000); 10.7505
(2.000000,1.388000,0.000000); 10.7473
(2.000000,1.392000,0.000000); 10.7442
(2.000000,1.396000,0.000000); 10.741
(2.000000,1.400000,0.000000); 10.7378
(2.000000,1.404000,0.000000); 10.7347
(2.000000,1.408000,0.000000); 10.7315
(2.000000,1.412000,0.000000); 10.7283
(2.000000,1.416000,0.000000); 10.7252
(2.000000,1.420000,0.000000); 10.722
(2.000000,1.424000,0.000000); 10.7188
(2.000000,1.428000,0.000000); 10.7157
(2.000000,1.432000,0.000000); 10.7125
(2.000000,1.436000,0.000000); 10.7093
(2.000000,1.440000,0.000000); 10.7062
(2.000000,1.444000,0.000000); 10.703
(2.000000,1.448000,0.000000); 10.6998
(2.000000,1.452000,0.000000); 10.6966
(2.000000,1.456000,0.000000); 10.6934
(2.000000,1.460000,0.000000); 10.6902
(2.000000,1.464000,0.000000); 10.687
(2.000000,1.468000,0.000000); 10.6838
(2.000000,1.472000,0.000000); 10.6806
(2.000000,1.476000,0.000000); 10.6774
(2.000000,1.480000,0.000000); 10.6742
(2.000000,1.484000,0.000000); 10.671
(2.000000,1.488000,0.000000); 10.6679
(2.000000,1.492000,0.000000); 10.6647
(2.000000,1.496000,0.000000); 10.6615
(2.000000,1.500000,0.000000); 10.6583
(2.000000,1.504000,0.000000); 10.6551
(2.000000,1.508000,0.000000); 10.6519
(2.000000,1.512000,0.000000); 10.6487
(2.000000,1.516000,0.000000); 10.6455
(2.000000,1.520000,0.000000); 10.6423
(2.000000,1.524000,0.000000); 10.6391
(2.000000,1.528000,0.000000); 10.6359
(2.000000,1.532000,0.000000); 10.6327
(2.000000,1.536000,0.000000); 10.6295
(2.000000,1.540000,0.000000); 10.6263
(2.000000,1.544000,0.000000); 10.6231
(2.000000,1.548000,0.000000); 10.6199
(2.000000,1.552000,0.000000); 10.6167
(2.000000,1.556000,0.000000); 10.6135
(2.000000,1.560000,0.000000); 10.6103
(2.000000,1.564000,0.000000); 10.6071
(2.000000,1.568000,0.000000); 10.6039
(2.000000,1.572000,0.000000); 10.6007
(2.000000,1.576000,0.000000); 10.5975
(2.000000,1.580000,0.000000); 10.5943
(2.000000,1.584000,0.000000); 10.5911
(2.000000,1.588000,0.000000); 10.5878
(2.000000,1.592000,0.000000); 10.5846
(2.000000,1.596000,0.000000); 10.5814
(2.000000,1.600000,0.000000); 10.5782
(2.000000,1.604000,0.000000); 10.575
(2.000000,1.608000,0.000000); 10.5717
(2.000000,1.612000,0.000000); 10.5685
(2.000000,1.616000,0.000000); 10.5653
(2.000000,1.620000,0.000000); 10.5621
(2.000000,1.624000,0.000000); 10.5588
(2.000000,1.628000,0.000000); 10.5556
(2.000000,1.632000,0.000000); 10.5524
(2.000000,1.636000,0.000000); 10.5492
(2.000000,1.640000,0.000000); 10.546
(2.000000,1.644000,0.000000); 10.5427
(2.000000,1.648000,0.000000); 10.5395
(2.000000,1.652000,0.000000); 10.5363
(2.000000,1.656000,0.000000); 10.5331
(2.000000,1.660000,0.000000); 10.5298
(2.000000,1.664000,0.000000); 10.5266
(2.000000,1.668000,0.000000); 10.5234
(2.000000,1.672000,0.000000); 10.5202
(2.000000,1.676000,0.000000); 10.5169
(2.000000,1.680000,0.000000); 10.5137
(2.000000,1.684000,0.000000); 10.5105
(2.000000,1.688000,0.000000); 10.5072
(2.000000,1.692000,0.000000); 10.504
(2.000000,1.696000,0.000000); 10.5008
(2.000000,1.700000,0.000000); 10.4975
(2.000000,1.704000,0.000000); 10.4943
(2.000000,1.708000,0.000000); 10.4911
(2.000000,1.712000,0.000000); 10.4879
(2.000000,1.716000,0.000000); 10.4846
(2.000000,1.720000,0.000000); 10.4814
(2.000000,1.724000,0.000000); 10.4782
(2.000000,1.728000,0.000000); 10.4749
(2.000000,1.732000,0.000000); 10.4717
(2.000000,1.736000,0.000000); 10.4684
(2.000000,1.740000,0.000000); 10.4652
(2.000000,1.744000,0.000000); 10.462
(2.000000,1.748000,0.000000); 10.4587
(2.000000,1.752000,0.000000); 10.4555
(2.000000,1.756000,0.000000); 10.4522
(2.000000,1.760000,0.000000); 10.449
(2.000000,1.764000,0.000000); 10.4457
(2.000000,1.768000,0.000000); 10.4425
(2.000000,1.772000,0.000000); 10.4393
(2.000000,1.776000,0.000000); 10.436
(2.000000,1.780000,0.000000); 10.4328
(2.000000,1.784000,0.000000); 10.4295
(2.000000,1.788000,0.000000); 10.4263
(2.000000,1.792000,0.000000); 10.4231
(2.000000,1.796000,0.000000); 10.4198
(2.000000,1.800000,0.000000); 10.4166
(2.000000,1.804000,0.000000); 10.4133
(2.000000,1.808000,0.000000); 10.4101
(2.000000,1.812000,0.000000); 10.4068
(2.000000,1.816000,0.000000); 10.4036
(2.000000,1.820000,0.000000); 10.4003
(2.000000,1.824000,0.000000); 10.3971
(2.000000,1.828000,0.000000); 10.3938
(2.000000,1.832000,0.000000); 10.3906
(2.000000,1.836000,0.000000); 10.3873
(2.000000,1.840000,0.000000); 10.3841
(2.000000,1.844000,0.000000); 10.3808
(2.000000,1.848000,0.000000); 10.3776
(2.000000,1.852000,0.000000); 10.3743
(2.000000,1.856000,0.000000); 10.371
(2.000000,1.860000,0.000000); 10.3678
(2.000000,1.864000,0.000000); 10.3645
(2.000000,1.868000,0.000000); 10.3613
(2.000000,1.872000,0.000000); 10.358
(2.000000,1.876000,0.000000); 10.3548
(2.000000,1.880000,0.000000); 10.3515
(2.000000,1.884000,0.000000); 10.3483
(2.000000,1.888000,0.000000); 10.345
(2.000000,1.892000,0.000000); 10.3418
(2.000000,1.896000,0.000000); 10.3385
(2.000000,1.900000,0.000000); 10.3352
(2.000000,1.904000,0.000000); 10.332
(2.000000,1.908000,0.000000); 10.3287
(2.000000,1.912000,0.000000); 10.3254
(2.000000,1.916000,0.000000); 10.3222
(2.000000,1.920000,0.000000); 10.3189
(2.000000,1.924000,0.000000); 10.3157
(2.000000,1.928000,0.000000); 10.3124
(2.000000,1.932000,0.000000); 10.3091
(2.000000,1.936000,0.000000); 10.3059
(2.000000,1.940000,0.000000); 10.3026
(2.000000,1.944000,0.000000); 10.2993
(2.000000,1.948000,0.000000); 10.2961
(2.000000,1.952000,0.000000); 10.2928
(2.000000,1.956000,0.000000); 10.2896
(2.000000,1.960000,0.000000); 10.2863
(2.000000,1.964000,0.000000); 10.283
(2.000000,1.968000,0.000000); 10.2798
(2.000000,1.972000,0.000000); 10.2765
(2.000000,1.976000,0.000000); 10.2732
(2.000000,1.980000,0.000000); 10.27
(2.000000,1.984000,0.000000); 10.2667
(2.000000,1.988000,0.000000); 10.2634
(2.000000,1.992000,0.000000); 10.2601
(2.000000,1.996000,0.000000); 10.2569
(2.000000,2.000000,0.000000); 10.2536
(2.000000,2.004000,0.000000); 10.2503
(2.000000,2.008000,0.000000); 10.2471
(2.000000,2.012000,0.000000); 10.2438
(2.000000,2.016000,0.000000); 10.2405
(2.000000,2.020000,0.000000); 10.2372
(2.000000,2.024000,0.000000); 10.234
(2.000000,2.028000,0.000000); 10.2307
(2.000000,2.032000,0.000000); 10.2274
(2.000000,2.036000,0.000000); 10.2242
(2.000000,2.040000,0.000000); 10.2209
(2.000000,2.044000,0.000000); 10.2176
(2.000000,2.048000,0.000000); 10.2143
(2.000000,2.052000,0.000000); 10.2111
(2.000000,2.056000,0.000000); 10.2078
(2.000000,2.060000,0.000000); 10.2045
(2.000000,2.064000,0.000000); 10.2013
(2.000000,2.068000,0.000000); 10.198
(2.000000,2.072000,0.000000); 10.1947
(2.000000,2.076000,0.000000); 10.1914
(2.000000,2.080000,0.000000); 10.1882
(2.000000,2.084000,0.000000); 10.1849
(2.000000,2.088000,0.000000); 10.1816
(2.000000,2.092000,0.000000); 10.1783
(2.000000,2.096000,0.000000); 10.1751
(2.000000,2.100000,0.000000); 10.1718
(2.000000,2.104000,0.000000); 10.1685
(2.000000,2.108000,0.000000); 10.1652
(2.000000,2.112000,0.000000); 10.1619
(2.000000,2.116000,0.000000); 10.1587
(2.000000,2.120000,0.000000); 10.1554
(2.000000,2.124000,0.000000); 10.1521
(2.000000,2.128000,0.000000); 10.1488
(2.000000,2.132000,0.000000); 10.1456
(2.000000,2.136000,0.000000); 10.1423
(2.000000,2.140000,0.000000); 10.139
(2.000000,2.144000,0.000000); 10.1357
(2.000000,2.148000,0.000000); 10.1324
(2.000000,2.152000,0.000000); 10.1291
(2.000000,2.156000,0.000000); 10.1259
(2.000000,2.160000,0.000000); 10.1226
(2.000000,2.164000,0.000000); 10.1193
(2.000000,2.168000,0.000000); 10.116
(2.000000,2.172000,0.000000); 10.1127
(2.000000,2.176000,0.000000); 10.1094
(2.000000,2.180000,0.000000); 10.1062
(2.000000,2.184000,0.000000); 10.1029
(2.000000,2.188000,0.000000); 10.0996
(2.000000,2.192000,0.000000); 10.0963
(2.000000,2.196000,0.000000); 10.093
(2.000000,2.200000,0.000000); 10.0897
(2.000000,2.204000,0.000000); 10.0864
(2.000000,2.208000,0.000000); 10.0832
(2.000000,2.212000,0.000000); 10.0799
(2.000000,2.216000,0.000000); 10.0766
(2.000000,2.220000,0.000000); 10.0733
(2.000000,2.224000,0.000000); 10.07
(2.000000,2.228000,0.000000); 10.0667
(2.000000,2.232000,0.000000); 10.0634
(2.000000,2.236000,0.000000); 10.0601
(2.000000,2.240000,0.000000); 10.0569
(2.000000,2.244000,0.000000); 10.0536
(2.000000,2.248000,0.000000); 10.0503
(2.000000,2.252000,0.000000); 10.047
(2.000000,2.256000,0.000000); 10.0437
(2.000000,2.260000,0.000000); 10.0404
(2.000000,2.264000,0.000000); 10.0371
(2.000000,2.268000,0.000000); 10.0338
(2.000000,2.272000,0.000000); 10.0306
(2.000000,2.276000,0.000000); 10.0273
(2.000000,2.280000,0.000000); 10.024
(2.000000,2.284000,0.000000); 10.0207
(2.000000,2.288000,0.000000); 10.0174
(2.000000,2.292000,0.000000); 10.0141
(2.000000,2.296000,0.000000); 10.0108
(2.000000,2.300000,0.000000); 10.0075
(2.000000,2.304000,0.000000); 10.0042
(2.000000,2.308000,0.000000); 10.0009
(2.000000,2.312000,0.000000); 9.99764
(2.000000,2.316000,0.000000); 9.99435
(2.000000,2.320000,0.000000); 9.99105
(2.000000,2.324000,0.000000); 9.98776
(2.000000,2.328000,0.000000); 9.98447
(2.000000,2.332000,0.000000); 9.98118
(2.000000,2.336000,0.000000); 9.97789
(2.000000,2.340000,0.000000); 9.9746
(2.000000,2.344000,0.000000); 9.97131
(2.000000,2.348000,0.000000); 9.96801
(2.000000,2.352000,0.000000); 9.96472
(2.000000,2.356000,0.000000); 9.96143
(2.000000,2.360000,0.000000); 9.95813
(2.000000,2.364000,0.000000); 9.95483
(2.000000,2.368000,0.000000); 9.95154
(2.000000,2.372000,0.000000); 9.94824
(2.000000,2.376000,0.000000); 9.94494
(2.000000,2.380000,0.000000); 9.94165
(2.000000,2.384000,0.000000); 9.93835
(2.000000,2.388000,0.000000); 9.93505
(2.000000,2.392000,0.000000); 9.93176
(2.000000,2.396000,0.000000); 9.92846
(2.000000,2.400000,0.000000); 9.92516
(2.000000,2.404000,0.000000); 9.92187
(2.000000,2.408000,0.000000); 9.91857
(2.000000,2.412000,0.000000); 9.91527
(2.000000,2.416000,0.000000); 9.91198
(2.000000,2.420000,0.000000); 9.90868
(2.000000,2.424000,0.000000); 9.90538
(2.000000,2.428000,0.000000); 9.90209
(2.000000,2.432000,0.000000); 9.89879
(2.000000,2.436000,0.000000); 9.89549
(2.000000,2.440000,0.000000); 9.8922
(2.000000,2.444000,0.000000); 9.8889
(2.000000,2.448000,0.000000); 9.8856
(2.000000,2.452000,0.000000); 9.8823
(2.000000,2.456000,0.000000); 9.879
(2.000000,2.460000,0.000000); 9.8757
(2.000000,2.464000,0.000000); 9.87241
(2.000000,2.468000,0.000000); 9.86911
(2.000000,2.472000,0.000000); 9.86581
(2.000000,2.476000,0.000000); 9.86251
(2.000000,2.480000,0.000000); 9.85921
(2.000000,2.484000,0.000000); 9.85591
(2.000000,2.488000,0.000000); 9.85261
(2.000000,2.492000,0.000000); 9.84931
(2.000000,2.496000,0.000000); 9.84601
(2.000000,2.500000,0.000000); 9.84272
(2.000000,2.504000,0.000000); 9.83942
(2.000000,2.508000,0.000000); 9.83612
(2.000000,2.512000,0.000000); 9.83282
(2.000000,2.516000,0.000000); 9.82952
(2.000000,2.520000,0.000000); 9.82622
(2.000000,2.524000,0.000000); 9.82292
(2.000000,2.528000,0.000000); 9.81963
(2.000000,2.532000,0.000000); 9.81633
(2.000000,2.536000,0.000000); 9.81303
(2.000000,2.540000,0.000000); 9.80972
(2.000000,2.544000,0.000000); 9.8064
(2.000000,2.548000,0.000000); 9.80309
(2.000000,2.552000,0.000000); 9.79977
(2.000000,2.556000,0.000000); 9.79645
(2.000000,2.560000,0.000000); 9.79314
(2.000000,2.564000,0.000000); 9.78982
(2.000000,2.568000,0.000000); 9.7865
(2.000000,2.572000,0.000000); 9.78319
(2.000000,2.576000,0.000000); 9.77987
(2.000000,2.580000,0.000000); 9.77655
(2.000000,2.584000,0.000000); 9.77324
(2.000000,2.588000,0.000000); 9.76992
(2.000000,2.592000,0.000000); 9.7666
(2.000000,2.596000,0.000000); 9.76329
(2.000000,2.600000,0.000000); 9.75997
(2.000000,2.604000,0.000000); 9.75665
(2.000000,2.608000,0.000000); 9.75334
(2.000000,2.612000,0.000000); 9.75002
(2.000000,2.616000,0.000000); 9.7467
(2.000000,2.620000,0.000000); 9.74339
(2.000000,2.624000,0.000000); 9.74007
(2.000000,2.628000,0.000000); 9.73676
(2.000000,2.632000,0.000000); 9.73346
(2.000000,2.636000,0.000000); 9.73018
(2.000000,2.640000,0.000000); 9.72689
(2.000000,2.644000,0.000000); 9.72361
(2.000000,2.648000,0.000000); 9.72033
(2.000000,2.652000,0.000000); 9.71705
(2.000000,2.656000,0.000000); 9.71377
(2.000000,2.660000,0.000000); 9.71049
(2.000000,2.664000,0.000000); 9.70721
(2.000000,2.668000,0.000000); 9.70393
(2.000000,2.672000,0.000000); 9.70064
(2.000000,2.676000,0.000000); 9.69736
(2.000000,2.680000,0.000000); 9.69408
(2.000000,2.684000,0.000000); 9.6908
(2.000000,2.688000,0.000000); 9.68752
(2.000000,2.692000,0.000000); 9.68424
(2.000000,2.696000,0.000000); 9.68096
(2.000000,2.700000,0.000000); 9.67768
(2.000000,2.704000,0.000000); 9.67439
(2.000000,2.708000,0.000000); 9.67111
(2.000000,2.712000,0.000000); 9.66783
(2.000000,2.716000,0.000000); 9.66455
(2.000000,2.720000,0.000000); 9.66127
(2.000000,2.724000,0.000000); 9.65799
(2.000000,2.728000,0.000000); 9.65471
(2.000000,2.732000,0.000000); 9.65143
(2.000000,2.736000,0.000000); 9.64814
(2.000000,2.740000,0.000000); 9.64486
(2.000000,2.744000,0.000000); 9.64158
(2.000000,2.748000,0.000000); 9.6383
(2.000000,2.752000,0.000000); 9.63502
(2.000000,2.756000,0.000000); 9.63174
(2.000000,2.760000,0.000000); 9.62846
(2.000000,2.764000,0.000000); 9.62501
(2.000000,2.768000,0.000000); 9.62155
(2.000000,2.772000,0.000000); 9.6181
(2.000000,2.776000,0.000000); 9.61464
(2.000000,2.780000,0.000000); 9.61119
(2.000000,2.784000,0.000000); 9.60774
(2.000000,2.788000,0.000000); 9.60428
(2.000000,2.792000,0.000000); 9.60083
(2.000000,2.796000,0.000000); 9.59737
(2.000000,2.800000,0.000000); 9.59392
(2.000000,2.804000,0.000000); 9.59047
(2.000000,2.808000,0.000000); 9.58701
(2.000000,2.812000,0.000000); 9.58356
(2.000000,2.816000,0.000000); 9.5801
(2.000000,2.820000,0.000000); 9.57665
(2.000000,2.824000,0.000000); 9.5732
(2.000000,2.828000,0.000000); 9.56974
(2.000000,2.832000,0.000000); 9.56629
(2.000000,2.836000,0.000000); 9.56284
(2.000000,2.840000,0.000000); 9.55938
(2.000000,2.844000,0.000000); 9.55593
(2.000000,2.848000,0.000000); 9.55247
(2.000000,2.852000,0.000000); 9.54902
(2.000000,2.856000,0.000000); 9.54557
(2.000000,2.860000,0.000000); 9.54211
(2.000000,2.864000,0.000000); 9.53866
(2.000000,2.868000,0.000000); 9.5352
(2.000000,2.872000,0.000000); 9.53175
(2.000000,2.876000,0.000000); 9.52832
(2.000000,2.880000,0.000000); 9.52495
(2.000000,2.884000,0.000000); 9.52158
(2.000000,2.888000,0.000000); 9.51821
(2.000000,2.892000,0.000000); 9.51503
(2.000000,2.896000,0.000000); 9.5121
(2.000000,2.900000,0.000000); 9.50917
(2.000000,2.904000,0.000000); 9.50624
(2.000000,2.908000,0.000000); 9.50332
(2.000000,2.912000,0.000000); 9.50047
(2.000000,2.916000,0.000000); 9.49763
(2.000000,2.920000,0.000000); 9.49479
(2.000000,2.924000,0.000000); 9.49194
(2.000000,2.928000,0.000000); 9.4891
(2.000000,2.932000,0.000000); 9.48626
(2.000000,2.936000,0.000000); 9.48341
(2.000000,2.940000,0.000000); 9.48057
(2.000000,2.944000,0.000000); 9.47772
(2.000000,2.948000,0.000000); 9.47488
(2.000000,2.952000,0.000000); 9.47204
(2.000000,2.956000,0.000000); 9.46919
(2.000000,2.960000,0.000000); 9.46635
(2.000000,2.964000,0.000000); 9.4635
(2.000000,2.968000,0.000000); 9.46066
(2.000000,2.972000,0.000000); 9.45782
(2.000000,2.976000,0.000000); 9.45497
(2.000000,2.980000,0.000000); 9.45213
(2.000000,2.984000,0.000000); 9.44929
(2.000000,2.988000,0.000000); 9.44644
(2.000000,2.992000,0.000000); 9.4436
(2.000000,2.996000,0.000000); 9.44075
(2.000000,3.000000,0.000000); 9.43791
(2.000000,3.004000,0.000000); 9.43507
(2.000000,3.008000,0.000000); 9.43222
(2.000000,3.012000,0.000000); 9.42938
(2.000000,3.016000,0.000000); 9.42653
(2.000000,3.020000,0.000000); 9.42369
(2.000000,3.024000,0.000000); 9.41661
(2.000000,3.028000,0.000000); 9.40907
(2.000000,3.032000,0.000000); 9.40153
(2.000000,3.036000,0.000000); 9.39399
(2.000000,3.040000,0.000000); 9.38645
(2.000000,3.044000,0.000000); 9.37891
(2.000000,3.048000,0.000000); 9.37137
(2.000000,3.052000,0.000000); 9.36383
(2.000000,3.056000,0.000000); 9.35629
(2.000000,3.060000,0.000000); 9.34875
(2.000000,3.064000,0.000000); 9.34121
(2.000000,3.068000,0.000000); 9.33366
(2.000000,3.072000,0.000000); 9.32612
(2.000000,3.076000,0.000000); 9.31858
(2.000000,3.080000,0.000000); 9.31104
(2.000000,3.084000,0.000000); 9.3035
(2.000000,3.088000,0.000000); 9.29596
(2.000000,3.092000,0.000000); 9.28842
(2.000000,3.096000,0.000000); 9.28088
(2.000000,3.100000,0.000000); 9.27334
(2.000000,3.104000,0.000000); 9.2658
(2.000000,3.108000,0.000000); 9.25826
(2.000000,3.112000,0.000000); 9.25072
(2.000000,3.116000,0.000000); 9.24318
(2.000000,3.120000,0.000000); 9.23605
(2.000000,3.124000,0.000000); 9.23197
(2.000000,3.128000,0.000000); 9.22788
(2.000000,3.132000,0.000000); 9.22379
(2.000000,3.136000,0.000000); 9.2197
(2.000000,3.140000,0.000000); 9.21562
(2.000000,3.144000,0.000000); 9.20773
(2.000000,3.148000,0.000000); 9.19083
(2.000000,3.152000,0.000000); 9.17393
(2.000000,3.156000,0.000000); 9.16675
(2.000000,3.160000,0.000000); 9.20769
(2.000000,3.164000,0.000000); 9.24864
(2.000000,3.168000,0.000000); 9.28958
(2.000000,3.172000,0.000000); 9.33053
(2.000000,3.176000,0.000000); 9.37147
(2.000000,3.180000,0.000000); 9.41242
(2.000000,3.184000,0.000000); 9.45336
(2.000000,3.188000,0.000000); 9.49431
(2.000000,3.192000,0.000000); 9.53525
(2.000000,3.196000,0.000000); 9.57253
(2.000000,3.200000,0.000000); 9.60402
(2.000000,3.204000,0.000000); 9.63551
(2.000000,3.208000,0.000000); 9.66699
(2.000000,3.212000,0.000000); 9.69848
(2.000000,3.216000,0.000000); 9.72997
(2.000000,3.220000,0.000000); 9.76145
(2.000000,3.224000,0.000000); 9.79294
(2.000000,3.228000,0.000000); 9.82442
(2.000000,3.232000,0.000000); 9.85591
(2.000000,3.236000,0.000000); 9.8874
(2.000000,3.240000,0.000000); 9.91888
(2.000000,3.244000,0.000000); 9.95037
(2.000000,3.248000,0.000000); 9.98185
(2.000000,3.252000,0.000000); 10.0133
(2.000000,3.256000,0.000000); 10.0448
(2.000000,3.260000,0.000000); 10.0763
(2.000000,3.264000,0.000000); 10.1078
(2.000000,3.268000,0.000000); 10.1146
(2.000000,3.272000,0.000000); 10.1165
(2.000000,3.276000,0.000000); 10.1185
(2.000000,3.280000,0.000000); 10.1204
(2.000000,3.284000,0.000000); 10.1224
(2.000000,3.288000,0.000000); 10.1243
(2.000000,3.292000,0.000000); 10.1263
(2.000000,3.296000,0.000000); 10.1282
(2.000000,3.300000,0.000000); 10.1302
(2.000000,3.304000,0.000000); 10.1321
(2.000000,3.308000,0.000000); 10.1341
(2.000000,3.312000,0.000000); 10.136
(2.000000,3.316000,0.000000); 10.138
(2.000000,3.320000,0.000000); 10.1402
(2.000000,3.324000,0.000000); 10.1424
(2.000000,3.328000,0.000000); 10.1446
(2.000000,3.332000,0.000000); 10.1467
(2.000000,3.336000,0.000000); 10.1489
(2.000000,3.340000,0.000000); 10.1511
(2.000000,3.344000,0.000000); 10.1532
(2.000000,3.348000,0.000000); 10.1554
(2.000000,3.352000,0.000000); 10.1576
(2.000000,3.356000,0.000000); 10.1598
(2.000000,3.360000,0.000000); 10.1619
(2.000000,3.364000,0.000000); 10.1641
(2.000000,3.368000,0.000000); 10.1663
(2.000000,3.372000,0.000000); 10.1685
(2.000000,3.376000,0.000000); 10.1706
(2.000000,3.380000,0.000000); 10.1728
(2.000000,3.384000,0.000000); 10.1747
(2.000000,3.388000,0.000000); 10.175
(2.000000,3.392000,0.000000); 10.1753
(2.000000,3.396000,0.000000); 10.1756
(2.000000,3.400000,0.000000); 10.1759
(2.000000,3.404000,0.000000); 10.1762
(2.000000,3.408000,0.000000); 10.1765
(2.000000,3.412000,0.000000); 10.1768
(2.000000,3.416000,0.000000); 10.1771
(2.000000,3.420000,0.000000); 10.1774
(2.000000,3.424000,0.000000); 10.1777
(2.000000,3.428000,0.000000); 10.178
(2.000000,3.432000,0.000000); 10.1783
(2.000000,3.436000,0.000000); 10.1786
(2.000000,3.440000,0.000000); 10.1789
(2.000000,3.444000,0.000000); 10.1792
(2.000000,3.448000,0.000000); 10.1795
(2.000000,3.452000,0.000000); 10.1798
(2.000000,3.456000,0.000000); 10.1801
(2.000000,3.460000,0.000000); 10.1804
(2.000000,3.464000,0.000000); 10.1807
(2.000000,3.468000,0.000000); 10.181
(2.000000,3.472000,0.000000); 10.1813
(2.000000,3.476000,0.000000); 10.1816
(2.000000,3.480000,0.000000); 10.1819
(2.000000,3.484000,0.000000); 10.1821
(2.000000,3.488000,0.000000); 10.1824
(2.000000,3.492000,0.000000); 10.1827
(2.000000,3.496000,0.000000); 10.183
(2.000000,3.500000,0.000000); 10.1833
(2.000000,3.504000,0.000000); 10.1835
(2.000000,3.508000,0.000000); 10.1836
(2.000000,3.512000,0.000000); 10.1837
(2.000000,3.516000,0.000000); 10.1839
(2.000000,3.520000,0.000000); 10.184
(2.000000,3.524000,0.000000); 10.1841
(2.000000,3.528000,0.000000); 10.1843
(2.000000,3.532000,0.000000); 10.1844
(2.000000,3.536000,0.000000); 10.1845
(2.000000,3.540000,0.000000); 10.1846
(2.000000,3.544000,0.000000); 10.1848
(2.000000,3.548000,0.000000); 10.1849
(2.000000,3.552000,0.000000); 10.185
(2.000000,3.556000,0.000000); 10.1852
(2.000000,3.560000,0.000000); 10.1853
(2.000000,3.564000,0.000000); 10.1854
(2.000000,3.568000,0.000000); 10.1855
(2.000000,3.572000,0.000000); 10.1857
(2.000000,3.576000,0.000000); 10.1858
(2.000000,3.580000,0.000000); 10.1859
(2.000000,3.584000,0.000000); 10.1861
(2.000000,3.588000,0.000000); 10.1862
(2.000000,3.592000,0.000000); 10.1863
(2.000000,3.596000,0.000000); 10.1864
(2.000000,3.600000,0.000000); 10.1866
(2.000000,3.604000,0.000000); 10.1867
(2.000000,3.608000,0.000000); 10.1868
(2.000000,3.612000,0.000000); 10.187
(2.000000,3.616000,0.000000); 10.1871
(2.000000,3.620000,0.000000); 10.1872
(2.000000,3.624000,0.000000); 10.1873
(2.000000,3.628000,0.000000); 10.1874
(2.000000,3.632000,0.000000); 10.1875
(2.000000,3.636000,0.000000); 10.1876
(2.000000,3.640000,0.000000); 10.1877
(2.000000,3.644000,0.000000); 10.1878
(2.000000,3.648000,0.000000); 10.1878
(2.000000,3.652000,0.000000); 10.1879
(2.000000,3.656000,0.000000); 10.188
(2.000000,3.660000,0.000000); 10.1881
(2.000000,3.664000,0.000000); 10.1882
(2.000000,3.668000,0.000000); 10.1883
(2.000000,3.672000,0.000000); 10.1884
(2.000000,3.676000,0.000000); 10.1885
(2.000000,3.680000,0.000000); 10.1886
(2.000000,3.684000,0.000000); 10.1886
(2.000000,3.688000,0.000000); 10.1887
(2.000000,3.692000,0.000000); 10.1888
(2.000000,3.696000,0.000000); 10.1889
(2.000000,3.700000,0.000000); 10.189
(2.000000,3.704000,0.000000); 10.1891
(2.000000,3.708000,0.000000); 10.1892
(2.000000,3.712000,0.000000); 10.1893
(2.000000,3.716000,0.000000); 10.1893
(2.000000,3.720000,0.000000); 10.1894
(2.000000,3.724000,0.000000); 10.1895
(2.000000,3.728000,0.000000); 10.1896
(2.000000,3.732000,0.000000); 10.1896
(2.000000,3.736000,0.000000); 10.1897
(2.000000,3.740000,0.000000); 10.1898
(2.000000,3.744000,0.000000); 10.1898
(2.000000,3.748000,0.000000); 10.1899
(2.000000,3.752000,0.000000); 10.19
(2.000000,3.756000,0.000000); 10.1901
(2.000000,3.760000,0.000000); 10.1901
(2.000000,3.764000,0.000000); 10.1902
(2.000000,3.768000,0.000000); 10.1903
(2.000000,3.772000,0.000000); 10.1904
(2.000000,3.776000,0.000000); 10.1904
(2.000000,3.780000,0.000000); 10.1905
(2.000000,3.784000,0.000000); 10.1906
(2.000000,3.788000,0.000000); 10.1906
(2.000000,3.792000,0.000000); 10.1907
(2.000000,3.796000,0.000000); 10.1908
(2.000000,3.800000,0.000000); 10.1909
(2.000000,3.804000,0.000000); 10.1909
(2.000000,3.808000,0.000000); 10.191
(2.000000,3.812000,0.000000); 10.1911
(2.000000,3.816000,0.000000); 10.1911
(2.000000,3.820000,0.000000); 10.1912
(2.000000,3.824000,0.000000); 10.1912
(2.000000,3.828000,0.000000); 10.1913
(2.000000,3.832000,0.000000); 10.1914
(2.000000,3.836000,0.000000); 10.1914
(2.000000,3.840000,0.000000); 10.1915
(2.000000,3.844000,0.000000); 10.1916
(2.000000,3.848000,0.000000); 10.1916
(2.000000,3.852000,0.000000); 10.1917
(2.000000,3.856000,0.000000); 10.1917
(2.000000,3.860000,0.000000); 10.1918
(2.000000,3.864000,0.000000); 10.1919
(2.000000,3.868000,0.000000); 10.1919
(2.000000,3.872000,0.000000); 10.192
(2.000000,3.876000,0.000000); 10.192
(2.000000,3.880000,0.000000); 10.1921
(2.000000,3.884000,0.000000); 10.1922
(2.000000,3.888000,0.000000); 10.1922
(2.000000,3.892000,0.000000); 10.1923
(2.000000,3.896000,0.000000); 10.1923
(2.000000,3.900000,0.000000); 10.1924
(2.000000,3.904000,0.000000); 10.1925
(2.000000,3.908000,0.000000); 10.1925
(2.000000,3.912000,0.000000); 10.1926
(2.000000,3.916000,0.000000); 10.1926
(2.000000,3.920000,0.000000); 10.1927
(2.000000,3.924000,0.000000); 10.1927
(2.000000,3.928000,0.000000); 10.1928
(2.000000,3.932000,0.000000); 10.1928
(2.000000,3.936000,0.000000); 10.1929
(2.000000,3.940000,0.000000); 10.1929
(2.000000,3.944000,0.000000); 10.193
(2.000000,3.948000,0.000000); 10.193
(2.000000,3.952000,0.000000); 10.1931
(2.000000,3.956000,0.000000); 10.1931
(2.000000,3.960000,0.000000); 10.1932
(2.000000,3.964000,0.000000); 10.1932
(2.000000,3.968000,0.000000); 10.1933
(2.000000,3.972000,0.000000); 10.1933
(2.000000,3.976000,0.000000); 10.1934
(2.000000,3.980000,0.000000); 10.1934
(2.000000,3.984000,0.000000); 10.1935
(2.000000,3.988000,0.000000); 10.1935
(2.000000,3.992000,0.000000); 10.1936
(2.000000,3.996000,0.000000); 10.1936
(2.000000,4.000000,0.000000); 10.1937
--
