LOGFILE

(2.000000,0.000000,0.000000); 11.603
(2.000000,0.004000,0.000000); 11.599
(2.000000,0.008000,0.000000); 11.5951
(2.000000,0.012000,0.000000); 11.5911
(2.000000,0.016000,0.000000); 11.5871
(2.000000,0.020000,0.000000); 11.5831
(2.000000,0.024000,0.000000); 11.5791
(2.000000,0.028000,0.000000); 11.5751
(2.000000,0.032000,0.000000); 11.5711
(2.000000,0.036000,0.000000); 11.5671
(2.000000,0.040000,0.000000); 11.5631
(2.000000,0.044000,0.000000); 11.5591
(2.000000,0.048000,0.000000); 11.5551
(2.000000,0.052000,0.000000); 11.5511
(2.000000,0.056000,0.000000); 11.5472
(2.000000,0.060000,0.000000); 11.5432
(2.000000,0.064000,0.000000); 11.5392
(2.000000,0.068000,0.000000); 11.5352
(2.000000,0.072000,0.000000); 11.5312
(2.000000,0.076000,0.000000); 11.5272
(2.000000,0.080000,0.000000); 11.5232
(2.000000,0.084000,0.000000); 11.5192
(2.000000,0.088000,0.000000); 11.5152
(2.000000,0.092000,0.000000); 11.5112
(2.000000,0.096000,0.000000); 11.5072
(2.000000,0.100000,0.000000); 11.5032
(2.000000,0.104000,0.000000); 11.4993
(2.000000,0.108000,0.000000); 11.4953
(2.000000,0.112000,0.000000); 11.4913
(2.000000,0.116000,0.000000); 11.4873
(2.000000,0.120000,0.000000); 11.4833
(2.000000,0.124000,0.000000); 11.4793
(2.000000,0.128000,0.000000); 11.4753
(2.000000,0.132000,0.000000); 11.4713
(2.000000,0.136000,0.000000); 11.4673
(2.000000,0.140000,0.000000); 11.4633
(2.000000,0.144000,0.000000); 11.4593
(2.000000,0.148000,0.000000); 11.4553
(2.000000,0.152000,0.000000); 11.4513
(2.000000,0.156000,0.000000); 11.4474
(2.000000,0.160000,0.000000); 11.4434
(2.000000,0.164000,0.000000); 11.4394
(2.000000,0.168000,0.000000); 11.4354
(2.000000,0.172000,0.000000); 11.4314
(2.000000,0.176000,0.000000); 11.4274
(2.000000,0.180000,0.000000); 11.4234
(2.000000,0.184000,0.000000); 11.4194
(2.000000,0.188000,0.000000); 11.4154
(2.000000,0.192000,0.000000); 11.4114
(2.000000,0.196000,0.000000); 11.4074
(2.000000,0.200000,0.000000); 11.4034
(2.000000,0.204000,0.000000); 11.3994
(2.000000,0.208000,0.000000); 11.3954
(2.000000,0.212000,0.000000); 11.3915
(2.000000,0.216000,0.000000); 11.3875
(2.000000,0.220000,0.000000); 11.3835
(2.000000,0.224000,0.000000); 11.3795
(2.000000,0.228000,0.000000); 11.3755
(2.000000,0.232000,0.000000); 11.3715
(2.000000,0.236000,0.000000); 11.3675
(2.000000,0.240000,0.000000); 11.3635
(2.000000,0.244000,0.000000); 11.3595
(2.000000,0.248000,0.000000); 11.3555
(2.000000,0.252000,0.000000); 11.3515
(2.000000,0.256000,0.000000); 11.3475
(2.000000,0.260000,0.000000); 11.3435
(2.000000,0.264000,0.000000); 11.3395
(2.000000,0.268000,0.000000); 11.3355
(2.000000,0.272000,0.000000); 11.3316
(2.000000,0.276000,0.000000); 11.3276
(2.000000,0.280000,0.000000); 11.3236
(2.000000,0.284000,0.000000); 11.3196
(2.000000,0.288000,0.000000); 11.3156
(2.000000,0.292000,0.000000); 11.3116
(2.000000,0.296000,0.000000); 11.3076
(2.000000,0.300000,0.000000); 11.3036
(2.000000,0.304000,0.000000); 11.2996
(2.000000,0.308000,0.000000); 11.2956
(2.000000,0.312000,0.000000); 11.2916
(2.000000,0.316000,0.000000); 11.2876
(2.000000,0.320000,0.000000); 11.2836
(2.000000,0.324000,0.000000); 11.2796
(2.000000,0.328000,0.000000); 11.2756
(2.000000,0.332000,0.000000); 11.2716
(2.000000,0.336000,0.000000); 11.2676
(2.000000,0.340000,0.000000); 11.2637
(2.000000,0.344000,0.000000); 11.2597
(2.000000,0.348000,0.000000); 11.2557
(2.000000,0.352000,0.000000); 11.2517
(2.000000,0.356000,0.000000); 11.2477
(2.000000,0.360000,0.000000); 11.2437
(2.000000,0.364000,0.000000); 11.2397
(2.000000,0.368000,0.000000); 11.2357
(2.000000,0.372000,0.000000); 11.2317
(2.000000,0.376000,0.000000); 11.2277
(2.000000,0.380000,0.000000); 11.2237
(2.000000,0.384000,0.000000); 11.2197
(2.000000,0.388000,0.000000); 11.2157
(2.000000,0.392000,0.000000); 11.2117
(2.000000,0.396000,0.000000); 11.2077
(2.000000,0.400000,0.000000); 11.2037
(2.000000,0.404000,0.000000); 11.1997
(2.000000,0.408000,0.000000); 11.1957
(2.000000,0.412000,0.000000); 11.1917
(2.000000,0.416000,0.000000); 11.1877
(2.000000,0.420000,0.000000); 11.1838
(2.000000,0.424000,0.000000); 11.1798
(2.000000,0.428000,0.000000); 11.1758
(2.000000,0.432000,0.000000); 11.1718
(2.000000,0.436000,0.000000); 11.1678
(2.000000,0.440000,0.000000); 11.1638
(2.000000,0.444000,0.000000); 11.1598
(2.000000,0.448000,0.000000); 11.1558
(2.000000,0.452000,0.000000); 11.1518
(2.000000,0.456000,0.000000); 11.1478
(2.000000,0.460000,0.000000); 11.1438
(2.000000,0.464000,0.000000); 11.1398
(2.000000,0.468000,0.000000); 11.1358
(2.000000,0.472000,0.000000); 11.1318
(2.000000,0.476000,0.000000); 11.1278
(2.000000,0.480000,0.000000); 11.1238
(2.000000,0.484000,0.000000); 11.1198
(2.000000,0.488000,0.000000); 11.1158
(2.000000,0.492000,0.000000); 11.1118
(2.000000,0.496000,0.000000); 11.1078
(2.000000,0.500000,0.000000); 11.1038
(2.000000,0.504000,0.000000); 11.0999
(2.000000,0.508000,0.000000); 11.0959
(2.000000,0.512000,0.000000); 11.0919
(2.000000,0.516000,0.000000); 11.0879
(2.000000,0.520000,0.000000); 11.0839
(2.000000,0.524000,0.000000); 11.0799
(2.000000,0.528000,0.000000); 11.0759
(2.000000,0.532000,0.000000); 11.0719
(2.000000,0.536000,0.000000); 11.0679
(2.000000,0.540000,0.000000); 11.0639
(2.000000,0.544000,0.000000); 11.0599
(2.000000,0.548000,0.000000); 11.0559
(2.000000,0.552000,0.000000); 11.0519
(2.000000,0.556000,0.000000); 11.0479
(2.000000,0.560000,0.000000); 11.0439
(2.000000,0.564000,0.000000); 11.0399
(2.000000,0.568000,0.000000); 11.0359
(2.000000,0.572000,0.000000); 11.0319
(2.000000,0.576000,0.000000); 11.0279
(2.000000,0.580000,0.000000); 11.0239
(2.000000,0.584000,0.000000); 11.0199
(2.000000,0.588000,0.000000); 11.0159
(2.000000,0.592000,0.000000); 11.0119
(2.000000,0.596000,0.000000); 11.0079
(2.000000,0.600000,0.000000); 11.004
(2.000000,0.604000,0.000000); 11
(2.000000,0.608000,0.000000); 10.996
(2.000000,0.612000,0.000000); 10.992
(2.000000,0.616000,0.000000); 10.988
(2.000000,0.620000,0.000000); 10.984
(2.000000,0.624000,0.000000); 10.98
(2.000000,0.628000,0.000000); 10.976
(2.000000,0.632000,0.000000); 10.972
(2.000000,0.636000,0.000000); 10.968
(2.000000,0.640000,0.000000); 10.964
(2.000000,0.644000,0.000000); 10.96
(2.000000,0.648000,0.000000); 10.956
(2.000000,0.652000,0.000000); 10.952
(2.000000,0.656000,0.000000); 10.948
(2.000000,0.660000,0.000000); 10.944
(2.000000,0.664000,0.000000); 10.94
(2.000000,0.668000,0.000000); 10.936
(2.000000,0.672000,0.000000); 10.932
(2.000000,0.676000,0.000000); 10.928
(2.000000,0.680000,0.000000); 10.924
(2.000000,0.684000,0.000000); 10.92
(2.000000,0.688000,0.000000); 10.916
(2.000000,0.692000,0.000000); 10.912
(2.000000,0.696000,0.000000); 10.908
(2.000000,0.700000,0.000000); 10.904
(2.000000,0.704000,0.000000); 10.9
(2.000000,0.708000,0.000000); 10.896
(2.000000,0.712000,0.000000); 10.8921
(2.000000,0.716000,0.000000); 10.8881
(2.000000,0.720000,0.000000); 10.8841
(2.000000,0.724000,0.000000); 10.8801
(2.000000,0.728000,0.000000); 10.8761
(2.000000,0.732000,0.000000); 10.8721
(2.000000,0.736000,0.000000); 10.8681
(2.000000,0.740000,0.000000); 10.8641
(2.000000,0.744000,0.000000); 10.8601
(2.000000,0.748000,0.000000); 10.8561
(2.000000,0.752000,0.000000); 10.8521
(2.000000,0.756000,0.000000); 10.8481
(2.000000,0.760000,0.000000); 10.8441
(2.000000,0.764000,0.000000); 10.8401
(2.000000,0.768000,0.000000); 10.8361
(2.000000,0.772000,0.000000); 10.8321
(2.000000,0.776000,0.000000); 10.8281
(2.000000,0.780000,0.000000); 10.8241
(2.000000,0.784000,0.000000); 10.8201
(2.000000,0.788000,0.000000); 10.8161
(2.000000,0.792000,0.000000); 10.8121
(2.000000,0.796000,0.000000); 10.8081
(2.000000,0.800000,0.000000); 10.8041
(2.000000,0.804000,0.000000); 10.8001
(2.000000,0.808000,0.000000); 10.7961
(2.000000,0.812000,0.000000); 10.7921
(2.000000,0.816000,0.000000); 10.7881
(2.000000,0.820000,0.000000); 10.7841
(2.000000,0.824000,0.000000); 10.7801
(2.000000,0.828000,0.000000); 10.7761
(2.000000,0.832000,0.000000); 10.7722
(2.000000,0.836000,0.000000); 10.7682
(2.000000,0.840000,0.000000); 10.7642
(2.000000,0.844000,0.000000); 10.7602
(2.000000,0.848000,0.000000); 10.7562
(2.000000,0.852000,0.000000); 10.7522
(2.000000,0.856000,0.000000); 10.7482
(2.000000,0.860000,0.000000); 10.7442
(2.000000,0.864000,0.000000); 10.7402
(2.000000,0.868000,0.000000); 10.7362
(2.000000,0.872000,0.000000); 10.7322
(2.000000,0.876000,0.000000); 10.7282
(2.000000,0.880000,0.000000); 10.7242
(2.000000,0.884000,0.000000); 10.7202
(2.000000,0.888000,0.000000); 10.7162
(2.000000,0.892000,0.000000); 10.7122
(2.000000,0.896000,0.000000); 10.7082
(2.000000,0.900000,0.000000); 10.7042
(2.000000,0.904000,0.000000); 10.7002
(2.000000,0.908000,0.000000); 10.6962
(2.000000,0.912000,0.000000); 10.6922
(2.000000,0.916000,0.000000); 10.6882
(2.000000,0.920000,0.000000); 10.6842
(2.000000,0.924000,0.000000); 10.6802
(2.000000,0.928000,0.000000); 10.6762
(2.000000,0.932000,0.000000); 10.6722
(2.000000,0.936000,0.000000); 10.6682
(2.000000,0.940000,0.000000); 10.6642
(2.000000,0.944000,0.000000); 10.6602
(2.000000,0.948000,0.000000); 10.6562
(2.000000,0.952000,0.000000); 10.6522
(2.000000,0.956000,0.000000); 10.6482
(2.000000,0.960000,0.000000); 10.6442
(2.000000,0.964000,0.000000); 10.6402
(2.000000,0.968000,0.000000); 10.6363
(2.000000,0.972000,0.000000); 10.6323
(2.000000,0.976000,0.000000); 10.6283
(2.000000,0.980000,0.000000); 10.6243
(2.000000,0.984000,0.000000); 10.6203
(2.000000,0.988000,0.000000); 10.6163
(2.000000,0.992000,0.000000); 10.6123
(2.000000,0.996000,0.000000); 10.6083
(2.000000,1.000000,0.000000); 10.6043
(2.000000,1.004000,0.000000); 10.6003
(2.000000,1.008000,0.000000); 10.5963
(2.000000,1.012000,0.000000); 10.5923
(2.000000,1.016000,0.000000); 10.5883
(2.000000,1.020000,0.000000); 10.5843
(2.000000,1.024000,0.000000); 10.5803
(2.000000,1.028000,0.000000); 10.5763
(2.000000,1.032000,0.000000); 10.5723
(2.000000,1.036000,0.000000); 10.5683
(2.000000,1.040000,0.000000); 10.5643
(2.000000,1.044000,0.000000); 10.5603
(2.000000,1.048000,0.000000); 10.5563
(2.000000,1.052000,0.000000); 10.5523
(2.000000,1.056000,0.000000); 10.5483
(2.000000,1.060000,0.000000); 10.5443
(2.000000,1.064000,0.000000); 10.5403
(2.000000,1.068000,0.000000); 10.5363
(2.000000,1.072000,0.000000); 10.5323
(2.000000,1.076000,0.000000); 10.5283
(2.000000,1.080000,0.000000); 10.5243
(2.000000,1.084000,0.000000); 10.5203
(2.000000,1.088000,0.000000); 10.5163
(2.000000,1.092000,0.000000); 10.5123
(2.000000,1.096000,0.000000); 10.5083
(2.000000,1.100000,0.000000); 10.5043
(2.000000,1.104000,0.000000); 10.5003
(2.000000,1.108000,0.000000); 10.4963
(2.000000,1.112000,0.000000); 10.4924
(2.000000,1.116000,0.000000); 10.4884
(2.000000,1.120000,0.000000); 10.4844
(2.000000,1.124000,0.000000); 10.4804
(2.000000,1.128000,0.000000); 10.4764
(2.000000,1.132000,0.000000); 10.4724
(2.000000,1.136000,0.000000); 10.4684
(2.000000,1.140000,0.000000); 10.4644
(2.000000,1.144000,0.000000); 10.4604
(2.000000,1.148000,0.000000); 10.4564
(2.000000,1.152000,0.000000); 10.4524
(2.000000,1.156000,0.000000); 10.4484
(2.000000,1.160000,0.000000); 10.4444
(2.000000,1.164000,0.000000); 10.4404
(2.000000,1.168000,0.000000); 10.4364
(2.000000,1.172000,0.000000); 10.4324
(2.000000,1.176000,0.000000); 10.4284
(2.000000,1.180000,0.000000); 10.4244
(2.000000,1.184000,0.000000); 10.4204
(2.000000,1.188000,0.000000); 10.4164
(2.000000,1.192000,0.000000); 10.4124
(2.000000,1.196000,0.000000); 10.4084
(2.000000,1.200000,0.000000); 10.4044
(2.000000,1.204000,0.000000); 10.4004
(2.000000,1.208000,0.000000); 10.3964
(2.000000,1.212000,0.000000); 10.3924
(2.000000,1.216000,0.000000); 10.3884
(2.000000,1.220000,0.000000); 10.3844
(2.000000,1.224000,0.000000); 10.3804
(2.000000,1.228000,0.000000); 10.3764
(2.000000,1.232000,0.000000); 10.3724
(2.000000,1.236000,0.000000); 10.3684
(2.000000,1.240000,0.000000); 10.3644
(2.000000,1.244000,0.000000); 10.3604
(2.000000,1.248000,0.000000); 10.3564
(2.000000,1.252000,0.000000); 10.3524
(2.000000,1.256000,0.000000); 10.3484
(2.000000,1.260000,0.000000); 10.3444
(2.000000,1.264000,0.000000); 10.3404
(2.000000,1.268000,0.000000); 10.3364
(2.000000,1.272000,0.000000); 10.3324
(2.000000,1.276000,0.000000); 10.3285
(2.000000,1.280000,0.000000); 10.3245
(2.000000,1.284000,0.000000); 10.3205
(2.000000,1.288000,0.000000); 10.3165
(2.000000,1.292000,0.000000); 10.3125
(2.000000,1.296000,0.000000); 10.3085
(2.000000,1.300000,0.000000); 10.3045
(2.000000,1.304000,0.000000); 10.3005
(2.000000,1.308000,0.000000); 10.2965
(2.000000,1.312000,0.000000); 10.2925
(2.000000,1.316000,0.000000); 10.2885
(2.000000,1.320000,0.000000); 10.2845
(2.000000,1.324000,0.000000); 10.2805
(2.000000,1.328000,0.000000); 10.2765
(2.000000,1.332000,0.000000); 10.2725
(2.000000,1.336000,0.000000); 10.2685
(2.000000,1.340000,0.000000); 10.2645
(2.000000,1.344000,0.000000); 10.2605
(2.000000,1.348000,0.000000); 10.2565
(2.000000,1.352000,0.000000); 10.2525
(2.000000,1.356000,0.000000); 10.2485
(2.000000,1.360000,0.000000); 10.2445
(2.000000,1.364000,0.000000); 10.2405
(2.000000,1.368000,0.000000); 10.2365
(2.000000,1.372000,0.000000); 10.2325
(2.000000,1.376000,0.000000); 10.2285
(2.000000,1.380000,0.000000); 10.2245
(2.000000,1.384000,0.000000); 10.2205
(2.000000,1.388000,0.000000); 10.2165
(2.000000,1.392000,0.000000); 10.2125
(2.000000,1.396000,0.000000); 10.2085
(2.000000,1.400000,0.000000); 10.2045
(2.000000,1.404000,0.000000); 10.2005
(2.000000,1.408000,0.000000); 10.1965
(2.000000,1.412000,0.000000); 10.1925
(2.000000,1.416000,0.000000); 10.1885
(2.000000,1.420000,0.000000); 10.1845
(2.000000,1.424000,0.000000); 10.1805
(2.000000,1.428000,0.000000); 10.1765
(2.000000,1.432000,0.000000); 10.1725
(2.000000,1.436000,0.000000); 10.1685
(2.000000,1.440000,0.000000); 10.1645
(2.000000,1.444000,0.000000); 10.1606
(2.000000,1.448000,0.000000); 10.1566
(2.000000,1.452000,0.000000); 10.1526
(2.000000,1.456000,0.000000); 10.1486
(2.000000,1.460000,0.000000); 10.1446
(2.000000,1.464000,0.000000); 10.1406
(2.000000,1.468000,0.000000); 10.1366
(2.000000,1.472000,0.000000); 10.1326
(2.000000,1.476000,0.000000); 10.1286
(2.000000,1.480000,0.000000); 10.1246
(2.000000,1.484000,0.000000); 10.1206
(2.000000,1.488000,0.000000); 10.1166
(2.000000,1.492000,0.000000); 10.1126
(2.000000,1.496000,0.000000); 10.1086
(2.000000,1.500000,0.000000); 10.1046
(2.000000,1.504000,0.000000); 10.1006
(2.000000,1.508000,0.000000); 10.0966
(2.000000,1.512000,0.000000); 10.0926
(2.000000,1.516000,0.000000); 10.0886
(2.000000,1.520000,0.000000); 10.0846
(2.000000,1.524000,0.000000); 10.0806
(2.000000,1.528000,0.000000); 10.0766
(2.000000,1.532000,0.000000); 10.0726
(2.000000,1.536000,0.000000); 10.0686
(2.000000,1.540000,0.000000); 10.0646
(2.000000,1.544000,0.000000); 10.0606
(2.000000,1.548000,0.000000); 10.0566
(2.000000,1.552000,0.000000); 10.0526
(2.000000,1.556000,0.000000); 10.0486
(2.000000,1.560000,0.000000); 10.0446
(2.000000,1.564000,0.000000); 10.0406
(2.000000,1.568000,0.000000); 10.0366
(2.000000,1.572000,0.000000); 10.0326
(2.000000,1.576000,0.000000); 10.0286
(2.000000,1.580000,0.000000); 10.0246
(2.000000,1.584000,0.000000); 10.0206
(2.000000,1.588000,0.000000); 10.0166
(2.000000,1.592000,0.000000); 10.0126
(2.000000,1.596000,0.000000); 10.0086
(2.000000,1.600000,0.000000); 10.0046
(2.000000,1.604000,0.000000); 10.0006
(2.000000,1.608000,0.000000); 9.99664
(2.000000,1.612000,0.000000); 9.99264
(2.000000,1.616000,0.000000); 9.98864
(2.000000,1.620000,0.000000); 9.98465
(2.000000,1.624000,0.000000); 9.98065
(2.000000,1.628000,0.000000); 9.97665
(2.000000,1.632000,0.000000); 9.97265
(2.000000,1.636000,0.000000); 9.96866
(2.000000,1.640000,0.000000); 9.96466
(2.000000,1.644000,0.000000); 9.96066
(2.000000,1.648000,0.000000); 9.95666
(2.000000,1.652000,0.000000); 9.95267
(2.000000,1.656000,0.000000); 9.94867
(2.000000,1.660000,0.000000); 9.94467
(2.000000,1.664000,0.000000); 9.94067
(2.000000,1.668000,0.000000); 9.93668
(2.000000,1.672000,0.000000); 9.93268
(2.000000,1.676000,0.000000); 9.92868
(2.000000,1.680000,0.000000); 9.92468
(2.000000,1.684000,0.000000); 9.92068
(2.000000,1.688000,0.000000); 9.91669
(2.000000,1.692000,0.000000); 9.91269
(2.000000,1.696000,0.000000); 9.90869
(2.000000,1.700000,0.000000); 9.90469
(2.000000,1.704000,0.000000); 9.90069
(2.000000,1.708000,0.000000); 9.8967
(2.000000,1.712000,0.000000); 9.8927
(2.000000,1.716000,0.000000); 9.8887
(2.000000,1.720000,0.000000); 9.8847
(2.000000,1.724000,0.000000); 9.8807
(2.000000,1.728000,0.000000); 9.8767
(2.000000,1.732000,0.000000); 9.8727
(2.000000,1.736000,0.000000); 9.86871
(2.000000,1.740000,0.000000); 9.86471
(2.000000,1.744000,0.000000); 9.86071
(2.000000,1.748000,0.000000); 9.85671
(2.000000,1.752000,0.000000); 9.85271
(2.000000,1.756000,0.000000); 9.84871
(2.000000,1.760000,0.000000); 9.84472
(2.000000,1.764000,0.000000); 9.84072
(2.000000,1.768000,0.000000); 9.83672
(2.000000,1.772000,0.000000); 9.83273
(2.000000,1.776000,0.000000); 9.82873
(2.000000,1.780000,0.000000); 9.82473
(2.000000,1.784000,0.000000); 9.82074
(2.000000,1.788000,0.000000); 9.81674
(2.000000,1.792000,0.000000); 9.81274
(2.000000,1.796000,0.000000); 9.80875
(2.000000,1.800000,0.000000); 9.80475
(2.000000,1.804000,0.000000); 9.80075
(2.000000,1.808000,0.000000); 9.79676
(2.000000,1.812000,0.000000); 9.79276
(2.000000,1.816000,0.000000); 9.78876
(2.000000,1.820000,0.000000); 9.78477
(2.000000,1.824000,0.000000); 9.78077
(2.000000,1.828000,0.000000); 9.77677
(2.000000,1.832000,0.000000); 9.77278
(2.000000,1.836000,0.000000); 9.76878
(2.000000,1.840000,0.000000); 9.76478
(2.000000,1.844000,0.000000); 9.76077
(2.000000,1.848000,0.000000); 9.75677
(2.000000,1.852000,0.000000); 9.75277
(2.000000,1.856000,0.000000); 9.74876
(2.000000,1.860000,0.000000); 9.74476
(2.000000,1.864000,0.000000); 9.74076
(2.000000,1.868000,0.000000); 9.73675
(2.000000,1.872000,0.000000); 9.73275
(2.000000,1.876000,0.000000); 9.72874
(2.000000,1.880000,0.000000); 9.72474
(2.000000,1.884000,0.000000); 9.72074
(2.000000,1.888000,0.000000); 9.71673
(2.000000,1.892000,0.000000); 9.71274
(2.000000,1.896000,0.000000); 9.70875
(2.000000,1.900000,0.000000); 9.70476
(2.000000,1.904000,0.000000); 9.70076
(2.000000,1.908000,0.000000); 9.69677
(2.000000,1.912000,0.000000); 9.69278
(2.000000,1.916000,0.000000); 9.68879
(2.000000,1.920000,0.000000); 9.6848
(2.000000,1.924000,0.000000); 9.68081
(2.000000,1.928000,0.000000); 9.67682
(2.000000,1.932000,0.000000); 9.67285
(2.000000,1.936000,0.000000); 9.66887
(2.000000,1.940000,0.000000); 9.66489
(2.000000,1.944000,0.000000); 9.66091
(2.000000,1.948000,0.000000); 9.65693
(2.000000,1.952000,0.000000); 9.65295
(2.000000,1.956000,0.000000); 9.64897
(2.000000,1.960000,0.000000); 9.64499
(2.000000,1.964000,0.000000); 9.64102
(2.000000,1.968000,0.000000); 9.63704
(2.000000,1.972000,0.000000); 9.63306
(2.000000,1.976000,0.000000); 9.62905
(2.000000,1.980000,0.000000); 9.62499
(2.000000,1.984000,0.000000); 9.62093
(2.000000,1.988000,0.000000); 9.61688
(2.000000,1.992000,0.000000); 9.61282
(2.000000,1.996000,0.000000); 9.60876
(2.000000,2.000000,0.000000); 9.6047
(2.000000,2.004000,0.000000); 9.60065
(2.000000,2.008000,0.000000); 9.59659
(2.000000,2.012000,0.000000); 9.59253
(2.000000,2.016000,0.000000); 9.58847
(2.000000,2.020000,0.000000); 9.58442
(2.000000,2.024000,0.000000); 9.58036
(2.000000,2.028000,0.000000); 9.5763
(2.000000,2.032000,0.000000); 9.57224
(2.000000,2.036000,0.000000); 9.56819
(2.000000,2.040000,0.000000); 9.56413
(2.000000,2.044000,0.000000); 9.56007
(2.000000,2.048000,0.000000); 9.55601
(2.000000,2.052000,0.000000); 9.55194
(2.000000,2.056000,0.000000); 9.54787
(2.000000,2.060000,0.000000); 9.54415
(2.000000,2.064000,0.000000); 9.5404
(2.000000,2.068000,0.000000); 9.53663
(2.000000,2.072000,0.000000); 9.53286
(2.000000,2.076000,0.000000); 9.52909
(2.000000,2.080000,0.000000); 9.52533
(2.000000,2.084000,0.000000); 9.52156
(2.000000,2.088000,0.000000); 9.51779
(2.000000,2.092000,0.000000); 9.51402
(2.000000,2.096000,0.000000); 9.51026
(2.000000,2.100000,0.000000); 9.50649
(2.000000,2.104000,0.000000); 9.50272
(2.000000,2.108000,0.000000); 9.49895
(2.000000,2.112000,0.000000); 9.49519
(2.000000,2.116000,0.000000); 9.49142
(2.000000,2.120000,0.000000); 9.48765
(2.000000,2.124000,0.000000); 9.48356
(2.000000,2.128000,0.000000); 9.47858
(2.000000,2.132000,0.000000); 9.4736
(2.000000,2.136000,0.000000); 9.46862
(2.000000,2.140000,0.000000); 9.46364
(2.000000,2.144000,0.000000); 9.45866
(2.000000,2.148000,0.000000); 9.45368
(2.000000,2.152000,0.000000); 9.4487
(2.000000,2.156000,0.000000); 9.44372
(2.000000,2.160000,0.000000); 9.43874
(2.000000,2.164000,0.000000); 9.43376
(2.000000,2.168000,0.000000); 9.42922
(2.000000,2.172000,0.000000); 9.42487
(2.000000,2.176000,0.000000); 9.42052
(2.000000,2.180000,0.000000); 9.41618
(2.000000,2.184000,0.000000); 9.41183
(2.000000,2.188000,0.000000); 9.40748
(2.000000,2.192000,0.000000); 9.40475
(2.000000,2.196000,0.000000); 9.40295
(2.000000,2.200000,0.000000); 9.40114
(2.000000,2.204000,0.000000); 9.39933
(2.000000,2.208000,0.000000); 9.39753
(2.000000,2.212000,0.000000); 9.39572
(2.000000,2.216000,0.000000); 9.39392
(2.000000,2.220000,0.000000); 9.39211
(2.000000,2.224000,0.000000); 9.39031
(2.000000,2.228000,0.000000); 9.3885
(2.000000,2.232000,0.000000); 9.38669
(2.000000,2.236000,0.000000); 9.38577
(2.000000,2.240000,0.000000); 9.38488
(2.000000,2.244000,0.000000); 9.384
(2.000000,2.248000,0.000000); 9.38311
(2.000000,2.252000,0.000000); 9.38223
(2.000000,2.256000,0.000000); 9.38125
(2.000000,2.260000,0.000000); 9.36963
(2.000000,2.264000,0.000000); 9.35802
(2.000000,2.268000,0.000000); 9.3464
(2.000000,2.272000,0.000000); 9.33738
(2.000000,2.276000,0.000000); 9.33079
(2.000000,2.280000,0.000000); 9.32421
(2.000000,2.284000,0.000000); 9.31762
(2.000000,2.288000,0.000000); 9.31103
(2.000000,2.292000,0.000000); 9.30444
(2.000000,2.296000,0.000000); 9.29786
(2.000000,2.300000,0.000000); 9.29127
(2.000000,2.304000,0.000000); 9.28468
(2.000000,2.308000,0.000000); 9.27809
(2.000000,2.312000,0.000000); 9.27151
(2.000000,2.316000,0.000000); 9.26492
(2.000000,2.320000,0.000000); 9.25833
(2.000000,2.324000,0.000000); 9.25174
(2.000000,2.328000,0.000000); 9.24516
(2.000000,2.332000,0.000000); 9.23857
(2.000000,2.336000,0.000000); 9.23198
(2.000000,2.340000,0.000000); 9.22539
(2.000000,2.344000,0.000000); 9.21881
(2.000000,2.348000,0.000000); 9.21222
(2.000000,2.352000,0.000000); 9.21039
(2.000000,2.356000,0.000000); 9.25261
(2.000000,2.360000,0.000000); 9.29483
(2.000000,2.364000,0.000000); 9.33705
(2.000000,2.368000,0.000000); 9.37927
(2.000000,2.372000,0.000000); 9.42149
(2.000000,2.376000,0.000000); 9.46371
(2.000000,2.380000,0.000000); 9.50496
(2.000000,2.384000,0.000000); 9.54534
(2.000000,2.388000,0.000000); 9.58572
(2.000000,2.392000,0.000000); 9.62611
(2.000000,2.396000,0.000000); 9.66649
(2.000000,2.400000,0.000000); 9.70687
(2.000000,2.404000,0.000000); 9.74725
(2.000000,2.408000,0.000000); 9.78764
(2.000000,2.412000,0.000000); 9.82802
(2.000000,2.416000,0.000000); 9.8684
(2.000000,2.420000,0.000000); 9.90879
(2.000000,2.424000,0.000000); 9.94917
(2.000000,2.428000,0.000000); 9.98955
(2.000000,2.432000,0.000000); 10.0299
(2.000000,2.436000,0.000000); 10.0703
(2.000000,2.440000,0.000000); 10.1107
(2.000000,2.444000,0.000000); 10.1511
(2.000000,2.448000,0.000000); 10.1613
(2.000000,2.452000,0.000000); 10.162
(2.000000,2.456000,0.000000); 10.1627
(2.000000,2.460000,0.000000); 10.1634
(2.000000,2.464000,0.000000); 10.1641
(2.000000,2.468000,0.000000); 10.1648
(2.000000,2.472000,0.000000); 10.1655
(2.000000,2.476000,0.000000); 10.1662
(2.000000,2.480000,0.000000); 10.1669
(2.000000,2.484000,0.000000); 10.1676
(2.000000,2.488000,0.000000); 10.1683
(2.000000,2.492000,0.000000); 10.169
(2.000000,2.496000,0.000000); 10.1697
(2.000000,2.500000,0.000000); 10.1704
(2.000000,2.504000,0.000000); 10.1711
(2.000000,2.508000,0.000000); 10.1717
(2.000000,2.512000,0.000000); 10.1724
(2.000000,2.516000,0.000000); 10.173
(2.000000,2.520000,0.000000); 10.1736
(2.000000,2.524000,0.000000); 10.1743
(2.000000,2.528000,0.000000); 10.1749
(2.000000,2.532000,0.000000); 10.1756
(2.000000,2.536000,0.000000); 10.1762
(2.000000,2.540000,0.000000); 10.1765
(2.000000,2.544000,0.000000); 10.1767
(2.000000,2.548000,0.000000); 10.1769
(2.000000,2.552000,0.000000); 10.177
(2.000000,2.556000,0.000000); 10.1772
(2.000000,2.560000,0.000000); 10.1773
(2.000000,2.564000,0.000000); 10.1775
(2.000000,2.568000,0.000000); 10.1777
(2.000000,2.572000,0.000000); 10.1778
(2.000000,2.576000,0.000000); 10.178
(2.000000,2.580000,0.000000); 10.1782
(2.000000,2.584000,0.000000); 10.1783
(2.000000,2.588000,0.000000); 10.1785
(2.000000,2.592000,0.000000); 10.1786
(2.000000,2.596000,0.000000); 10.1788
(2.000000,2.600000,0.000000); 10.179
(2.000000,2.604000,0.000000); 10.1791
(2.000000,2.608000,0.000000); 10.1793
(2.000000,2.612000,0.000000); 10.1795
(2.000000,2.616000,0.000000); 10.1796
(2.000000,2.620000,0.000000); 10.1798
(2.000000,2.624000,0.000000); 10.18
(2.000000,2.628000,0.000000); 10.1801
(2.000000,2.632000,0.000000); 10.1802
(2.000000,2.636000,0.000000); 10.1803
(2.000000,2.640000,0.000000); 10.1804
(2.000000,2.644000,0.000000); 10.1804
(2.000000,2.648000,0.000000); 10.1805
(2.000000,2.652000,0.000000); 10.1806
(2.000000,2.656000,0.000000); 10.1807
(2.000000,2.660000,0.000000); 10.1807
(2.000000,2.664000,0.000000); 10.1808
(2.000000,2.668000,0.000000); 10.1809
(2.000000,2.672000,0.000000); 10.1809
(2.000000,2.676000,0.000000); 10.181
(2.000000,2.680000,0.000000); 10.1811
(2.000000,2.684000,0.000000); 10.1812
(2.000000,2.688000,0.000000); 10.1812
(2.000000,2.692000,0.000000); 10.1813
(2.000000,2.696000,0.000000); 10.1814
(2.000000,2.700000,0.000000); 10.1814
(2.000000,2.704000,0.000000); 10.1815
(2.000000,2.708000,0.000000); 10.1816
(2.000000,2.712000,0.000000); 10.1817
(2.000000,2.716000,0.000000); 10.1817
(2.000000,2.720000,0.000000); 10.1818
(2.000000,2.724000,0.000000); 10.1819
(2.000000,2.728000,0.000000); 10.1819
(2.000000,2.732000,0.000000); 10.182
(2.000000,2.736000,0.000000); 10.1821
(2.000000,2.740000,0.000000); 10.1822
(2.000000,2.744000,0.000000); 10.1822
(2.000000,2.748000,0.000000); 10.1823
(2.000000,2.752000,0.000000); 10.1824
(2.000000,2.756000,0.000000); 10.1824
(2.000000,2.760000,0.000000); 10.1825
(2.000000,2.764000,0.000000); 10.1826
(2.000000,2.768000,0.000000); 10.1826
(2.000000,2.772000,0.000000); 10.1826
(2.000000,2.776000,0.000000); 10.1827
(2.000000,2.780000,0.000000); 10.1827
(2.000000,2.784000,0.000000); 10.1828
(2.000000,2.788000,0.000000); 10.1828
(2.000000,2.792000,0.000000); 10.1829
(2.000000,2.796000,0.000000); 10.1829
(2.000000,2.800000,0.000000); 10.183
(2.000000,2.804000,0.000000); 10.183
(2.000000,2.808000,0.000000); 10.1831
(2.000000,2.812000,0.000000); 10.1831
(2.000000,2.816000,0.000000); 10.1832
(2.000000,2.820000,0.000000); 10.1832
(2.000000,2.824000,0.000000); 10.1832
(2.000000,2.828000,0.000000); 10.1833
(2.000000,2.832000,0.000000); 10.1833
(2.000000,2.836000,0.000000); 10.1834
(2.000000,2.840000,0.000000); 10.1834
(2.000000,2.844000,0.000000); 10.1835
(2.000000,2.848000,0.000000); 10.1835
(2.000000,2.852000,0.000000); 10.1836
(2.000000,2.856000,0.000000); 10.1836
(2.000000,2.860000,0.000000); 10.1837
(2.000000,2.864000,0.000000); 10.1837
(2.000000,2.868000,0.000000); 10.1838
(2.000000,2.872000,0.000000); 10.1838
(2.000000,2.876000,0.000000); 10.1838
(2.000000,2.880000,0.000000); 10.1839
(2.000000,2.884000,0.000000); 10.1839
(2.000000,2.888000,0.000000); 10.184
(2.000000,2.892000,0.000000); 10.184
(2.000000,2.896000,0.000000); 10.1841
(2.000000,2.900000,0.000000); 10.1841
(2.000000,2.904000,0.000000); 10.1841
(2.000000,2.908000,0.000000); 10.1842
(2.000000,2.912000,0.000000); 10.1842
(2.000000,2.916000,0.000000); 10.1843
(2.000000,2.920000,0.000000); 10.1843
(2.000000,2.924000,0.000000); 10.1843
(2.000000,2.928000,0.000000); 10.1844
(2.000000,2.932000,0.000000); 10.1844
(2.000000,2.936000,0.000000); 10.1845
(2.000000,2.940000,0.000000); 10.1845
(2.000000,2.944000,0.000000); 10.1845
(2.000000,2.948000,0.000000); 10.1846
(2.000000,2.952000,0.000000); 10.1846
(2.000000,2.956000,0.000000); 10.1846
(2.000000,2.960000,0.000000); 10.1847
(2.000000,2.964000,0.000000); 10.1847
(2.000000,2.968000,0.000000); 10.1848
(2.000000,2.972000,0.000000); 10.1848
(2.000000,2.976000,0.000000); 10.1848
(2.000000,2.980000,0.000000); 10.1849
(2.000000,2.984000,0.000000); 10.1849
(2.000000,2.988000,0.000000); 10.185
(2.000000,2.992000,0.000000); 10.185
(2.000000,2.996000,0.000000); 10.185
(2.000000,3.000000,0.000000); 10.1851
(2.000000,3.004000,0.000000); 10.1851
(2.000000,3.008000,0.000000); 10.1851
(2.000000,3.012000,0.000000); 10.1852
(2.000000,3.016000,0.000000); 10.1852
(2.000000,3.020000,0.000000); 10.1853
(2.000000,3.024000,0.000000); 10.1853
(2.000000,3.028000,0.000000); 10.1853
(2.000000,3.032000,0.000000); 10.1854
(2.000000,3.036000,0.000000); 10.1854
(2.000000,3.040000,0.000000); 10.1854
(2.000000,3.044000,0.000000); 10.1855
(2.000000,3.048000,0.000000); 10.1855
(2.000000,3.052000,0.000000); 10.1855
(2.000000,3.056000,0.000000); 10.1856
(2.000000,3.060000,0.000000); 10.1856
(2.000000,3.064000,0.000000); 10.1857
(2.000000,3.068000,0.000000); 10.1857
(2.000000,3.072000,0.000000); 10.1857
(2.000000,3.076000,0.000000); 10.1858
(2.000000,3.080000,0.000000); 10.1858
(2.000000,3.084000,0.000000); 10.1858
(2.000000,3.088000,0.000000); 10.1859
(2.000000,3.092000,0.000000); 10.1859
(2.000000,3.096000,0.000000); 10.1859
(2.000000,3.100000,0.000000); 10.186
(2.000000,3.104000,0.000000); 10.186
(2.000000,3.108000,0.000000); 10.1861
(2.000000,3.112000,0.000000); 10.1861
(2.000000,3.116000,0.000000); 10.1861
(2.000000,3.120000,0.000000); 10.1862
(2.000000,3.124000,0.000000); 10.1862
(2.000000,3.128000,0.000000); 10.1862
(2.000000,3.132000,0.000000); 10.1863
(2.000000,3.136000,0.000000); 10.1863
(2.000000,3.140000,0.000000); 10.1863
(2.000000,3.144000,0.000000); 10.1864
(2.000000,3.148000,0.000000); 10.1864
(2.000000,3.152000,0.000000); 10.1864
(2.000000,3.156000,0.000000); 10.1865
(2.000000,3.160000,0.000000); 10.1865
(2.000000,3.164000,0.000000); 10.1866
(2.000000,3.168000,0.000000); 10.1866
(2.000000,3.172000,0.000000); 10.1866
(2.000000,3.176000,0.000000); 10.1867
(2.000000,3.180000,0.000000); 10.1867
(2.000000,3.184000,0.000000); 10.1867
(2.000000,3.188000,0.000000); 10.1868
(2.000000,3.192000,0.000000); 10.1868
(2.000000,3.196000,0.000000); 10.1868
(2.000000,3.200000,0.000000); 10.1869
(2.000000,3.204000,0.000000); 10.1869
(2.000000,3.208000,0.000000); 10.1869
(2.000000,3.212000,0.000000); 10.187
(2.000000,3.216000,0.000000); 10.187
(2.000000,3.220000,0.000000); 10.187
(2.000000,3.224000,0.000000); 10.1871
(2.000000,3.228000,0.000000); 10.1871
(2.000000,3.232000,0.000000); 10.1872
(2.000000,3.236000,0.000000); 10.1872
(2.000000,3.240000,0.000000); 10.1872
(2.000000,3.244000,0.000000); 10.1873
(2.000000,3.248000,0.000000); 10.1873
(2.000000,3.252000,0.000000); 10.1873
(2.000000,3.256000,0.000000); 10.1874
(2.000000,3.260000,0.000000); 10.1874
(2.000000,3.264000,0.000000); 10.1874
(2.000000,3.268000,0.000000); 10.1875
(2.000000,3.272000,0.000000); 10.1875
(2.000000,3.276000,0.000000); 10.1875
(2.000000,3.280000,0.000000); 10.1876
(2.000000,3.284000,0.000000); 10.1876
(2.000000,3.288000,0.000000); 10.1876
(2.000000,3.292000,0.000000); 10.1877
(2.000000,3.296000,0.000000); 10.1877
(2.000000,3.300000,0.000000); 10.1878
(2.000000,3.304000,0.000000); 10.1878
(2.000000,3.308000,0.000000); 10.1878
(2.000000,3.312000,0.000000); 10.1879
(2.000000,3.316000,0.000000); 10.1879
(2.000000,3.320000,0.000000); 10.1879
(2.000000,3.324000,0.000000); 10.188
(2.000000,3.328000,0.000000); 10.188
(2.000000,3.332000,0.000000); 10.188
(2.000000,3.336000,0.000000); 10.1881
(2.000000,3.340000,0.000000); 10.1881
(2.000000,3.344000,0.000000); 10.1881
(2.000000,3.348000,0.000000); 10.1882
(2.000000,3.352000,0.000000); 10.1882
(2.000000,3.356000,0.000000); 10.1882
(2.000000,3.360000,0.000000); 10.1883
(2.000000,3.364000,0.000000); 10.1883
(2.000000,3.368000,0.000000); 10.1883
(2.000000,3.372000,0.000000); 10.1884
(2.000000,3.376000,0.000000); 10.1884
(2.000000,3.380000,0.000000); 10.1885
(2.000000,3.384000,0.000000); 10.1885
(2.000000,3.388000,0.000000); 10.1885
(2.000000,3.392000,0.000000); 10.1886
(2.000000,3.396000,0.000000); 10.1886
(2.000000,3.400000,0.000000); 10.1886
(2.000000,3.404000,0.000000); 10.1887
(2.000000,3.408000,0.000000); 10.1887
(2.000000,3.412000,0.000000); 10.1887
(2.000000,3.416000,0.000000); 10.1888
(2.000000,3.420000,0.000000); 10.1888
(2.000000,3.424000,0.000000); 10.1888
(2.000000,3.428000,0.000000); 10.1889
(2.000000,3.432000,0.000000); 10.1889
(2.000000,3.436000,0.000000); 10.1889
(2.000000,3.440000,0.000000); 10.189
(2.000000,3.444000,0.000000); 10.189
(2.000000,3.448000,0.000000); 10.189
(2.000000,3.452000,0.000000); 10.1891
(2.000000,3.456000,0.000000); 10.1891
(2.000000,3.460000,0.000000); 10.1891
(2.000000,3.464000,0.000000); 10.1892
(2.000000,3.468000,0.000000); 10.1892
(2.000000,3.472000,0.000000); 10.1892
(2.000000,3.476000,0.000000); 10.1893
(2.000000,3.480000,0.000000); 10.1893
(2.000000,3.484000,0.000000); 10.1894
(2.000000,3.488000,0.000000); 10.1894
(2.000000,3.492000,0.000000); 10.1894
(2.000000,3.496000,0.000000); 10.1895
(2.000000,3.500000,0.000000); 10.1895
(2.000000,3.504000,0.000000); 10.1895
(2.000000,3.508000,0.000000); 10.1896
(2.000000,3.512000,0.000000); 10.1896
(2.000000,3.516000,0.000000); 10.1896
(2.000000,3.520000,0.000000); 10.1897
(2.000000,3.524000,0.000000); 10.1897
(2.000000,3.528000,0.000000); 10.1897
(2.000000,3.532000,0.000000); 10.1898
(2.000000,3.536000,0.000000); 10.1898
(2.000000,3.540000,0.000000); 10.1898
(2.000000,3.544000,0.000000); 10.1899
(2.000000,3.548000,0.000000); 10.1899
(2.000000,3.552000,0.000000); 10.1899
(2.000000,3.556000,0.000000); 10.19
(2.000000,3.560000,0.000000); 10.19
(2.000000,3.564000,0.000000); 10.19
(2.000000,3.568000,0.000000); 10.1901
(2.000000,3.572000,0.000000); 10.1901
(2.000000,3.576000,0.000000); 10.1901
(2.000000,3.580000,0.000000); 10.1902
(2.000000,3.584000,0.000000); 10.1902
(2.000000,3.588000,0.000000); 10.1902
(2.000000,3.592000,0.000000); 10.1903
(2.000000,3.596000,0.000000); 10.1903
(2.000000,3.600000,0.000000); 10.1904
(2.000000,3.604000,0.000000); 10.1904
(2.000000,3.608000,0.000000); 10.1904
(2.000000,3.612000,0.000000); 10.1905
(2.000000,3.616000,0.000000); 10.1905
(2.000000,3.620000,0.000000); 10.1905
(2.000000,3.624000,0.000000); 10.1906
(2.000000,3.628000,0.000000); 10.1906
(2.000000,3.632000,0.000000); 10.1906
(2.000000,3.636000,0.000000); 10.1907
(2.000000,3.640000,0.000000); 10.1907
(2.000000,3.644000,0.000000); 10.1907
(2.000000,3.648000,0.000000); 10.1908
(2.000000,3.652000,0.000000); 10.1908
(2.000000,3.656000,0.000000); 10.1908
(2.000000,3.660000,0.000000); 10.1909
(2.000000,3.664000,0.000000); 10.1909
(2.000000,3.668000,0.000000); 10.1909
(2.000000,3.672000,0.000000); 10.191
(2.000000,3.676000,0.000000); 10.191
(2.000000,3.680000,0.000000); 10.191
(2.000000,3.684000,0.000000); 10.1911
(2.000000,3.688000,0.000000); 10.1911
(2.000000,3.692000,0.000000); 10.1911
(2.000000,3.696000,0.000000); 10.1912
(2.000000,3.700000,0.000000); 10.1912
(2.000000,3.704000,0.000000); 10.1912
(2.000000,3.708000,0.000000); 10.1913
(2.000000,3.712000,0.000000); 10.1913
(2.000000,3.716000,0.000000); 10.1913
(2.000000,3.720000,0.000000); 10.1914
(2.000000,3.724000,0.000000); 10.1914
(2.000000,3.728000,0.000000); 10.1914
(2.000000,3.732000,0.000000); 10.1915
(2.000000,3.736000,0.000000); 10.1915
(2.000000,3.740000,0.000000); 10.1915
(2.000000,3.744000,0.000000); 10.1916
(2.000000,3.748000,0.000000); 10.1916
(2.000000,3.752000,0.000000); 10.1916
(2.000000,3.756000,0.000000); 10.1917
(2.000000,3.760000,0.000000); 10.1917
(2.000000,3.764000,0.000000); 10.1917
(2.000000,3.768000,0.000000); 10.1918
(2.000000,3.772000,0.000000); 10.1918
(2.000000,3.776000,0.000000); 10.1918
(2.000000,3.780000,0.000000); 10.1919
(2.000000,3.784000,0.000000); 10.1919
(2.000000,3.788000,0.000000); 10.1919
(2.000000,3.792000,0.000000); 10.192
(2.000000,3.796000,0.000000); 10.192
(2.000000,3.800000,0.000000); 10.192
(2.000000,3.804000,0.000000); 10.1921
(2.000000,3.808000,0.000000); 10.1921
(2.000000,3.812000,0.000000); 10.1921
(2.000000,3.816000,0.000000); 10.1922
(2.000000,3.820000,0.000000); 10.1922
(2.000000,3.824000,0.000000); 10.1922
(2.000000,3.828000,0.000000); 10.1923
(2.000000,3.832000,0.000000); 10.1923
(2.000000,3.836000,0.000000); 10.1923
(2.000000,3.840000,0.000000); 10.1924
(2.000000,3.844000,0.000000); 10.1924
(2.000000,3.848000,0.000000); 10.1924
(2.000000,3.852000,0.000000); 10.1925
(2.000000,3.856000,0.000000); 10.1925
(2.000000,3.860000,0.000000); 10.1925
(2.000000,3.864000,0.000000); 10.1926
(2.000000,3.868000,0.000000); 10.1926
(2.000000,3.872000,0.000000); 10.1926
(2.000000,3.876000,0.000000); 10.1927
(2.000000,3.880000,0.000000); 10.1927
(2.000000,3.884000,0.000000); 10.1927
(2.000000,3.888000,0.000000); 10.1928
(2.000000,3.892000,0.000000); 10.1928
(2.000000,3.896000,0.000000); 10.1928
(2.000000,3.900000,0.000000); 10.1929
(2.000000,3.904000,0.000000); 10.1929
(2.000000,3.908000,0.000000); 10.1929
(2.000000,3.912000,0.000000); 10.193
(2.000000,3.916000,0.000000); 10.193
(2.000000,3.920000,0.000000); 10.193
(2.000000,3.924000,0.000000); 10.1931
(2.000000,3.928000,0.000000); 10.1931
(2.000000,3.932000,0.000000); 10.1931
(2.000000,3.936000,0.000000); 10.1932
(2.000000,3.940000,0.000000); 10.1932
(2.000000,3.944000,0.000000); 10.1932
(2.000000,3.948000,0.000000); 10.1933
(2.000000,3.952000,0.000000); 10.1933
(2.000000,3.956000,0.000000); 10.1933
(2.000000,3.960000,0.000000); 10.1934
(2.000000,3.964000,0.000000); 10.1934
(2.000000,3.968000,0.000000); 10.1934
(2.000000,3.972000,0.000000); 10.1935
(2.000000,3.976000,0.000000); 10.1935
(2.000000,3.980000,0.000000); 10.1935
(2.000000,3.984000,0.000000); 10.1936
(2.000000,3.988000,0.000000); 10.1936
(2.000000,3.992000,0.000000); 10.1936
(2.000000,3.996000,0.000000); 10.1936
(2.000000,4.000000,0.000000); 10.1937
--
(2.000000,0.000000,0.000000); 13.603
(2.000000,0.004000,0.000000); 13.5953
(2.000000,0.008000,0.000000); 13.5876
(2.000000,0.012000,0.000000); 13.5799
(2.000000,0.016000,0.000000); 13.5722
(2.000000,0.020000,0.000000); 13.5645
(2.000000,0.024000,0.000000); 13.5568
(2.000000,0.028000,0.000000); 13.5491
(2.000000,0.032000,0.000000); 13.5413
(2.000000,0.036000,0.000000); 13.5336
(2.000000,0.040000,0.000000); 13.5259
(2.000000,0.044000,0.000000); 13.5182
(2.000000,0.048000,0.000000); 13.5105
(2.000000,0.052000,0.000000); 13.5028
(2.000000,0.056000,0.000000); 13.4951
(2.000000,0.060000,0.000000); 13.4874
(2.000000,0.064000,0.000000); 13.4797
(2.000000,0.068000,0.000000); 13.4719
(2.000000,0.072000,0.000000); 13.4642
(2.000000,0.076000,0.000000); 13.4565
(2.000000,0.080000,0.000000); 13.4488
(2.000000,0.084000,0.000000); 13.4411
(2.000000,0.088000,0.000000); 13.4334
(2.000000,0.092000,0.000000); 13.4257
(2.000000,0.096000,0.000000); 13.4181
(2.000000,0.100000,0.000000); 13.4107
(2.000000,0.104000,0.000000); 13.4033
(2.000000,0.108000,0.000000); 13.396
(2.000000,0.112000,0.000000); 13.3886
(2.000000,0.116000,0.000000); 13.3812
(2.000000,0.120000,0.000000); 13.3739
(2.000000,0.124000,0.000000); 13.3665
(2.000000,0.128000,0.000000); 13.3591
(2.000000,0.132000,0.000000); 13.3518
(2.000000,0.136000,0.000000); 13.3444
(2.000000,0.140000,0.000000); 13.3371
(2.000000,0.144000,0.000000); 13.3297
(2.000000,0.148000,0.000000); 13.3223
(2.000000,0.152000,0.000000); 13.315
(2.000000,0.156000,0.000000); 13.3075
(2.000000,0.160000,0.000000); 13.3001
(2.000000,0.164000,0.000000); 13.2927
(2.000000,0.168000,0.000000); 13.2853
(2.000000,0.172000,0.000000); 13.2779
(2.000000,0.176000,0.000000); 13.2704
(2.000000,0.180000,0.000000); 13.263
(2.000000,0.184000,0.000000); 13.2556
(2.000000,0.188000,0.000000); 13.2482
(2.000000,0.192000,0.000000); 13.2411
(2.000000,0.196000,0.000000); 13.2342
(2.000000,0.200000,0.000000); 13.2273
(2.000000,0.204000,0.000000); 13.2205
(2.000000,0.208000,0.000000); 13.2136
(2.000000,0.212000,0.000000); 13.2067
(2.000000,0.216000,0.000000); 13.1998
(2.000000,0.220000,0.000000); 13.193
(2.000000,0.224000,0.000000); 13.1861
(2.000000,0.228000,0.000000); 13.1792
(2.000000,0.232000,0.000000); 13.1723
(2.000000,0.236000,0.000000); 13.1654
(2.000000,0.240000,0.000000); 13.1586
(2.000000,0.244000,0.000000); 13.1517
(2.000000,0.248000,0.000000); 13.1448
(2.000000,0.252000,0.000000); 13.1379
(2.000000,0.256000,0.000000); 13.1309
(2.000000,0.260000,0.000000); 13.1239
(2.000000,0.264000,0.000000); 13.1169
(2.000000,0.268000,0.000000); 13.1099
(2.000000,0.272000,0.000000); 13.1029
(2.000000,0.276000,0.000000); 13.0959
(2.000000,0.280000,0.000000); 13.0889
(2.000000,0.284000,0.000000); 13.0819
(2.000000,0.288000,0.000000); 13.0754
(2.000000,0.292000,0.000000); 13.0689
(2.000000,0.296000,0.000000); 13.0624
(2.000000,0.300000,0.000000); 13.0559
(2.000000,0.304000,0.000000); 13.0494
(2.000000,0.308000,0.000000); 13.0429
(2.000000,0.312000,0.000000); 13.0363
(2.000000,0.316000,0.000000); 13.0298
(2.000000,0.320000,0.000000); 13.0232
(2.000000,0.324000,0.000000); 13.0167
(2.000000,0.328000,0.000000); 13.0101
(2.000000,0.332000,0.000000); 13.0036
(2.000000,0.336000,0.000000); 12.997
(2.000000,0.340000,0.000000); 12.9905
(2.000000,0.344000,0.000000); 12.9839
(2.000000,0.348000,0.000000); 12.9774
(2.000000,0.352000,0.000000); 12.9708
(2.000000,0.356000,0.000000); 12.9643
(2.000000,0.360000,0.000000); 12.9577
(2.000000,0.364000,0.000000); 12.9512
(2.000000,0.368000,0.000000); 12.9446
(2.000000,0.372000,0.000000); 12.9381
(2.000000,0.376000,0.000000); 12.9315
(2.000000,0.380000,0.000000); 12.9251
(2.000000,0.384000,0.000000); 12.919
(2.000000,0.388000,0.000000); 12.9129
(2.000000,0.392000,0.000000); 12.9068
(2.000000,0.396000,0.000000); 12.9007
(2.000000,0.400000,0.000000); 12.8946
(2.000000,0.404000,0.000000); 12.8885
(2.000000,0.408000,0.000000); 12.8824
(2.000000,0.412000,0.000000); 12.8763
(2.000000,0.416000,0.000000); 12.8702
(2.000000,0.420000,0.000000); 12.8641
(2.000000,0.424000,0.000000); 12.858
(2.000000,0.428000,0.000000); 12.8519
(2.000000,0.432000,0.000000); 12.8458
(2.000000,0.436000,0.000000); 12.8397
(2.000000,0.440000,0.000000); 12.8336
(2.000000,0.444000,0.000000); 12.8275
(2.000000,0.448000,0.000000); 12.8214
(2.000000,0.452000,0.000000); 12.8153
(2.000000,0.456000,0.000000); 12.8092
(2.000000,0.460000,0.000000); 12.8031
(2.000000,0.464000,0.000000); 12.797
(2.000000,0.468000,0.000000); 12.7909
(2.000000,0.472000,0.000000); 12.7847
(2.000000,0.476000,0.000000); 12.7786
(2.000000,0.480000,0.000000); 12.7725
(2.000000,0.484000,0.000000); 12.7664
(2.000000,0.488000,0.000000); 12.7602
(2.000000,0.492000,0.000000); 12.754
(2.000000,0.496000,0.000000); 12.7479
(2.000000,0.500000,0.000000); 12.7419
(2.000000,0.504000,0.000000); 12.7361
(2.000000,0.508000,0.000000); 12.7303
(2.000000,0.512000,0.000000); 12.7245
(2.000000,0.516000,0.000000); 12.7187
(2.000000,0.520000,0.000000); 12.7129
(2.000000,0.524000,0.000000); 12.707
(2.000000,0.528000,0.000000); 12.7012
(2.000000,0.532000,0.000000); 12.6953
(2.000000,0.536000,0.000000); 12.6895
(2.000000,0.540000,0.000000); 12.6837
(2.000000,0.544000,0.000000); 12.6778
(2.000000,0.548000,0.000000); 12.672
(2.000000,0.552000,0.000000); 12.6661
(2.000000,0.556000,0.000000); 12.6603
(2.000000,0.560000,0.000000); 12.6545
(2.000000,0.564000,0.000000); 12.6486
(2.000000,0.568000,0.000000); 12.6428
(2.000000,0.572000,0.000000); 12.6369
(2.000000,0.576000,0.000000); 12.6311
(2.000000,0.580000,0.000000); 12.6252
(2.000000,0.584000,0.000000); 12.6194
(2.000000,0.588000,0.000000); 12.6136
(2.000000,0.592000,0.000000); 12.6077
(2.000000,0.596000,0.000000); 12.6019
(2.000000,0.600000,0.000000); 12.596
(2.000000,0.604000,0.000000); 12.5902
(2.000000,0.608000,0.000000); 12.5843
(2.000000,0.612000,0.000000); 12.5785
(2.000000,0.616000,0.000000); 12.5727
(2.000000,0.620000,0.000000); 12.567
(2.000000,0.624000,0.000000); 12.5615
(2.000000,0.628000,0.000000); 12.5559
(2.000000,0.632000,0.000000); 12.5503
(2.000000,0.636000,0.000000); 12.5447
(2.000000,0.640000,0.000000); 12.5391
(2.000000,0.644000,0.000000); 12.5336
(2.000000,0.648000,0.000000); 12.528
(2.000000,0.652000,0.000000); 12.5224
(2.000000,0.656000,0.000000); 12.5168
(2.000000,0.660000,0.000000); 12.5112
(2.000000,0.664000,0.000000); 12.5057
(2.000000,0.668000,0.000000); 12.5001
(2.000000,0.672000,0.000000); 12.4945
(2.000000,0.676000,0.000000); 12.4889
(2.000000,0.680000,0.000000); 12.4833
(2.000000,0.684000,0.000000); 12.4778
(2.000000,0.688000,0.000000); 12.4722
(2.000000,0.692000,0.000000); 12.4665
(2.000000,0.696000,0.000000); 12.4609
(2.000000,0.700000,0.000000); 12.4553
(2.000000,0.704000,0.000000); 12.4497
(2.000000,0.708000,0.000000); 12.4441
(2.000000,0.712000,0.000000); 12.4384
(2.000000,0.716000,0.000000); 12.4328
(2.000000,0.720000,0.000000); 12.4272
(2.000000,0.724000,0.000000); 12.4216
(2.000000,0.728000,0.000000); 12.416
(2.000000,0.732000,0.000000); 12.4103
(2.000000,0.736000,0.000000); 12.4048
(2.000000,0.740000,0.000000); 12.3993
(2.000000,0.744000,0.000000); 12.3939
(2.000000,0.748000,0.000000); 12.3885
(2.000000,0.752000,0.000000); 12.383
(2.000000,0.756000,0.000000); 12.3776
(2.000000,0.760000,0.000000); 12.3722
(2.000000,0.764000,0.000000); 12.3668
(2.000000,0.768000,0.000000); 12.3613
(2.000000,0.772000,0.000000); 12.3559
(2.000000,0.776000,0.000000); 12.3505
(2.000000,0.780000,0.000000); 12.3451
(2.000000,0.784000,0.000000); 12.3396
(2.000000,0.788000,0.000000); 12.3342
(2.000000,0.792000,0.000000); 12.3288
(2.000000,0.796000,0.000000); 12.3234
(2.000000,0.800000,0.000000); 12.3179
(2.000000,0.804000,0.000000); 12.3125
(2.000000,0.808000,0.000000); 12.3071
(2.000000,0.812000,0.000000); 12.3016
(2.000000,0.816000,0.000000); 12.2961
(2.000000,0.820000,0.000000); 12.2907
(2.000000,0.824000,0.000000); 12.2852
(2.000000,0.828000,0.000000); 12.2797
(2.000000,0.832000,0.000000); 12.2743
(2.000000,0.836000,0.000000); 12.2688
(2.000000,0.840000,0.000000); 12.2633
(2.000000,0.844000,0.000000); 12.2579
(2.000000,0.848000,0.000000); 12.2525
(2.000000,0.852000,0.000000); 12.2471
(2.000000,0.856000,0.000000); 12.2418
(2.000000,0.860000,0.000000); 12.2365
(2.000000,0.864000,0.000000); 12.2312
(2.000000,0.868000,0.000000); 12.2259
(2.000000,0.872000,0.000000); 12.2206
(2.000000,0.876000,0.000000); 12.2153
(2.000000,0.880000,0.000000); 12.2101
(2.000000,0.884000,0.000000); 12.2048
(2.000000,0.888000,0.000000); 12.1994
(2.000000,0.892000,0.000000); 12.1941
(2.000000,0.896000,0.000000); 12.1888
(2.000000,0.900000,0.000000); 12.1835
(2.000000,0.904000,0.000000); 12.1782
(2.000000,0.908000,0.000000); 12.1729
(2.000000,0.912000,0.000000); 12.1675
(2.000000,0.916000,0.000000); 12.1622
(2.000000,0.920000,0.000000); 12.1569
(2.000000,0.924000,0.000000); 12.1516
(2.000000,0.928000,0.000000); 12.1463
(2.000000,0.932000,0.000000); 12.141
(2.000000,0.936000,0.000000); 12.1356
(2.000000,0.940000,0.000000); 12.1303
(2.000000,0.944000,0.000000); 12.125
(2.000000,0.948000,0.000000); 12.1197
(2.000000,0.952000,0.000000); 12.1144
(2.000000,0.956000,0.000000); 12.109
(2.000000,0.960000,0.000000); 12.1037
(2.000000,0.964000,0.000000); 12.0984
(2.000000,0.968000,0.000000); 12.0931
(2.000000,0.972000,0.000000); 12.0878
(2.000000,0.976000,0.000000); 12.0825
(2.000000,0.980000,0.000000); 12.0771
(2.000000,0.984000,0.000000); 12.0719
(2.000000,0.988000,0.000000); 12.0667
(2.000000,0.992000,0.000000); 12.0615
(2.000000,0.996000,0.000000); 12.0563
(2.000000,1.000000,0.000000); 12.0512
(2.000000,1.004000,0.000000); 12.046
(2.000000,1.008000,0.000000); 12.0408
(2.000000,1.012000,0.000000); 12.0356
(2.000000,1.016000,0.000000); 12.0304
(2.000000,1.020000,0.000000); 12.0252
(2.000000,1.024000,0.000000); 12.02
(2.000000,1.028000,0.000000); 12.0148
(2.000000,1.032000,0.000000); 12.0096
(2.000000,1.036000,0.000000); 12.0044
(2.000000,1.040000,0.000000); 11.9993
(2.000000,1.044000,0.000000); 11.9941
(2.000000,1.048000,0.000000); 11.9889
(2.000000,1.052000,0.000000); 11.9837
(2.000000,1.056000,0.000000); 11.9785
(2.000000,1.060000,0.000000); 11.9733
(2.000000,1.064000,0.000000); 11.9681
(2.000000,1.068000,0.000000); 11.9629
(2.000000,1.072000,0.000000); 11.9577
(2.000000,1.076000,0.000000); 11.9525
(2.000000,1.080000,0.000000); 11.9473
(2.000000,1.084000,0.000000); 11.9421
(2.000000,1.088000,0.000000); 11.9369
(2.000000,1.092000,0.000000); 11.9317
(2.000000,1.096000,0.000000); 11.9265
(2.000000,1.100000,0.000000); 11.9212
(2.000000,1.104000,0.000000); 11.916
(2.000000,1.108000,0.000000); 11.9108
(2.000000,1.112000,0.000000); 11.9056
(2.000000,1.116000,0.000000); 11.9004
(2.000000,1.120000,0.000000); 11.8953
(2.000000,1.124000,0.000000); 11.8902
(2.000000,1.128000,0.000000); 11.885
(2.000000,1.132000,0.000000); 11.8799
(2.000000,1.136000,0.000000); 11.8748
(2.000000,1.140000,0.000000); 11.8697
(2.000000,1.144000,0.000000); 11.8646
(2.000000,1.148000,0.000000); 11.8594
(2.000000,1.152000,0.000000); 11.8543
(2.000000,1.156000,0.000000); 11.8492
(2.000000,1.160000,0.000000); 11.8441
(2.000000,1.164000,0.000000); 11.8389
(2.000000,1.168000,0.000000); 11.8338
(2.000000,1.172000,0.000000); 11.8287
(2.000000,1.176000,0.000000); 11.8235
(2.000000,1.180000,0.000000); 11.8184
(2.000000,1.184000,0.000000); 11.8133
(2.000000,1.188000,0.000000); 11.8082
(2.000000,1.192000,0.000000); 11.803
(2.000000,1.196000,0.000000); 11.7979
(2.000000,1.200000,0.000000); 11.7928
(2.000000,1.204000,0.000000); 11.7876
(2.000000,1.208000,0.000000); 11.7825
(2.000000,1.212000,0.000000); 11.7774
(2.000000,1.216000,0.000000); 11.7723
(2.000000,1.220000,0.000000); 11.7671
(2.000000,1.224000,0.000000); 11.762
(2.000000,1.228000,0.000000); 11.7569
(2.000000,1.232000,0.000000); 11.7517
(2.000000,1.236000,0.000000); 11.7466
(2.000000,1.240000,0.000000); 11.7415
(2.000000,1.244000,0.000000); 11.7364
(2.000000,1.248000,0.000000); 11.7312
(2.000000,1.252000,0.000000); 11.7262
(2.000000,1.256000,0.000000); 11.7211
(2.000000,1.260000,0.000000); 11.7161
(2.000000,1.264000,0.000000); 11.711
(2.000000,1.268000,0.000000); 11.706
(2.000000,1.272000,0.000000); 11.7009
(2.000000,1.276000,0.000000); 11.6959
(2.000000,1.280000,0.000000); 11.6908
(2.000000,1.284000,0.000000); 11.6857
(2.000000,1.288000,0.000000); 11.6807
(2.000000,1.292000,0.000000); 11.6756
(2.000000,1.296000,0.000000); 11.6706
(2.000000,1.300000,0.000000); 11.6655
(2.000000,1.304000,0.000000); 11.6605
(2.000000,1.308000,0.000000); 11.6554
(2.000000,1.312000,0.000000); 11.6504
(2.000000,1.316000,0.000000); 11.6453
(2.000000,1.320000,0.000000); 11.6402
(2.000000,1.324000,0.000000); 11.6352
(2.000000,1.328000,0.000000); 11.6301
(2.000000,1.332000,0.000000); 11.6251
(2.000000,1.336000,0.000000); 11.62
(2.000000,1.340000,0.000000); 11.615
(2.000000,1.344000,0.000000); 11.6099
(2.000000,1.348000,0.000000); 11.6048
(2.000000,1.352000,0.000000); 11.5998
(2.000000,1.356000,0.000000); 11.5947
(2.000000,1.360000,0.000000); 11.5896
(2.000000,1.364000,0.000000); 11.5845
(2.000000,1.368000,0.000000); 11.5795
(2.000000,1.372000,0.000000); 11.5744
(2.000000,1.376000,0.000000); 11.5693
(2.000000,1.380000,0.000000); 11.5643
(2.000000,1.384000,0.000000); 11.5592
(2.000000,1.388000,0.000000); 11.5542
(2.000000,1.392000,0.000000); 11.5492
(2.000000,1.396000,0.000000); 11.5442
(2.000000,1.400000,0.000000); 11.5391
(2.000000,1.404000,0.000000); 11.5341
(2.000000,1.408000,0.000000); 11.5291
(2.000000,1.412000,0.000000); 11.524
(2.000000,1.416000,0.000000); 11.519
(2.000000,1.420000,0.000000); 11.514
(2.000000,1.424000,0.000000); 11.5089
(2.000000,1.428000,0.000000); 11.5039
(2.000000,1.432000,0.000000); 11.4989
(2.000000,1.436000,0.000000); 11.4938
(2.000000,1.440000,0.000000); 11.4888
(2.000000,1.444000,0.000000); 11.4838
(2.000000,1.448000,0.000000); 11.4787
(2.000000,1.452000,0.000000); 11.4737
(2.000000,1.456000,0.000000); 11.4687
(2.000000,1.460000,0.000000); 11.4637
(2.000000,1.464000,0.000000); 11.4587
(2.000000,1.468000,0.000000); 11.4537
(2.000000,1.472000,0.000000); 11.4487
(2.000000,1.476000,0.000000); 11.4437
(2.000000,1.480000,0.000000); 11.4387
(2.000000,1.484000,0.000000); 11.4337
(2.000000,1.488000,0.000000); 11.4288
(2.000000,1.492000,0.000000); 11.4238
(2.000000,1.496000,0.000000); 11.4188
(2.000000,1.500000,0.000000); 11.4138
(2.000000,1.504000,0.000000); 11.4088
(2.000000,1.508000,0.000000); 11.4038
(2.000000,1.512000,0.000000); 11.3988
(2.000000,1.516000,0.000000); 11.3938
(2.000000,1.520000,0.000000); 11.3888
(2.000000,1.524000,0.000000); 11.3838
(2.000000,1.528000,0.000000); 11.3788
(2.000000,1.532000,0.000000); 11.3738
(2.000000,1.536000,0.000000); 11.3688
(2.000000,1.540000,0.000000); 11.3638
(2.000000,1.544000,0.000000); 11.3588
(2.000000,1.548000,0.000000); 11.3538
(2.000000,1.552000,0.000000); 11.3488
(2.000000,1.556000,0.000000); 11.3438
(2.000000,1.560000,0.000000); 11.3388
(2.000000,1.564000,0.000000); 11.3338
(2.000000,1.568000,0.000000); 11.3288
(2.000000,1.572000,0.000000); 11.3238
(2.000000,1.576000,0.000000); 11.3189
(2.000000,1.580000,0.000000); 11.3139
(2.000000,1.584000,0.000000); 11.3089
(2.000000,1.588000,0.000000); 11.3039
(2.000000,1.592000,0.000000); 11.299
(2.000000,1.596000,0.000000); 11.294
(2.000000,1.600000,0.000000); 11.289
(2.000000,1.604000,0.000000); 11.2841
(2.000000,1.608000,0.000000); 11.2791
(2.000000,1.612000,0.000000); 11.2741
(2.000000,1.616000,0.000000); 11.2692
(2.000000,1.620000,0.000000); 11.2642
(2.000000,1.624000,0.000000); 11.2592
(2.000000,1.628000,0.000000); 11.2543
(2.000000,1.632000,0.000000); 11.2493
(2.000000,1.636000,0.000000); 11.2443
(2.000000,1.640000,0.000000); 11.2394
(2.000000,1.644000,0.000000); 11.2344
(2.000000,1.648000,0.000000); 11.2295
(2.000000,1.652000,0.000000); 11.2245
(2.000000,1.656000,0.000000); 11.2195
(2.000000,1.660000,0.000000); 11.2146
(2.000000,1.664000,0.000000); 11.2096
(2.000000,1.668000,0.000000); 11.2046
(2.000000,1.672000,0.000000); 11.1997
(2.000000,1.676000,0.000000); 11.1947
(2.000000,1.680000,0.000000); 11.1898
(2.000000,1.684000,0.000000); 11.1848
(2.000000,1.688000,0.000000); 11.1799
(2.000000,1.692000,0.000000); 11.1749
(2.000000,1.696000,0.000000); 11.1699
(2.000000,1.700000,0.000000); 11.165
(2.000000,1.704000,0.000000); 11.16
(2.000000,1.708000,0.000000); 11.1551
(2.000000,1.712000,0.000000); 11.1501
(2.000000,1.716000,0.000000); 11.1452
(2.000000,1.720000,0.000000); 11.1402
(2.000000,1.724000,0.000000); 11.1353
(2.000000,1.728000,0.000000); 11.1303
(2.000000,1.732000,0.000000); 11.1254
(2.000000,1.736000,0.000000); 11.1204
(2.000000,1.740000,0.000000); 11.1155
(2.000000,1.744000,0.000000); 11.1106
(2.000000,1.748000,0.000000); 11.1056
(2.000000,1.752000,0.000000); 11.1007
(2.000000,1.756000,0.000000); 11.0957
(2.000000,1.760000,0.000000); 11.0908
(2.000000,1.764000,0.000000); 11.0858
(2.000000,1.768000,0.000000); 11.0809
(2.000000,1.772000,0.000000); 11.076
(2.000000,1.776000,0.000000); 11.071
(2.000000,1.780000,0.000000); 11.0661
(2.000000,1.784000,0.000000); 11.0611
(2.000000,1.788000,0.000000); 11.0562
(2.000000,1.792000,0.000000); 11.0513
(2.000000,1.796000,0.000000); 11.0463
(2.000000,1.800000,0.000000); 11.0414
(2.000000,1.804000,0.000000); 11.0364
(2.000000,1.808000,0.000000); 11.0315
(2.000000,1.812000,0.000000); 11.0266
(2.000000,1.816000,0.000000); 11.0217
(2.000000,1.820000,0.000000); 11.0167
(2.000000,1.824000,0.000000); 11.0118
(2.000000,1.828000,0.000000); 11.0069
(2.000000,1.832000,0.000000); 11.0019
(2.000000,1.836000,0.000000); 10.997
(2.000000,1.840000,0.000000); 10.9921
(2.000000,1.844000,0.000000); 10.9872
(2.000000,1.848000,0.000000); 10.9822
(2.000000,1.852000,0.000000); 10.9773
(2.000000,1.856000,0.000000); 10.9724
(2.000000,1.860000,0.000000); 10.9675
(2.000000,1.864000,0.000000); 10.9625
(2.000000,1.868000,0.000000); 10.9576
(2.000000,1.872000,0.000000); 10.9527
(2.000000,1.876000,0.000000); 10.9478
(2.000000,1.880000,0.000000); 10.9428
(2.000000,1.884000,0.000000); 10.9379
(2.000000,1.888000,0.000000); 10.933
(2.000000,1.892000,0.000000); 10.9281
(2.000000,1.896000,0.000000); 10.9231
(2.000000,1.900000,0.000000); 10.9182
(2.000000,1.904000,0.000000); 10.9133
(2.000000,1.908000,0.000000); 10.9084
(2.000000,1.912000,0.000000); 10.9035
(2.000000,1.916000,0.000000); 10.8986
(2.000000,1.920000,0.000000); 10.8936
(2.000000,1.924000,0.000000); 10.8887
(2.000000,1.928000,0.000000); 10.8838
(2.000000,1.932000,0.000000); 10.8789
(2.000000,1.936000,0.000000); 10.874
(2.000000,1.940000,0.000000); 10.8691
(2.000000,1.944000,0.000000); 10.8642
(2.000000,1.948000,0.000000); 10.8592
(2.000000,1.952000,0.000000); 10.8543
(2.000000,1.956000,0.000000); 10.8494
(2.000000,1.960000,0.000000); 10.8445
(2.000000,1.964000,0.000000); 10.8396
(2.000000,1.968000,0.000000); 10.8347
(2.000000,1.972000,0.000000); 10.8298
(2.000000,1.976000,0.000000); 10.8248
(2.000000,1.980000,0.000000); 10.8199
(2.000000,1.984000,0.000000); 10.815
(2.000000,1.988000,0.000000); 10.8101
(2.000000,1.992000,0.000000); 10.8052
(2.000000,1.996000,0.000000); 10.8003
(2.000000,2.000000,0.000000); 10.7954
(2.000000,2.004000,0.000000); 10.7905
(2.000000,2.008000,0.000000); 10.7856
(2.000000,2.012000,0.000000); 10.7807
(2.000000,2.016000,0.000000); 10.7758
(2.000000,2.020000,0.000000); 10.7709
(2.000000,2.024000,0.000000); 10.766
(2.000000,2.028000,0.000000); 10.7611
(2.000000,2.032000,0.000000); 10.7562
(2.000000,2.036000,0.000000); 10.7513
(2.000000,2.040000,0.000000); 10.7464
(2.000000,2.044000,0.000000); 10.7415
(2.000000,2.048000,0.000000); 10.7366
(2.000000,2.052000,0.000000); 10.7317
(2.000000,2.056000,0.000000); 10.7268
(2.000000,2.060000,0.000000); 10.7219
(2.000000,2.064000,0.000000); 10.717
(2.000000,2.068000,0.000000); 10.7121
(2.000000,2.072000,0.000000); 10.7072
(2.000000,2.076000,0.000000); 10.7023
(2.000000,2.080000,0.000000); 10.6974
(2.000000,2.084000,0.000000); 10.6925
(2.000000,2.088000,0.000000); 10.6876
(2.000000,2.092000,0.000000); 10.6827
(2.000000,2.096000,0.000000); 10.6778
(2.000000,2.100000,0.000000); 10.6729
(2.000000,2.104000,0.000000); 10.668
(2.000000,2.108000,0.000000); 10.6631
(2.000000,2.112000,0.000000); 10.6582
(2.000000,2.116000,0.000000); 10.6533
(2.000000,2.120000,0.000000); 10.6484
(2.000000,2.124000,0.000000); 10.6435
(2.000000,2.128000,0.000000); 10.6386
(2.000000,2.132000,0.000000); 10.6337
(2.000000,2.136000,0.000000); 10.6288
(2.000000,2.140000,0.000000); 10.6239
(2.000000,2.144000,0.000000); 10.619
(2.000000,2.148000,0.000000); 10.6142
(2.000000,2.152000,0.000000); 10.6093
(2.000000,2.156000,0.000000); 10.6044
(2.000000,2.160000,0.000000); 10.5995
(2.000000,2.164000,0.000000); 10.5946
(2.000000,2.168000,0.000000); 10.5897
(2.000000,2.172000,0.000000); 10.5848
(2.000000,2.176000,0.000000); 10.5799
(2.000000,2.180000,0.000000); 10.575
(2.000000,2.184000,0.000000); 10.5701
(2.000000,2.188000,0.000000); 10.5653
(2.000000,2.192000,0.000000); 10.5604
(2.000000,2.196000,0.000000); 10.5555
(2.000000,2.200000,0.000000); 10.5506
(2.000000,2.204000,0.000000); 10.5457
(2.000000,2.208000,0.000000); 10.5408
(2.000000,2.212000,0.000000); 10.536
(2.000000,2.216000,0.000000); 10.5311
(2.000000,2.220000,0.000000); 10.5262
(2.000000,2.224000,0.000000); 10.5213
(2.000000,2.228000,0.000000); 10.5164
(2.000000,2.232000,0.000000); 10.5115
(2.000000,2.236000,0.000000); 10.5067
(2.000000,2.240000,0.000000); 10.5018
(2.000000,2.244000,0.000000); 10.4969
(2.000000,2.248000,0.000000); 10.492
(2.000000,2.252000,0.000000); 10.4871
(2.000000,2.256000,0.000000); 10.4822
(2.000000,2.260000,0.000000); 10.4773
(2.000000,2.264000,0.000000); 10.4725
(2.000000,2.268000,0.000000); 10.4676
(2.000000,2.272000,0.000000); 10.4627
(2.000000,2.276000,0.000000); 10.4578
(2.000000,2.280000,0.000000); 10.453
(2.000000,2.284000,0.000000); 10.4481
(2.000000,2.288000,0.000000); 10.4432
(2.000000,2.292000,0.000000); 10.4383
(2.000000,2.296000,0.000000); 10.4334
(2.000000,2.300000,0.000000); 10.4286
(2.000000,2.304000,0.000000); 10.4237
(2.000000,2.308000,0.000000); 10.4188
(2.000000,2.312000,0.000000); 10.4139
(2.000000,2.316000,0.000000); 10.4091
(2.000000,2.320000,0.000000); 10.4042
(2.000000,2.324000,0.000000); 10.3993
(2.000000,2.328000,0.000000); 10.3944
(2.000000,2.332000,0.000000); 10.3895
(2.000000,2.336000,0.000000); 10.3847
(2.000000,2.340000,0.000000); 10.3798
(2.000000,2.344000,0.000000); 10.3749
(2.000000,2.348000,0.000000); 10.37
(2.000000,2.352000,0.000000); 10.3652
(2.000000,2.356000,0.000000); 10.3603
(2.000000,2.360000,0.000000); 10.3554
(2.000000,2.364000,0.000000); 10.3505
(2.000000,2.368000,0.000000); 10.3457
(2.000000,2.372000,0.000000); 10.3408
(2.000000,2.376000,0.000000); 10.3359
(2.000000,2.380000,0.000000); 10.3311
(2.000000,2.384000,0.000000); 10.3262
(2.000000,2.388000,0.000000); 10.3213
(2.000000,2.392000,0.000000); 10.3164
(2.000000,2.396000,0.000000); 10.3116
(2.000000,2.400000,0.000000); 10.3067
(2.000000,2.404000,0.000000); 10.3018
(2.000000,2.408000,0.000000); 10.2969
(2.000000,2.412000,0.000000); 10.2921
(2.000000,2.416000,0.000000); 10.2872
(2.000000,2.420000,0.000000); 10.2823
(2.000000,2.424000,0.000000); 10.2775
(2.000000,2.428000,0.000000); 10.2726
(2.000000,2.432000,0.000000); 10.2677
(2.000000,2.436000,0.000000); 10.2628
(2.000000,2.440000,0.000000); 10.258
(2.000000,2.444000,0.000000); 10.2531
(2.000000,2.448000,0.000000); 10.2482
(2.000000,2.452000,0.000000); 10.2434
(2.000000,2.456000,0.000000); 10.2385
(2.000000,2.460000,0.000000); 10.2336
(2.000000,2.464000,0.000000); 10.2288
(2.000000,2.468000,0.000000); 10.2239
(2.000000,2.472000,0.000000); 10.219
(2.000000,2.476000,0.000000); 10.2142
(2.000000,2.480000,0.000000); 10.2093
(2.000000,2.484000,0.000000); 10.2045
(2.000000,2.488000,0.000000); 10.1996
(2.000000,2.492000,0.000000); 10.1947
(2.000000,2.496000,0.000000); 10.1899
(2.000000,2.500000,0.000000); 10.185
(2.000000,2.504000,0.000000); 10.1801
(2.000000,2.508000,0.000000); 10.1753
(2.000000,2.512000,0.000000); 10.1704
(2.000000,2.516000,0.000000); 10.1656
(2.000000,2.520000,0.000000); 10.1607
(2.000000,2.524000,0.000000); 10.1558
(2.000000,2.528000,0.000000); 10.151
(2.000000,2.532000,0.000000); 10.1461
(2.000000,2.536000,0.000000); 10.1412
(2.000000,2.540000,0.000000); 10.1364
(2.000000,2.544000,0.000000); 10.1315
(2.000000,2.548000,0.000000); 10.1266
(2.000000,2.552000,0.000000); 10.1218
(2.000000,2.556000,0.000000); 10.1169
(2.000000,2.560000,0.000000); 10.112
(2.000000,2.564000,0.000000); 10.1071
(2.000000,2.568000,0.000000); 10.1023
(2.000000,2.572000,0.000000); 10.0974
(2.000000,2.576000,0.000000); 10.0925
(2.000000,2.580000,0.000000); 10.0877
(2.000000,2.584000,0.000000); 10.0828
(2.000000,2.588000,0.000000); 10.0779
(2.000000,2.592000,0.000000); 10.073
(2.000000,2.596000,0.000000); 10.0682
(2.000000,2.600000,0.000000); 10.0633
(2.000000,2.604000,0.000000); 10.0584
(2.000000,2.608000,0.000000); 10.0536
(2.000000,2.612000,0.000000); 10.0487
(2.000000,2.616000,0.000000); 10.0438
(2.000000,2.620000,0.000000); 10.0389
(2.000000,2.624000,0.000000); 10.0341
(2.000000,2.628000,0.000000); 10.0292
(2.000000,2.632000,0.000000); 10.0243
(2.000000,2.636000,0.000000); 10.0195
(2.000000,2.640000,0.000000); 10.0147
(2.000000,2.644000,0.000000); 10.0099
(2.000000,2.648000,0.000000); 10.005
(2.000000,2.652000,0.000000); 10.0002
(2.000000,2.656000,0.000000); 9.99536
(2.000000,2.660000,0.000000); 9.99052
(2.000000,2.664000,0.000000); 9.98569
(2.000000,2.668000,0.000000); 9.98086
(2.000000,2.672000,0.000000); 9.97603
(2.000000,2.676000,0.000000); 9.9712
(2.000000,2.680000,0.000000); 9.96636
(2.000000,2.684000,0.000000); 9.96153
(2.000000,2.688000,0.000000); 9.9567
(2.000000,2.692000,0.000000); 9.95187
(2.000000,2.696000,0.000000); 9.94703
(2.000000,2.700000,0.000000); 9.9422
(2.000000,2.704000,0.000000); 9.93737
(2.000000,2.708000,0.000000); 9.93254
(2.000000,2.712000,0.000000); 9.92771
(2.000000,2.716000,0.000000); 9.92287
(2.000000,2.720000,0.000000); 9.91804
(2.000000,2.724000,0.000000); 9.91321
(2.000000,2.728000,0.000000); 9.90838
(2.000000,2.732000,0.000000); 9.90354
(2.000000,2.736000,0.000000); 9.89871
(2.000000,2.740000,0.000000); 9.89388
(2.000000,2.744000,0.000000); 9.88905
(2.000000,2.748000,0.000000); 9.88422
(2.000000,2.752000,0.000000); 9.87938
(2.000000,2.756000,0.000000); 9.87455
(2.000000,2.760000,0.000000); 9.86972
(2.000000,2.764000,0.000000); 9.86474
(2.000000,2.768000,0.000000); 9.85975
(2.000000,2.772000,0.000000); 9.85476
(2.000000,2.776000,0.000000); 9.84978
(2.000000,2.780000,0.000000); 9.84479
(2.000000,2.784000,0.000000); 9.83981
(2.000000,2.788000,0.000000); 9.83482
(2.000000,2.792000,0.000000); 9.82983
(2.000000,2.796000,0.000000); 9.82485
(2.000000,2.800000,0.000000); 9.81986
(2.000000,2.804000,0.000000); 9.81488
(2.000000,2.808000,0.000000); 9.80989
(2.000000,2.812000,0.000000); 9.80491
(2.000000,2.816000,0.000000); 9.79992
(2.000000,2.820000,0.000000); 9.79493
(2.000000,2.824000,0.000000); 9.78995
(2.000000,2.828000,0.000000); 9.78496
(2.000000,2.832000,0.000000); 9.77998
(2.000000,2.836000,0.000000); 9.77499
(2.000000,2.840000,0.000000); 9.77001
(2.000000,2.844000,0.000000); 9.76502
(2.000000,2.848000,0.000000); 9.76003
(2.000000,2.852000,0.000000); 9.75505
(2.000000,2.856000,0.000000); 9.75006
(2.000000,2.860000,0.000000); 9.74508
(2.000000,2.864000,0.000000); 9.74009
(2.000000,2.868000,0.000000); 9.73511
(2.000000,2.872000,0.000000); 9.73012
(2.000000,2.876000,0.000000); 9.72516
(2.000000,2.880000,0.000000); 9.72025
(2.000000,2.884000,0.000000); 9.71535
(2.000000,2.888000,0.000000); 9.71044
(2.000000,2.892000,0.000000); 9.70572
(2.000000,2.896000,0.000000); 9.70123
(2.000000,2.900000,0.000000); 9.69673
(2.000000,2.904000,0.000000); 9.69224
(2.000000,2.908000,0.000000); 9.68775
(2.000000,2.912000,0.000000); 9.68334
(2.000000,2.916000,0.000000); 9.67894
(2.000000,2.920000,0.000000); 9.67453
(2.000000,2.924000,0.000000); 9.67012
(2.000000,2.928000,0.000000); 9.66572
(2.000000,2.932000,0.000000); 9.66131
(2.000000,2.936000,0.000000); 9.6569
(2.000000,2.940000,0.000000); 9.6525
(2.000000,2.944000,0.000000); 9.64809
(2.000000,2.948000,0.000000); 9.64368
(2.000000,2.952000,0.000000); 9.63928
(2.000000,2.956000,0.000000); 9.63487
(2.000000,2.960000,0.000000); 9.63046
(2.000000,2.964000,0.000000); 9.62605
(2.000000,2.968000,0.000000); 9.62165
(2.000000,2.972000,0.000000); 9.61724
(2.000000,2.976000,0.000000); 9.61283
(2.000000,2.980000,0.000000); 9.60843
(2.000000,2.984000,0.000000); 9.60402
(2.000000,2.988000,0.000000); 9.59961
(2.000000,2.992000,0.000000); 9.59521
(2.000000,2.996000,0.000000); 9.5908
(2.000000,3.000000,0.000000); 9.58639
(2.000000,3.004000,0.000000); 9.58199
(2.000000,3.008000,0.000000); 9.57758
(2.000000,3.012000,0.000000); 9.57317
(2.000000,3.016000,0.000000); 9.56877
(2.000000,3.020000,0.000000); 9.56436
(2.000000,3.024000,0.000000); 9.55585
(2.000000,3.028000,0.000000); 9.5469
(2.000000,3.032000,0.000000); 9.53795
(2.000000,3.036000,0.000000); 9.529
(2.000000,3.040000,0.000000); 9.52005
(2.000000,3.044000,0.000000); 9.5111
(2.000000,3.048000,0.000000); 9.50216
(2.000000,3.052000,0.000000); 9.49321
(2.000000,3.056000,0.000000); 9.48426
(2.000000,3.060000,0.000000); 9.47531
(2.000000,3.064000,0.000000); 9.46636
(2.000000,3.068000,0.000000); 9.45741
(2.000000,3.072000,0.000000); 9.44846
(2.000000,3.076000,0.000000); 9.43951
(2.000000,3.080000,0.000000); 9.43056
(2.000000,3.084000,0.000000); 9.42161
(2.000000,3.088000,0.000000); 9.41266
(2.000000,3.092000,0.000000); 9.40371
(2.000000,3.096000,0.000000); 9.39476
(2.000000,3.100000,0.000000); 9.38581
(2.000000,3.104000,0.000000); 9.37686
(2.000000,3.108000,0.000000); 9.36792
(2.000000,3.112000,0.000000); 9.35897
(2.000000,3.116000,0.000000); 9.35002
(2.000000,3.120000,0.000000); 9.34148
(2.000000,3.124000,0.000000); 9.33598
(2.000000,3.128000,0.000000); 9.33048
(2.000000,3.132000,0.000000); 9.32499
(2.000000,3.136000,0.000000); 9.31949
(2.000000,3.140000,0.000000); 9.31399
(2.000000,3.144000,0.000000); 9.30443
(2.000000,3.148000,0.000000); 9.28525
(2.000000,3.152000,0.000000); 9.26608
(2.000000,3.156000,0.000000); 9.25671
(2.000000,3.160000,0.000000); 9.29592
(2.000000,3.164000,0.000000); 9.33514
(2.000000,3.168000,0.000000); 9.37435
(2.000000,3.172000,0.000000); 9.41356
(2.000000,3.176000,0.000000); 9.45277
(2.000000,3.180000,0.000000); 9.49199
(2.000000,3.184000,0.000000); 9.5312
(2.000000,3.188000,0.000000); 9.57041
(2.000000,3.192000,0.000000); 9.60962
(2.000000,3.196000,0.000000); 9.64511
(2.000000,3.200000,0.000000); 9.67472
(2.000000,3.204000,0.000000); 9.70432
(2.000000,3.208000,0.000000); 9.73392
(2.000000,3.212000,0.000000); 9.76352
(2.000000,3.216000,0.000000); 9.79312
(2.000000,3.220000,0.000000); 9.82272
(2.000000,3.224000,0.000000); 9.85232
(2.000000,3.228000,0.000000); 9.88193
(2.000000,3.232000,0.000000); 9.91153
(2.000000,3.236000,0.000000); 9.94113
(2.000000,3.240000,0.000000); 9.97073
(2.000000,3.244000,0.000000); 10.0003
(2.000000,3.248000,0.000000); 10.0299
(2.000000,3.252000,0.000000); 10.0595
(2.000000,3.256000,0.000000); 10.0891
(2.000000,3.260000,0.000000); 10.1187
(2.000000,3.264000,0.000000); 10.1483
(2.000000,3.268000,0.000000); 10.1541
(2.000000,3.272000,0.000000); 10.1552
(2.000000,3.276000,0.000000); 10.1563
(2.000000,3.280000,0.000000); 10.1574
(2.000000,3.284000,0.000000); 10.1584
(2.000000,3.288000,0.000000); 10.1595
(2.000000,3.292000,0.000000); 10.1606
(2.000000,3.296000,0.000000); 10.1617
(2.000000,3.300000,0.000000); 10.1628
(2.000000,3.304000,0.000000); 10.1639
(2.000000,3.308000,0.000000); 10.165
(2.000000,3.312000,0.000000); 10.166
(2.000000,3.316000,0.000000); 10.1672
(2.000000,3.320000,0.000000); 10.1684
(2.000000,3.324000,0.000000); 10.1697
(2.000000,3.328000,0.000000); 10.171
(2.000000,3.332000,0.000000); 10.1722
(2.000000,3.336000,0.000000); 10.1735
(2.000000,3.340000,0.000000); 10.1747
(2.000000,3.344000,0.000000); 10.176
(2.000000,3.348000,0.000000); 10.1773
(2.000000,3.352000,0.000000); 10.1785
(2.000000,3.356000,0.000000); 10.1798
(2.000000,3.360000,0.000000); 10.1811
(2.000000,3.364000,0.000000); 10.1823
(2.000000,3.368000,0.000000); 10.1836
(2.000000,3.372000,0.000000); 10.1849
(2.000000,3.376000,0.000000); 10.1861
(2.000000,3.380000,0.000000); 10.1874
(2.000000,3.384000,0.000000); 10.1885
(2.000000,3.388000,0.000000); 10.1886
(2.000000,3.392000,0.000000); 10.1886
(2.000000,3.396000,0.000000); 10.1887
(2.000000,3.400000,0.000000); 10.1888
(2.000000,3.404000,0.000000); 10.1889
(2.000000,3.408000,0.000000); 10.1889
(2.000000,3.412000,0.000000); 10.189
(2.000000,3.416000,0.000000); 10.1891
(2.000000,3.420000,0.000000); 10.1892
(2.000000,3.424000,0.000000); 10.1893
(2.000000,3.428000,0.000000); 10.1893
(2.000000,3.432000,0.000000); 10.1894
(2.000000,3.436000,0.000000); 10.1895
(2.000000,3.440000,0.000000); 10.1896
(2.000000,3.444000,0.000000); 10.1896
(2.000000,3.448000,0.000000); 10.1897
(2.000000,3.452000,0.000000); 10.1898
(2.000000,3.456000,0.000000); 10.1899
(2.000000,3.460000,0.000000); 10.1899
(2.000000,3.464000,0.000000); 10.19
(2.000000,3.468000,0.000000); 10.1901
(2.000000,3.472000,0.000000); 10.1902
(2.000000,3.476000,0.000000); 10.1903
(2.000000,3.480000,0.000000); 10.1903
(2.000000,3.484000,0.000000); 10.1904
(2.000000,3.488000,0.000000); 10.1905
(2.000000,3.492000,0.000000); 10.1905
(2.000000,3.496000,0.000000); 10.1906
(2.000000,3.500000,0.000000); 10.1907
(2.000000,3.504000,0.000000); 10.1907
(2.000000,3.508000,0.000000); 10.1908
(2.000000,3.512000,0.000000); 10.1908
(2.000000,3.516000,0.000000); 10.1908
(2.000000,3.520000,0.000000); 10.1908
(2.000000,3.524000,0.000000); 10.1909
(2.000000,3.528000,0.000000); 10.1909
(2.000000,3.532000,0.000000); 10.1909
(2.000000,3.536000,0.000000); 10.1909
(2.000000,3.540000,0.000000); 10.191
(2.000000,3.544000,0.000000); 10.191
(2.000000,3.548000,0.000000); 10.191
(2.000000,3.552000,0.000000); 10.1911
(2.000000,3.556000,0.000000); 10.1911
(2.000000,3.560000,0.000000); 10.1911
(2.000000,3.564000,0.000000); 10.1911
(2.000000,3.568000,0.000000); 10.1912
(2.000000,3.572000,0.000000); 10.1912
(2.000000,3.576000,0.000000); 10.1912
(2.000000,3.580000,0.000000); 10.1912
(2.000000,3.584000,0.000000); 10.1913
(2.000000,3.588000,0.000000); 10.1913
(2.000000,3.592000,0.000000); 10.1913
(2.000000,3.596000,0.000000); 10.1913
(2.000000,3.600000,0.000000); 10.1914
(2.000000,3.604000,0.000000); 10.1914
(2.000000,3.608000,0.000000); 10.1914
(2.000000,3.612000,0.000000); 10.1915
(2.000000,3.616000,0.000000); 10.1915
(2.000000,3.620000,0.000000); 10.1915
(2.000000,3.624000,0.000000); 10.1915
(2.000000,3.628000,0.000000); 10.1916
(2.000000,3.632000,0.000000); 10.1916
(2.000000,3.636000,0.000000); 10.1916
(2.000000,3.640000,0.000000); 10.1916
(2.000000,3.644000,0.000000); 10.1916
(2.000000,3.648000,0.000000); 10.1917
(2.000000,3.652000,0.000000); 10.1917
(2.000000,3.656000,0.000000); 10.1917
(2.000000,3.660000,0.000000); 10.1917
(2.000000,3.664000,0.000000); 10.1918
(2.000000,3.668000,0.000000); 10.1918
(2.000000,3.672000,0.000000); 10.1918
(2.000000,3.676000,0.000000); 10.1918
(2.000000,3.680000,0.000000); 10.1919
(2.000000,3.684000,0.000000); 10.1919
(2.000000,3.688000,0.000000); 10.1919
(2.000000,3.692000,0.000000); 10.1919
(2.000000,3.696000,0.000000); 10.1919
(2.000000,3.700000,0.000000); 10.192
(2.000000,3.704000,0.000000); 10.192
(2.000000,3.708000,0.000000); 10.192
(2.000000,3.712000,0.000000); 10.192
(2.000000,3.716000,0.000000); 10.1921
(2.000000,3.720000,0.000000); 10.1921
(2.000000,3.724000,0.000000); 10.1921
(2.000000,3.728000,0.000000); 10.1921
(2.000000,3.732000,0.000000); 10.1922
(2.000000,3.736000,0.000000); 10.1922
(2.000000,3.740000,0.000000); 10.1922
(2.000000,3.744000,0.000000); 10.1922
(2.000000,3.748000,0.000000); 10.1922
(2.000000,3.752000,0.000000); 10.1923
(2.000000,3.756000,0.000000); 10.1923
(2.000000,3.760000,0.000000); 10.1923
(2.000000,3.764000,0.000000); 10.1923
(2.000000,3.768000,0.000000); 10.1924
(2.000000,3.772000,0.000000); 10.1924
(2.000000,3.776000,0.000000); 10.1924
(2.000000,3.780000,0.000000); 10.1924
(2.000000,3.784000,0.000000); 10.1925
(2.000000,3.788000,0.000000); 10.1925
(2.000000,3.792000,0.000000); 10.1925
(2.000000,3.796000,0.000000); 10.1925
(2.000000,3.800000,0.000000); 10.1925
(2.000000,3.804000,0.000000); 10.1926
(2.000000,3.808000,0.000000); 10.1926
(2.000000,3.812000,0.000000); 10.1926
(2.000000,3.816000,0.000000); 10.1926
(2.000000,3.820000,0.000000); 10.1927
(2.000000,3.824000,0.000000); 10.1927
(2.000000,3.828000,0.000000); 10.1927
(2.000000,3.832000,0.000000); 10.1927
(2.000000,3.836000,0.000000); 10.1928
(2.000000,3.840000,0.000000); 10.1928
(2.000000,3.844000,0.000000); 10.1928
(2.000000,3.848000,0.000000); 10.1928
(2.000000,3.852000,0.000000); 10.1928
(2.000000,3.856000,0.000000); 10.1929
(2.000000,3.860000,0.000000); 10.1929
(2.000000,3.864000,0.000000); 10.1929
(2.000000,3.868000,0.000000); 10.1929
(2.000000,3.872000,0.000000); 10.193
(2.000000,3.876000,0.000000); 10.193
(2.000000,3.880000,0.000000); 10.193
(2.000000,3.884000,0.000000); 10.193
(2.000000,3.888000,0.000000); 10.193
(2.000000,3.892000,0.000000); 10.1931
(2.000000,3.896000,0.000000); 10.1931
(2.000000,3.900000,0.000000); 10.1931
(2.000000,3.904000,0.000000); 10.1931
(2.000000,3.908000,0.000000); 10.1932
(2.000000,3.912000,0.000000); 10.1932
(2.000000,3.916000,0.000000); 10.1932
(2.000000,3.920000,0.000000); 10.1932
(2.000000,3.924000,0.000000); 10.1933
(2.000000,3.928000,0.000000); 10.1933
(2.000000,3.932000,0.000000); 10.1933
(2.000000,3.936000,0.000000); 10.1933
(2.000000,3.940000,0.000000); 10.1933
(2.000000,3.944000,0.000000); 10.1934
(2.000000,3.948000,0.000000); 10.1934
(2.000000,3.952000,0.000000); 10.1934
(2.000000,3.956000,0.000000); 10.1934
(2.000000,3.960000,0.000000); 10.1935
(2.000000,3.964000,0.000000); 10.1935
(2.000000,3.968000,0.000000); 10.1935
(2.000000,3.972000,0.000000); 10.1935
(2.000000,3.976000,0.000000); 10.1935
(2.000000,3.980000,0.000000); 10.1936
(2.000000,3.984000,0.000000); 10.1936
(2.000000,3.988000,0.000000); 10.1936
(2.000000,3.992000,0.000000); 10.1936
(2.000000,3.996000,0.000000); 10.1937
(2.000000,4.000000,0.000000); 10.1937
--
