LOGFILE

(2.000000,0.000000,0.000000); 14.2037
(2.000000,0.004000,0.000000); 14.1996
(2.000000,0.008000,0.000000); 14.1956
(2.000000,0.012000,0.000000); 14.1916
(2.000000,0.016000,0.000000); 14.1876
(2.000000,0.020000,0.000000); 14.1835
(2.000000,0.024000,0.000000); 14.1795
(2.000000,0.028000,0.000000); 14.1755
(2.000000,0.032000,0.000000); 14.1714
(2.000000,0.036000,0.000000); 14.1674
(2.000000,0.040000,0.000000); 14.1634
(2.000000,0.044000,0.000000); 14.1593
(2.000000,0.048000,0.000000); 14.1553
(2.000000,0.052000,0.000000); 14.1513
(2.000000,0.056000,0.000000); 14.1473
(2.000000,0.060000,0.000000); 14.1432
(2.000000,0.064000,0.000000); 14.1392
(2.000000,0.068000,0.000000); 14.1352
(2.000000,0.072000,0.000000); 14.1311
(2.000000,0.076000,0.000000); 14.1271
(2.000000,0.080000,0.000000); 14.1231
(2.000000,0.084000,0.000000); 14.119
(2.000000,0.088000,0.000000); 14.115
(2.000000,0.092000,0.000000); 14.111
(2.000000,0.096000,0.000000); 14.107
(2.000000,0.100000,0.000000); 14.1029
(2.000000,0.104000,0.000000); 14.0989
(2.000000,0.108000,0.000000); 14.0949
(2.000000,0.112000,0.000000); 14.0909
(2.000000,0.116000,0.000000); 14.0868
(2.000000,0.120000,0.000000); 14.0828
(2.000000,0.124000,0.000000); 14.0788
(2.000000,0.128000,0.000000); 14.0747
(2.000000,0.132000,0.000000); 14.0707
(2.000000,0.136000,0.000000); 14.0667
(2.000000,0.140000,0.000000); 14.0627
(2.000000,0.144000,0.000000); 14.0586
(2.000000,0.148000,0.000000); 14.0546
(2.000000,0.152000,0.000000); 14.0506
(2.000000,0.156000,0.000000); 14.0466
(2.000000,0.160000,0.000000); 14.0425
(2.000000,0.164000,0.000000); 14.0385
(2.000000,0.168000,0.000000); 14.0345
(2.000000,0.172000,0.000000); 14.0304
(2.000000,0.176000,0.000000); 14.0264
(2.000000,0.180000,0.000000); 14.0224
(2.000000,0.184000,0.000000); 14.0184
(2.000000,0.188000,0.000000); 14.0143
(2.000000,0.192000,0.000000); 14.0103
(2.000000,0.196000,0.000000); 14.0063
(2.000000,0.200000,0.000000); 14.0023
(2.000000,0.204000,0.000000); 13.9982
(2.000000,0.208000,0.000000); 13.9942
(2.000000,0.212000,0.000000); 13.9902
(2.000000,0.216000,0.000000); 13.9862
(2.000000,0.220000,0.000000); 13.9821
(2.000000,0.224000,0.000000); 13.9781
(2.000000,0.228000,0.000000); 13.9741
(2.000000,0.232000,0.000000); 13.9701
(2.000000,0.236000,0.000000); 13.9661
(2.000000,0.240000,0.000000); 13.962
(2.000000,0.244000,0.000000); 13.958
(2.000000,0.248000,0.000000); 13.954
(2.000000,0.252000,0.000000); 13.95
(2.000000,0.256000,0.000000); 13.9459
(2.000000,0.260000,0.000000); 13.9419
(2.000000,0.264000,0.000000); 13.9379
(2.000000,0.268000,0.000000); 13.9339
(2.000000,0.272000,0.000000); 13.9298
(2.000000,0.276000,0.000000); 13.9258
(2.000000,0.280000,0.000000); 13.9218
(2.000000,0.284000,0.000000); 13.9178
(2.000000,0.288000,0.000000); 13.9137
(2.000000,0.292000,0.000000); 13.9097
(2.000000,0.296000,0.000000); 13.9057
(2.000000,0.300000,0.000000); 13.9017
(2.000000,0.304000,0.000000); 13.8977
(2.000000,0.308000,0.000000); 13.8936
(2.000000,0.312000,0.000000); 13.8896
(2.000000,0.316000,0.000000); 13.8856
(2.000000,0.320000,0.000000); 13.8816
(2.000000,0.324000,0.000000); 13.8776
(2.000000,0.328000,0.000000); 13.8735
(2.000000,0.332000,0.000000); 13.8695
(2.000000,0.336000,0.000000); 13.8655
(2.000000,0.340000,0.000000); 13.8615
(2.000000,0.344000,0.000000); 13.8575
(2.000000,0.348000,0.000000); 13.8534
(2.000000,0.352000,0.000000); 13.8494
(2.000000,0.356000,0.000000); 13.8454
(2.000000,0.360000,0.000000); 13.8414
(2.000000,0.364000,0.000000); 13.8374
(2.000000,0.368000,0.000000); 13.8333
(2.000000,0.372000,0.000000); 13.8293
(2.000000,0.376000,0.000000); 13.8253
(2.000000,0.380000,0.000000); 13.8213
(2.000000,0.384000,0.000000); 13.8173
(2.000000,0.388000,0.000000); 13.8132
(2.000000,0.392000,0.000000); 13.8092
(2.000000,0.396000,0.000000); 13.8052
(2.000000,0.400000,0.000000); 13.8012
(2.000000,0.404000,0.000000); 13.7972
(2.000000,0.408000,0.000000); 13.7932
(2.000000,0.412000,0.000000); 13.7891
(2.000000,0.416000,0.000000); 13.7851
(2.000000,0.420000,0.000000); 13.7811
(2.000000,0.424000,0.000000); 13.7771
(2.000000,0.428000,0.000000); 13.7731
(2.000000,0.432000,0.000000); 13.7691
(2.000000,0.436000,0.000000); 13.765
(2.000000,0.440000,0.000000); 13.761
(2.000000,0.444000,0.000000); 13.757
(2.000000,0.448000,0.000000); 13.753
(2.000000,0.452000,0.000000); 13.749
(2.000000,0.456000,0.000000); 13.7449
(2.000000,0.460000,0.000000); 13.7409
(2.000000,0.464000,0.000000); 13.7369
(2.000000,0.468000,0.000000); 13.7329
(2.000000,0.472000,0.000000); 13.7289
(2.000000,0.476000,0.000000); 13.7249
(2.000000,0.480000,0.000000); 13.7208
(2.000000,0.484000,0.000000); 13.7168
(2.000000,0.488000,0.000000); 13.7128
(2.000000,0.492000,0.000000); 13.7088
(2.000000,0.496000,0.000000); 13.7048
(2.000000,0.500000,0.000000); 13.7008
(2.000000,0.504000,0.000000); 13.6967
(2.000000,0.508000,0.000000); 13.6927
(2.000000,0.512000,0.000000); 13.6887
(2.000000,0.516000,0.000000); 13.6847
(2.000000,0.520000,0.000000); 13.6807
(2.000000,0.524000,0.000000); 13.6767
(2.000000,0.528000,0.000000); 13.6727
(2.000000,0.532000,0.000000); 13.6686
(2.000000,0.536000,0.000000); 13.6646
(2.000000,0.540000,0.000000); 13.6606
(2.000000,0.544000,0.000000); 13.6566
(2.000000,0.548000,0.000000); 13.6526
(2.000000,0.552000,0.000000); 13.6486
(2.000000,0.556000,0.000000); 13.6446
(2.000000,0.560000,0.000000); 13.6405
(2.000000,0.564000,0.000000); 13.6365
(2.000000,0.568000,0.000000); 13.6325
(2.000000,0.572000,0.000000); 13.6285
(2.000000,0.576000,0.000000); 13.6245
(2.000000,0.580000,0.000000); 13.6205
(2.000000,0.584000,0.000000); 13.6164
(2.000000,0.588000,0.000000); 13.6124
(2.000000,0.592000,0.000000); 13.6084
(2.000000,0.596000,0.000000); 13.6044
(2.000000,0.600000,0.000000); 13.6004
(2.000000,0.604000,0.000000); 13.5964
(2.000000,0.608000,0.000000); 13.5924
(2.000000,0.612000,0.000000); 13.5883
(2.000000,0.616000,0.000000); 13.5843
(2.000000,0.620000,0.000000); 13.5803
(2.000000,0.624000,0.000000); 13.5763
(2.000000,0.628000,0.000000); 13.5723
(2.000000,0.632000,0.000000); 13.5683
(2.000000,0.636000,0.000000); 13.5643
(2.000000,0.640000,0.000000); 13.5603
(2.000000,0.644000,0.000000); 13.5562
(2.000000,0.648000,0.000000); 13.5522
(2.000000,0.652000,0.000000); 13.5482
(2.000000,0.656000,0.000000); 13.5442
(2.000000,0.660000,0.000000); 13.5402
(2.000000,0.664000,0.000000); 13.5362
(2.000000,0.668000,0.000000); 13.5322
(2.000000,0.672000,0.000000); 13.5282
(2.000000,0.676000,0.000000); 13.5241
(2.000000,0.680000,0.000000); 13.5201
(2.000000,0.684000,0.000000); 13.5161
(2.000000,0.688000,0.000000); 13.5121
(2.000000,0.692000,0.000000); 13.5081
(2.000000,0.696000,0.000000); 13.5041
(2.000000,0.700000,0.000000); 13.5001
(2.000000,0.704000,0.000000); 13.496
(2.000000,0.708000,0.000000); 13.492
(2.000000,0.712000,0.000000); 13.488
(2.000000,0.716000,0.000000); 13.484
(2.000000,0.720000,0.000000); 13.48
(2.000000,0.724000,0.000000); 13.476
(2.000000,0.728000,0.000000); 13.472
(2.000000,0.732000,0.000000); 13.468
(2.000000,0.736000,0.000000); 13.4639
(2.000000,0.740000,0.000000); 13.4599
(2.000000,0.744000,0.000000); 13.4559
(2.000000,0.748000,0.000000); 13.4519
(2.000000,0.752000,0.000000); 13.4479
(2.000000,0.756000,0.000000); 13.4439
(2.000000,0.760000,0.000000); 13.4399
(2.000000,0.764000,0.000000); 13.4359
(2.000000,0.768000,0.000000); 13.4319
(2.000000,0.772000,0.000000); 13.4278
(2.000000,0.776000,0.000000); 13.4238
(2.000000,0.780000,0.000000); 13.4198
(2.000000,0.784000,0.000000); 13.4158
(2.000000,0.788000,0.000000); 13.4118
(2.000000,0.792000,0.000000); 13.4078
(2.000000,0.796000,0.000000); 13.4038
(2.000000,0.800000,0.000000); 13.3998
(2.000000,0.804000,0.000000); 13.3957
(2.000000,0.808000,0.000000); 13.3917
(2.000000,0.812000,0.000000); 13.3877
(2.000000,0.816000,0.000000); 13.3837
(2.000000,0.820000,0.000000); 13.3797
(2.000000,0.824000,0.000000); 13.3757
(2.000000,0.828000,0.000000); 13.3717
(2.000000,0.832000,0.000000); 13.3677
(2.000000,0.836000,0.000000); 13.3637
(2.000000,0.840000,0.000000); 13.3596
(2.000000,0.844000,0.000000); 13.3556
(2.000000,0.848000,0.000000); 13.3516
(2.000000,0.852000,0.000000); 13.3476
(2.000000,0.856000,0.000000); 13.3436
(2.000000,0.860000,0.000000); 13.3396
(2.000000,0.864000,0.000000); 13.3356
(2.000000,0.868000,0.000000); 13.3316
(2.000000,0.872000,0.000000); 13.3276
(2.000000,0.876000,0.000000); 13.3235
(2.000000,0.880000,0.000000); 13.3195
(2.000000,0.884000,0.000000); 13.3155
(2.000000,0.888000,0.000000); 13.3115
(2.000000,0.892000,0.000000); 13.3075
(2.000000,0.896000,0.000000); 13.3035
(2.000000,0.900000,0.000000); 13.2995
(2.000000,0.904000,0.000000); 13.2955
(2.000000,0.908000,0.000000); 13.2915
(2.000000,0.912000,0.000000); 13.2874
(2.000000,0.916000,0.000000); 13.2834
(2.000000,0.920000,0.000000); 13.2794
(2.000000,0.924000,0.000000); 13.2754
(2.000000,0.928000,0.000000); 13.2714
(2.000000,0.932000,0.000000); 13.2674
(2.000000,0.936000,0.000000); 13.2634
(2.000000,0.940000,0.000000); 13.2594
(2.000000,0.944000,0.000000); 13.2554
(2.000000,0.948000,0.000000); 13.2514
(2.000000,0.952000,0.000000); 13.2473
(2.000000,0.956000,0.000000); 13.2433
(2.000000,0.960000,0.000000); 13.2393
(2.000000,0.964000,0.000000); 13.2353
(2.000000,0.968000,0.000000); 13.2313
(2.000000,0.972000,0.000000); 13.2273
(2.000000,0.976000,0.000000); 13.2233
(2.000000,0.980000,0.000000); 13.2193
(2.000000,0.984000,0.000000); 13.2153
(2.000000,0.988000,0.000000); 13.2112
(2.000000,0.992000,0.000000); 13.2072
(2.000000,0.996000,0.000000); 13.2032
(2.000000,1.000000,0.000000); 13.1992
(2.000000,1.004000,0.000000); 13.1952
(2.000000,1.008000,0.000000); 13.1912
(2.000000,1.012000,0.000000); 13.1872
(2.000000,1.016000,0.000000); 13.1832
(2.000000,1.020000,0.000000); 13.1792
(2.000000,1.024000,0.000000); 13.1752
(2.000000,1.028000,0.000000); 13.1712
(2.000000,1.032000,0.000000); 13.1671
(2.000000,1.036000,0.000000); 13.1631
(2.000000,1.040000,0.000000); 13.1591
(2.000000,1.044000,0.000000); 13.1551
(2.000000,1.048000,0.000000); 13.1511
(2.000000,1.052000,0.000000); 13.1471
(2.000000,1.056000,0.000000); 13.1431
(2.000000,1.060000,0.000000); 13.1391
(2.000000,1.064000,0.000000); 13.1351
(2.000000,1.068000,0.000000); 13.1311
(2.000000,1.072000,0.000000); 13.127
(2.000000,1.076000,0.000000); 13.123
(2.000000,1.080000,0.000000); 13.119
(2.000000,1.084000,0.000000); 13.115
(2.000000,1.088000,0.000000); 13.111
(2.000000,1.092000,0.000000); 13.107
(2.000000,1.096000,0.000000); 13.103
(2.000000,1.100000,0.000000); 13.099
(2.000000,1.104000,0.000000); 13.095
(2.000000,1.108000,0.000000); 13.091
(2.000000,1.112000,0.000000); 13.0869
(2.000000,1.116000,0.000000); 13.0829
(2.000000,1.120000,0.000000); 13.0789
(2.000000,1.124000,0.000000); 13.0749
(2.000000,1.128000,0.000000); 13.0709
(2.000000,1.132000,0.000000); 13.0669
(2.000000,1.136000,0.000000); 13.0629
(2.000000,1.140000,0.000000); 13.0589
(2.000000,1.144000,0.000000); 13.0549
(2.000000,1.148000,0.000000); 13.0509
(2.000000,1.152000,0.000000); 13.0469
(2.000000,1.156000,0.000000); 13.0428
(2.000000,1.160000,0.000000); 13.0388
(2.000000,1.164000,0.000000); 13.0348
(2.000000,1.168000,0.000000); 13.0308
(2.000000,1.172000,0.000000); 13.0268
(2.000000,1.176000,0.000000); 13.0228
(2.000000,1.180000,0.000000); 13.0188
(2.000000,1.184000,0.000000); 13.0148
(2.000000,1.188000,0.000000); 13.0108
(2.000000,1.192000,0.000000); 13.0068
(2.000000,1.196000,0.000000); 13.0028
(2.000000,1.200000,0.000000); 12.9987
(2.000000,1.204000,0.000000); 12.9947
(2.000000,1.208000,0.000000); 12.9907
(2.000000,1.212000,0.000000); 12.9867
(2.000000,1.216000,0.000000); 12.9827
(2.000000,1.220000,0.000000); 12.9787
(2.000000,1.224000,0.000000); 12.9747
(2.000000,1.228000,0.000000); 12.9707
(2.000000,1.232000,0.000000); 12.9667
(2.000000,1.236000,0.000000); 12.9627
(2.000000,1.240000,0.000000); 12.9587
(2.000000,1.244000,0.000000); 12.9546
(2.000000,1.248000,0.000000); 12.9506
(2.000000,1.252000,0.000000); 12.9466
(2.000000,1.256000,0.000000); 12.9426
(2.000000,1.260000,0.000000); 12.9386
(2.000000,1.264000,0.000000); 12.9346
(2.000000,1.268000,0.000000); 12.9306
(2.000000,1.272000,0.000000); 12.9266
(2.000000,1.276000,0.000000); 12.9226
(2.000000,1.280000,0.000000); 12.9186
(2.000000,1.284000,0.000000); 12.9146
(2.000000,1.288000,0.000000); 12.9106
(2.000000,1.292000,0.000000); 12.9065
(2.000000,1.296000,0.000000); 12.9025
(2.000000,1.300000,0.000000); 12.8985
(2.000000,1.304000,0.000000); 12.8945
(2.000000,1.308000,0.000000); 12.8905
(2.000000,1.312000,0.000000); 12.8865
(2.000000,1.316000,0.000000); 12.8825
(2.000000,1.320000,0.000000); 12.8785
(2.000000,1.324000,0.000000); 12.8745
(2.000000,1.328000,0.000000); 12.8705
(2.000000,1.332000,0.000000); 12.8665
(2.000000,1.336000,0.000000); 12.8624
(2.000000,1.340000,0.000000); 12.8584
(2.000000,1.344000,0.000000); 12.8544
(2.000000,1.348000,0.000000); 12.8504
(2.000000,1.352000,0.000000); 12.8464
(2.000000,1.356000,0.000000); 12.8424
(2.000000,1.360000,0.000000); 12.8384
(2.000000,1.364000,0.000000); 12.8344
(2.000000,1.368000,0.000000); 12.8304
(2.000000,1.372000,0.000000); 12.8264
(2.000000,1.376000,0.000000); 12.8224
(2.000000,1.380000,0.000000); 12.8184
(2.000000,1.384000,0.000000); 12.8143
(2.000000,1.388000,0.000000); 12.8103
(2.000000,1.392000,0.000000); 12.8063
(2.000000,1.396000,0.000000); 12.8023
(2.000000,1.400000,0.000000); 12.7983
(2.000000,1.404000,0.000000); 12.7943
(2.000000,1.408000,0.000000); 12.7903
(2.000000,1.412000,0.000000); 12.7863
(2.000000,1.416000,0.000000); 12.7823
(2.000000,1.420000,0.000000); 12.7783
(2.000000,1.424000,0.000000); 12.7743
(2.000000,1.428000,0.000000); 12.7703
(2.000000,1.432000,0.000000); 12.7662
(2.000000,1.436000,0.000000); 12.7622
(2.000000,1.440000,0.000000); 12.7582
(2.000000,1.444000,0.000000); 12.7542
(2.000000,1.448000,0.000000); 12.7502
(2.000000,1.452000,0.000000); 12.7462
(2.000000,1.456000,0.000000); 12.7422
(2.000000,1.460000,0.000000); 12.7382
(2.000000,1.464000,0.000000); 12.7342
(2.000000,1.468000,0.000000); 12.7302
(2.000000,1.472000,0.000000); 12.7262
(2.000000,1.476000,0.000000); 12.7222
(2.000000,1.480000,0.000000); 12.7181
(2.000000,1.484000,0.000000); 12.7141
(2.000000,1.488000,0.000000); 12.7101
(2.000000,1.492000,0.000000); 12.7061
(2.000000,1.496000,0.000000); 12.7021
(2.000000,1.500000,0.000000); 12.6981
(2.000000,1.504000,0.000000); 12.6941
(2.000000,1.508000,0.000000); 12.6901
(2.000000,1.512000,0.000000); 12.6861
(2.000000,1.516000,0.000000); 12.6821
(2.000000,1.520000,0.000000); 12.6781
(2.000000,1.524000,0.000000); 12.6741
(2.000000,1.528000,0.000000); 12.6701
(2.000000,1.532000,0.000000); 12.666
(2.000000,1.536000,0.000000); 12.662
(2.000000,1.540000,0.000000); 12.658
(2.000000,1.544000,0.000000); 12.654
(2.000000,1.548000,0.000000); 12.65
(2.000000,1.552000,0.000000); 12.646
(2.000000,1.556000,0.000000); 12.642
(2.000000,1.560000,0.000000); 12.638
(2.000000,1.564000,0.000000); 12.634
(2.000000,1.568000,0.000000); 12.63
(2.000000,1.572000,0.000000); 12.626
(2.000000,1.576000,0.000000); 12.622
(2.000000,1.580000,0.000000); 12.6179
(2.000000,1.584000,0.000000); 12.6139
(2.000000,1.588000,0.000000); 12.6099
(2.000000,1.592000,0.000000); 12.6059
(2.000000,1.596000,0.000000); 12.6019
(2.000000,1.600000,0.000000); 12.5979
(2.000000,1.604000,0.000000); 12.5939
(2.000000,1.608000,0.000000); 12.5899
(2.000000,1.612000,0.000000); 12.5859
(2.000000,1.616000,0.000000); 12.5819
(2.000000,1.620000,0.000000); 12.5779
(2.000000,1.624000,0.000000); 12.5739
(2.000000,1.628000,0.000000); 12.5699
(2.000000,1.632000,0.000000); 12.5658
(2.000000,1.636000,0.000000); 12.5618
(2.000000,1.640000,0.000000); 12.5578
(2.000000,1.644000,0.000000); 12.5538
(2.000000,1.648000,0.000000); 12.5498
(2.000000,1.652000,0.000000); 12.5458
(2.000000,1.656000,0.000000); 12.5418
(2.000000,1.660000,0.000000); 12.5378
(2.000000,1.664000,0.000000); 12.5338
(2.000000,1.668000,0.000000); 12.5298
(2.000000,1.672000,0.000000); 12.5258
(2.000000,1.676000,0.000000); 12.5218
(2.000000,1.680000,0.000000); 12.5178
(2.000000,1.684000,0.000000); 12.5137
(2.000000,1.688000,0.000000); 12.5097
(2.000000,1.692000,0.000000); 12.5057
(2.000000,1.696000,0.000000); 12.5017
(2.000000,1.700000,0.000000); 12.4977
(2.000000,1.704000,0.000000); 12.4937
(2.000000,1.708000,0.000000); 12.4897
(2.000000,1.712000,0.000000); 12.4857
(2.000000,1.716000,0.000000); 12.4817
(2.000000,1.720000,0.000000); 12.4777
(2.000000,1.724000,0.000000); 12.4737
(2.000000,1.728000,0.000000); 12.4697
(2.000000,1.732000,0.000000); 12.4657
(2.000000,1.736000,0.000000); 12.4616
(2.000000,1.740000,0.000000); 12.4576
(2.000000,1.744000,0.000000); 12.4536
(2.000000,1.748000,0.000000); 12.4496
(2.000000,1.752000,0.000000); 12.4456
(2.000000,1.756000,0.000000); 12.4416
(2.000000,1.760000,0.000000); 12.4376
(2.000000,1.764000,0.000000); 12.4336
(2.000000,1.768000,0.000000); 12.4296
(2.000000,1.772000,0.000000); 12.4256
(2.000000,1.776000,0.000000); 12.4216
(2.000000,1.780000,0.000000); 12.4176
(2.000000,1.784000,0.000000); 12.4136
(2.000000,1.788000,0.000000); 12.4095
(2.000000,1.792000,0.000000); 12.4055
(2.000000,1.796000,0.000000); 12.4015
(2.000000,1.800000,0.000000); 12.3975
(2.000000,1.804000,0.000000); 12.3935
(2.000000,1.808000,0.000000); 12.3895
(2.000000,1.812000,0.000000); 12.3855
(2.000000,1.816000,0.000000); 12.3815
(2.000000,1.820000,0.000000); 12.3775
(2.000000,1.824000,0.000000); 12.3735
(2.000000,1.828000,0.000000); 12.3695
(2.000000,1.832000,0.000000); 12.3655
(2.000000,1.836000,0.000000); 12.3615
(2.000000,1.840000,0.000000); 12.3574
(2.000000,1.844000,0.000000); 12.3534
(2.000000,1.848000,0.000000); 12.3494
(2.000000,1.852000,0.000000); 12.3454
(2.000000,1.856000,0.000000); 12.3414
(2.000000,1.860000,0.000000); 12.3374
(2.000000,1.864000,0.000000); 12.3334
(2.000000,1.868000,0.000000); 12.3294
(2.000000,1.872000,0.000000); 12.3254
(2.000000,1.876000,0.000000); 12.3214
(2.000000,1.880000,0.000000); 12.3174
(2.000000,1.884000,0.000000); 12.3134
(2.000000,1.888000,0.000000); 12.3094
(2.000000,1.892000,0.000000); 12.3053
(2.000000,1.896000,0.000000); 12.3013
(2.000000,1.900000,0.000000); 12.2973
(2.000000,1.904000,0.000000); 12.2933
(2.000000,1.908000,0.000000); 12.2893
(2.000000,1.912000,0.000000); 12.2853
(2.000000,1.916000,0.000000); 12.2813
(2.000000,1.920000,0.000000); 12.2773
(2.000000,1.924000,0.000000); 12.2733
(2.000000,1.928000,0.000000); 12.2693
(2.000000,1.932000,0.000000); 12.2653
(2.000000,1.936000,0.000000); 12.2613
(2.000000,1.940000,0.000000); 12.2573
(2.000000,1.944000,0.000000); 12.2533
(2.000000,1.948000,0.000000); 12.2492
(2.000000,1.952000,0.000000); 12.2452
(2.000000,1.956000,0.000000); 12.2412
(2.000000,1.960000,0.000000); 12.2372
(2.000000,1.964000,0.000000); 12.2332
(2.000000,1.968000,0.000000); 12.2292
(2.000000,1.972000,0.000000); 12.2252
(2.000000,1.976000,0.000000); 12.2212
(2.000000,1.980000,0.000000); 12.2172
(2.000000,1.984000,0.000000); 12.2132
(2.000000,1.988000,0.000000); 12.2092
(2.000000,1.992000,0.000000); 12.2052
(2.000000,1.996000,0.000000); 12.2012
(2.000000,2.000000,0.000000); 12.1972
(2.000000,2.004000,0.000000); 12.1931
(2.000000,2.008000,0.000000); 12.1891
(2.000000,2.012000,0.000000); 12.1851
(2.000000,2.016000,0.000000); 12.1811
(2.000000,2.020000,0.000000); 12.1771
(2.000000,2.024000,0.000000); 12.1731
(2.000000,2.028000,0.000000); 12.1691
(2.000000,2.032000,0.000000); 12.1651
(2.000000,2.036000,0.000000); 12.1611
(2.000000,2.040000,0.000000); 12.1571
(2.000000,2.044000,0.000000); 12.1531
(2.000000,2.048000,0.000000); 12.1491
(2.000000,2.052000,0.000000); 12.1451
(2.000000,2.056000,0.000000); 12.141
(2.000000,2.060000,0.000000); 12.137
(2.000000,2.064000,0.000000); 12.133
(2.000000,2.068000,0.000000); 12.129
(2.000000,2.072000,0.000000); 12.125
(2.000000,2.076000,0.000000); 12.121
(2.000000,2.080000,0.000000); 12.117
(2.000000,2.084000,0.000000); 12.113
(2.000000,2.088000,0.000000); 12.109
(2.000000,2.092000,0.000000); 12.105
(2.000000,2.096000,0.000000); 12.101
(2.000000,2.100000,0.000000); 12.097
(2.000000,2.104000,0.000000); 12.093
(2.000000,2.108000,0.000000); 12.089
(2.000000,2.112000,0.000000); 12.0849
(2.000000,2.116000,0.000000); 12.0809
(2.000000,2.120000,0.000000); 12.0769
(2.000000,2.124000,0.000000); 12.0729
(2.000000,2.128000,0.000000); 12.0689
(2.000000,2.132000,0.000000); 12.0649
(2.000000,2.136000,0.000000); 12.0609
(2.000000,2.140000,0.000000); 12.0569
(2.000000,2.144000,0.000000); 12.0529
(2.000000,2.148000,0.000000); 12.0489
(2.000000,2.152000,0.000000); 12.0449
(2.000000,2.156000,0.000000); 12.0409
(2.000000,2.160000,0.000000); 12.0369
(2.000000,2.164000,0.000000); 12.0329
(2.000000,2.168000,0.000000); 12.0288
(2.000000,2.172000,0.000000); 12.0248
(2.000000,2.176000,0.000000); 12.0208
(2.000000,2.180000,0.000000); 12.0168
(2.000000,2.184000,0.000000); 12.0128
(2.000000,2.188000,0.000000); 12.0088
(2.000000,2.192000,0.000000); 12.0048
(2.000000,2.196000,0.000000); 12.0008
(2.000000,2.200000,0.000000); 11.9968
(2.000000,2.204000,0.000000); 11.9928
(2.000000,2.208000,0.000000); 11.9888
(2.000000,2.212000,0.000000); 11.9848
(2.000000,2.216000,0.000000); 11.9808
(2.000000,2.220000,0.000000); 11.9768
(2.000000,2.224000,0.000000); 11.9727
(2.000000,2.228000,0.000000); 11.9687
(2.000000,2.232000,0.000000); 11.9647
(2.000000,2.236000,0.000000); 11.9607
(2.000000,2.240000,0.000000); 11.9567
(2.000000,2.244000,0.000000); 11.9527
(2.000000,2.248000,0.000000); 11.9487
(2.000000,2.252000,0.000000); 11.9447
(2.000000,2.256000,0.000000); 11.9407
(2.000000,2.260000,0.000000); 11.9367
(2.000000,2.264000,0.000000); 11.9327
(2.000000,2.268000,0.000000); 11.9287
(2.000000,2.272000,0.000000); 11.9247
(2.000000,2.276000,0.000000); 11.9207
(2.000000,2.280000,0.000000); 11.9166
(2.000000,2.284000,0.000000); 11.9126
(2.000000,2.288000,0.000000); 11.9086
(2.000000,2.292000,0.000000); 11.9046
(2.000000,2.296000,0.000000); 11.9006
(2.000000,2.300000,0.000000); 11.8966
(2.000000,2.304000,0.000000); 11.8926
(2.000000,2.308000,0.000000); 11.8886
(2.000000,2.312000,0.000000); 11.8846
(2.000000,2.316000,0.000000); 11.8806
(2.000000,2.320000,0.000000); 11.8766
(2.000000,2.324000,0.000000); 11.8726
(2.000000,2.328000,0.000000); 11.8686
(2.000000,2.332000,0.000000); 11.8646
(2.000000,2.336000,0.000000); 11.8605
(2.000000,2.340000,0.000000); 11.8565
(2.000000,2.344000,0.000000); 11.8525
(2.000000,2.348000,0.000000); 11.8485
(2.000000,2.352000,0.000000); 11.8445
(2.000000,2.356000,0.000000); 11.8405
(2.000000,2.360000,0.000000); 11.8365
(2.000000,2.364000,0.000000); 11.8325
(2.000000,2.368000,0.000000); 11.8285
(2.000000,2.372000,0.000000); 11.8245
(2.000000,2.376000,0.000000); 11.8205
(2.000000,2.380000,0.000000); 11.8165
(2.000000,2.384000,0.000000); 11.8125
(2.000000,2.388000,0.000000); 11.8085
(2.000000,2.392000,0.000000); 11.8044
(2.000000,2.396000,0.000000); 11.8004
(2.000000,2.400000,0.000000); 11.7964
(2.000000,2.404000,0.000000); 11.7924
(2.000000,2.408000,0.000000); 11.7884
(2.000000,2.412000,0.000000); 11.7844
(2.000000,2.416000,0.000000); 11.7804
(2.000000,2.420000,0.000000); 11.7764
(2.000000,2.424000,0.000000); 11.7724
(2.000000,2.428000,0.000000); 11.7684
(2.000000,2.432000,0.000000); 11.7644
(2.000000,2.436000,0.000000); 11.7604
(2.000000,2.440000,0.000000); 11.7564
(2.000000,2.444000,0.000000); 11.7524
(2.000000,2.448000,0.000000); 11.7483
(2.000000,2.452000,0.000000); 11.7443
(2.000000,2.456000,0.000000); 11.7403
(2.000000,2.460000,0.000000); 11.7363
(2.000000,2.464000,0.000000); 11.7323
(2.000000,2.468000,0.000000); 11.7283
(2.000000,2.472000,0.000000); 11.7243
(2.000000,2.476000,0.000000); 11.7203
(2.000000,2.480000,0.000000); 11.7163
(2.000000,2.484000,0.000000); 11.7123
(2.000000,2.488000,0.000000); 11.7083
(2.000000,2.492000,0.000000); 11.7043
(2.000000,2.496000,0.000000); 11.7003
(2.000000,2.500000,0.000000); 11.6963
(2.000000,2.504000,0.000000); 11.6922
(2.000000,2.508000,0.000000); 11.6882
(2.000000,2.512000,0.000000); 11.6842
(2.000000,2.516000,0.000000); 11.6802
(2.000000,2.520000,0.000000); 11.6762
(2.000000,2.524000,0.000000); 11.6722
(2.000000,2.528000,0.000000); 11.6682
(2.000000,2.532000,0.000000); 11.6642
(2.000000,2.536000,0.000000); 11.6602
(2.000000,2.540000,0.000000); 11.6562
(2.000000,2.544000,0.000000); 11.6522
(2.000000,2.548000,0.000000); 11.6482
(2.000000,2.552000,0.000000); 11.6442
(2.000000,2.556000,0.000000); 11.6402
(2.000000,2.560000,0.000000); 11.6362
(2.000000,2.564000,0.000000); 11.6321
(2.000000,2.568000,0.000000); 11.6281
(2.000000,2.572000,0.000000); 11.6241
(2.000000,2.576000,0.000000); 11.6201
(2.000000,2.580000,0.000000); 11.6161
(2.000000,2.584000,0.000000); 11.6121
(2.000000,2.588000,0.000000); 11.6081
(2.000000,2.592000,0.000000); 11.6041
(2.000000,2.596000,0.000000); 11.6001
(2.000000,2.600000,0.000000); 11.5961
(2.000000,2.604000,0.000000); 11.5921
(2.000000,2.608000,0.000000); 11.5881
(2.000000,2.612000,0.000000); 11.5841
(2.000000,2.616000,0.000000); 11.5801
(2.000000,2.620000,0.000000); 11.576
(2.000000,2.624000,0.000000); 11.572
(2.000000,2.628000,0.000000); 11.568
(2.000000,2.632000,0.000000); 11.564
(2.000000,2.636000,0.000000); 11.56
(2.000000,2.640000,0.000000); 11.556
(2.000000,2.644000,0.000000); 11.552
(2.000000,2.648000,0.000000); 11.548
(2.000000,2.652000,0.000000); 11.544
(2.000000,2.656000,0.000000); 11.54
(2.000000,2.660000,0.000000); 11.536
(2.000000,2.664000,0.000000); 11.532
(2.000000,2.668000,0.000000); 11.528
(2.000000,2.672000,0.000000); 11.524
(2.000000,2.676000,0.000000); 11.5199
(2.000000,2.680000,0.000000); 11.5159
(2.000000,2.684000,0.000000); 11.5119
(2.000000,2.688000,0.000000); 11.5079
(2.000000,2.692000,0.000000); 11.5039
(2.000000,2.696000,0.000000); 11.4999
(2.000000,2.700000,0.000000); 11.4959
(2.000000,2.704000,0.000000); 11.4919
(2.000000,2.708000,0.000000); 11.4879
(2.000000,2.712000,0.000000); 11.4839
(2.000000,2.716000,0.000000); 11.4799
(2.000000,2.720000,0.000000); 11.4759
(2.000000,2.724000,0.000000); 11.4719
(2.000000,2.728000,0.000000); 11.4679
(2.000000,2.732000,0.000000); 11.4639
(2.000000,2.736000,0.000000); 11.4598
(2.000000,2.740000,0.000000); 11.4558
(2.000000,2.744000,0.000000); 11.4518
(2.000000,2.748000,0.000000); 11.4478
(2.000000,2.752000,0.000000); 11.4438
(2.000000,2.756000,0.000000); 11.4398
(2.000000,2.760000,0.000000); 11.4358
(2.000000,2.764000,0.000000); 11.4318
(2.000000,2.768000,0.000000); 11.4278
(2.000000,2.772000,0.000000); 11.4238
(2.000000,2.776000,0.000000); 11.4198
(2.000000,2.780000,0.000000); 11.4158
(2.000000,2.784000,0.000000); 11.4118
(2.000000,2.788000,0.000000); 11.4078
(2.000000,2.792000,0.000000); 11.4037
(2.000000,2.796000,0.000000); 11.3997
(2.000000,2.800000,0.000000); 11.3957
(2.000000,2.804000,0.000000); 11.3917
(2.000000,2.808000,0.000000); 11.3877
(2.000000,2.812000,0.000000); 11.3837
(2.000000,2.816000,0.000000); 11.3797
(2.000000,2.820000,0.000000); 11.3757
(2.000000,2.824000,0.000000); 11.3717
(2.000000,2.828000,0.000000); 11.3677
(2.000000,2.832000,0.000000); 11.3637
(2.000000,2.836000,0.000000); 11.3597
(2.000000,2.840000,0.000000); 11.3557
(2.000000,2.844000,0.000000); 11.3517
(2.000000,2.848000,0.000000); 11.3477
(2.000000,2.852000,0.000000); 11.3436
(2.000000,2.856000,0.000000); 11.3396
(2.000000,2.860000,0.000000); 11.3356
(2.000000,2.864000,0.000000); 11.3316
(2.000000,2.868000,0.000000); 11.3276
(2.000000,2.872000,0.000000); 11.3236
(2.000000,2.876000,0.000000); 11.3196
(2.000000,2.880000,0.000000); 11.3156
(2.000000,2.884000,0.000000); 11.3116
(2.000000,2.888000,0.000000); 11.3076
(2.000000,2.892000,0.000000); 11.3036
(2.000000,2.896000,0.000000); 11.2996
(2.000000,2.900000,0.000000); 11.2956
(2.000000,2.904000,0.000000); 11.2916
(2.000000,2.908000,0.000000); 11.2875
(2.000000,2.912000,0.000000); 11.2835
(2.000000,2.916000,0.000000); 11.2795
(2.000000,2.920000,0.000000); 11.2755
(2.000000,2.924000,0.000000); 11.2715
(2.000000,2.928000,0.000000); 11.2675
(2.000000,2.932000,0.000000); 11.2635
(2.000000,2.936000,0.000000); 11.2595
(2.000000,2.940000,0.000000); 11.2555
(2.000000,2.944000,0.000000); 11.2515
(2.000000,2.948000,0.000000); 11.2475
(2.000000,2.952000,0.000000); 11.2435
(2.000000,2.956000,0.000000); 11.2395
(2.000000,2.960000,0.000000); 11.2355
(2.000000,2.964000,0.000000); 11.2314
(2.000000,2.968000,0.000000); 11.2274
(2.000000,2.972000,0.000000); 11.2234
(2.000000,2.976000,0.000000); 11.2194
(2.000000,2.980000,0.000000); 11.2154
(2.000000,2.984000,0.000000); 11.2114
(2.000000,2.988000,0.000000); 11.2074
(2.000000,2.992000,0.000000); 11.2034
(2.000000,2.996000,0.000000); 11.1994
(2.000000,3.000000,0.000000); 11.1954
(2.000000,3.004000,0.000000); 11.1914
(2.000000,3.008000,0.000000); 11.1874
(2.000000,3.012000,0.000000); 11.1834
(2.000000,3.016000,0.000000); 11.1794
(2.000000,3.020000,0.000000); 11.1754
(2.000000,3.024000,0.000000); 11.1713
(2.000000,3.028000,0.000000); 11.1673
(2.000000,3.032000,0.000000); 11.1633
(2.000000,3.036000,0.000000); 11.1593
(2.000000,3.040000,0.000000); 11.1553
(2.000000,3.044000,0.000000); 11.1513
(2.000000,3.048000,0.000000); 11.1473
(2.000000,3.052000,0.000000); 11.1433
(2.000000,3.056000,0.000000); 11.1393
(2.000000,3.060000,0.000000); 11.1353
(2.000000,3.064000,0.000000); 11.1313
(2.000000,3.068000,0.000000); 11.1273
(2.000000,3.072000,0.000000); 11.1233
(2.000000,3.076000,0.000000); 11.1193
(2.000000,3.080000,0.000000); 11.1153
(2.000000,3.084000,0.000000); 11.1112
(2.000000,3.088000,0.000000); 11.1072
(2.000000,3.092000,0.000000); 11.1032
(2.000000,3.096000,0.000000); 11.0992
(2.000000,3.100000,0.000000); 11.0952
(2.000000,3.104000,0.000000); 11.0912
(2.000000,3.108000,0.000000); 11.0872
(2.000000,3.112000,0.000000); 11.0832
(2.000000,3.116000,0.000000); 11.0792
(2.000000,3.120000,0.000000); 11.0752
(2.000000,3.124000,0.000000); 11.0712
(2.000000,3.128000,0.000000); 11.0672
(2.000000,3.132000,0.000000); 11.0632
(2.000000,3.136000,0.000000); 11.0592
(2.000000,3.140000,0.000000); 11.0551
(2.000000,3.144000,0.000000); 11.0511
(2.000000,3.148000,0.000000); 11.0471
(2.000000,3.152000,0.000000); 11.0431
(2.000000,3.156000,0.000000); 11.0391
(2.000000,3.160000,0.000000); 11.0351
(2.000000,3.164000,0.000000); 11.0311
(2.000000,3.168000,0.000000); 11.0271
(2.000000,3.172000,0.000000); 11.0231
(2.000000,3.176000,0.000000); 11.0191
(2.000000,3.180000,0.000000); 11.0151
(2.000000,3.184000,0.000000); 11.0111
(2.000000,3.188000,0.000000); 11.0071
(2.000000,3.192000,0.000000); 11.0031
(2.000000,3.196000,0.000000); 10.9991
(2.000000,3.200000,0.000000); 10.995
(2.000000,3.204000,0.000000); 10.991
(2.000000,3.208000,0.000000); 10.987
(2.000000,3.212000,0.000000); 10.983
(2.000000,3.216000,0.000000); 10.979
(2.000000,3.220000,0.000000); 10.975
(2.000000,3.224000,0.000000); 10.971
(2.000000,3.228000,0.000000); 10.967
(2.000000,3.232000,0.000000); 10.963
(2.000000,3.236000,0.000000); 10.959
(2.000000,3.240000,0.000000); 10.955
(2.000000,3.244000,0.000000); 10.951
(2.000000,3.248000,0.000000); 10.947
(2.000000,3.252000,0.000000); 10.943
(2.000000,3.256000,0.000000); 10.9389
(2.000000,3.260000,0.000000); 10.9349
(2.000000,3.264000,0.000000); 10.9309
(2.000000,3.268000,0.000000); 10.9269
(2.000000,3.272000,0.000000); 10.9229
(2.000000,3.276000,0.000000); 10.9189
(2.000000,3.280000,0.000000); 10.9149
(2.000000,3.284000,0.000000); 10.9109
(2.000000,3.288000,0.000000); 10.9069
(2.000000,3.292000,0.000000); 10.9029
(2.000000,3.296000,0.000000); 10.8989
(2.000000,3.300000,0.000000); 10.8949
(2.000000,3.304000,0.000000); 10.8909
(2.000000,3.308000,0.000000); 10.8869
(2.000000,3.312000,0.000000); 10.8829
(2.000000,3.316000,0.000000); 10.8788
(2.000000,3.320000,0.000000); 10.8748
(2.000000,3.324000,0.000000); 10.8708
(2.000000,3.328000,0.000000); 10.8668
(2.000000,3.332000,0.000000); 10.8628
(2.000000,3.336000,0.000000); 10.8588
(2.000000,3.340000,0.000000); 10.8548
(2.000000,3.344000,0.000000); 10.8508
(2.000000,3.348000,0.000000); 10.8468
(2.000000,3.352000,0.000000); 10.8428
(2.000000,3.356000,0.000000); 10.8388
(2.000000,3.360000,0.000000); 10.8348
(2.000000,3.364000,0.000000); 10.8308
(2.000000,3.368000,0.000000); 10.8268
(2.000000,3.372000,0.000000); 10.8228
(2.000000,3.376000,0.000000); 10.8187
(2.000000,3.380000,0.000000); 10.8147
(2.000000,3.384000,0.000000); 10.8107
(2.000000,3.388000,0.000000); 10.8067
(2.000000,3.392000,0.000000); 10.8027
(2.000000,3.396000,0.000000); 10.7987
(2.000000,3.400000,0.000000); 10.7947
(2.000000,3.404000,0.000000); 10.7907
(2.000000,3.408000,0.000000); 10.7867
(2.000000,3.412000,0.000000); 10.7827
(2.000000,3.416000,0.000000); 10.7787
(2.000000,3.420000,0.000000); 10.7747
(2.000000,3.424000,0.000000); 10.7707
(2.000000,3.428000,0.000000); 10.7667
(2.000000,3.432000,0.000000); 10.7626
(2.000000,3.436000,0.000000); 10.7586
(2.000000,3.440000,0.000000); 10.7546
(2.000000,3.444000,0.000000); 10.7506
(2.000000,3.448000,0.000000); 10.7466
(2.000000,3.452000,0.000000); 10.7426
(2.000000,3.456000,0.000000); 10.7386
(2.000000,3.460000,0.000000); 10.7346
(2.000000,3.464000,0.000000); 10.7306
(2.000000,3.468000,0.000000); 10.7266
(2.000000,3.472000,0.000000); 10.7226
(2.000000,3.476000,0.000000); 10.7186
(2.000000,3.480000,0.000000); 10.7146
(2.000000,3.484000,0.000000); 10.7106
(2.000000,3.488000,0.000000); 10.7066
(2.000000,3.492000,0.000000); 10.7025
(2.000000,3.496000,0.000000); 10.6985
(2.000000,3.500000,0.000000); 10.6945
(2.000000,3.504000,0.000000); 10.6905
(2.000000,3.508000,0.000000); 10.6865
(2.000000,3.512000,0.000000); 10.6825
(2.000000,3.516000,0.000000); 10.6785
(2.000000,3.520000,0.000000); 10.6745
(2.000000,3.524000,0.000000); 10.6705
(2.000000,3.528000,0.000000); 10.6665
(2.000000,3.532000,0.000000); 10.6625
(2.000000,3.536000,0.000000); 10.6585
(2.000000,3.540000,0.000000); 10.6545
(2.000000,3.544000,0.000000); 10.6505
(2.000000,3.548000,0.000000); 10.6464
(2.000000,3.552000,0.000000); 10.6424
(2.000000,3.556000,0.000000); 10.6384
(2.000000,3.560000,0.000000); 10.6344
(2.000000,3.564000,0.000000); 10.6304
(2.000000,3.568000,0.000000); 10.6264
(2.000000,3.572000,0.000000); 10.6224
(2.000000,3.576000,0.000000); 10.6184
(2.000000,3.580000,0.000000); 10.6144
(2.000000,3.584000,0.000000); 10.6104
(2.000000,3.588000,0.000000); 10.6064
(2.000000,3.592000,0.000000); 10.6024
(2.000000,3.596000,0.000000); 10.5984
(2.000000,3.600000,0.000000); 10.5944
(2.000000,3.604000,0.000000); 10.5904
(2.000000,3.608000,0.000000); 10.5863
(2.000000,3.612000,0.000000); 10.5823
(2.000000,3.616000,0.000000); 10.5783
(2.000000,3.620000,0.000000); 10.5743
(2.000000,3.624000,0.000000); 10.5703
(2.000000,3.628000,0.000000); 10.5663
(2.000000,3.632000,0.000000); 10.5623
(2.000000,3.636000,0.000000); 10.5583
(2.000000,3.640000,0.000000); 10.5543
(2.000000,3.644000,0.000000); 10.5503
(2.000000,3.648000,0.000000); 10.5463
(2.000000,3.652000,0.000000); 10.5423
(2.000000,3.656000,0.000000); 10.5383
(2.000000,3.660000,0.000000); 10.5343
(2.000000,3.664000,0.000000); 10.5303
(2.000000,3.668000,0.000000); 10.5262
(2.000000,3.672000,0.000000); 10.5222
(2.000000,3.676000,0.000000); 10.5182
(2.000000,3.680000,0.000000); 10.5142
(2.000000,3.684000,0.000000); 10.5102
(2.000000,3.688000,0.000000); 10.5062
(2.000000,3.692000,0.000000); 10.5022
(2.000000,3.696000,0.000000); 10.4982
(2.000000,3.700000,0.000000); 10.4942
(2.000000,3.704000,0.000000); 10.4902
(2.000000,3.708000,0.000000); 10.4862
(2.000000,3.712000,0.000000); 10.4822
(2.000000,3.716000,0.000000); 10.4782
(2.000000,3.720000,0.000000); 10.4742
(2.000000,3.724000,0.000000); 10.4701
(2.000000,3.728000,0.000000); 10.4661
(2.000000,3.732000,0.000000); 10.4621
(2.000000,3.736000,0.000000); 10.4581
(2.000000,3.740000,0.000000); 10.4541
(2.000000,3.744000,0.000000); 10.4501
(2.000000,3.748000,0.000000); 10.4461
(2.000000,3.752000,0.000000); 10.4421
(2.000000,3.756000,0.000000); 10.4381
(2.000000,3.760000,0.000000); 10.4341
(2.000000,3.764000,0.000000); 10.4301
(2.000000,3.768000,0.000000); 10.4261
(2.000000,3.772000,0.000000); 10.4221
(2.000000,3.776000,0.000000); 10.4181
(2.000000,3.780000,0.000000); 10.4141
(2.000000,3.784000,0.000000); 10.41
(2.000000,3.788000,0.000000); 10.406
(2.000000,3.792000,0.000000); 10.402
(2.000000,3.796000,0.000000); 10.398
(2.000000,3.800000,0.000000); 10.394
(2.000000,3.804000,0.000000); 10.39
(2.000000,3.808000,0.000000); 10.386
(2.000000,3.812000,0.000000); 10.382
(2.000000,3.816000,0.000000); 10.378
(2.000000,3.820000,0.000000); 10.374
(2.000000,3.824000,0.000000); 10.37
(2.000000,3.828000,0.000000); 10.366
(2.000000,3.832000,0.000000); 10.362
(2.000000,3.836000,0.000000); 10.358
(2.000000,3.840000,0.000000); 10.354
(2.000000,3.844000,0.000000); 10.3499
(2.000000,3.848000,0.000000); 10.3459
(2.000000,3.852000,0.000000); 10.3419
(2.000000,3.856000,0.000000); 10.3379
(2.000000,3.860000,0.000000); 10.3339
(2.000000,3.864000,0.000000); 10.3299
(2.000000,3.868000,0.000000); 10.3259
(2.000000,3.872000,0.000000); 10.3219
(2.000000,3.876000,0.000000); 10.3179
(2.000000,3.880000,0.000000); 10.3139
(2.000000,3.884000,0.000000); 10.3099
(2.000000,3.888000,0.000000); 10.3059
(2.000000,3.892000,0.000000); 10.3019
(2.000000,3.896000,0.000000); 10.2979
(2.000000,3.900000,0.000000); 10.2939
(2.000000,3.904000,0.000000); 10.2898
(2.000000,3.908000,0.000000); 10.2858
(2.000000,3.912000,0.000000); 10.2818
(2.000000,3.916000,0.000000); 10.2778
(2.000000,3.920000,0.000000); 10.2738
(2.000000,3.924000,0.000000); 10.2698
(2.000000,3.928000,0.000000); 10.2658
(2.000000,3.932000,0.000000); 10.2618
(2.000000,3.936000,0.000000); 10.2578
(2.000000,3.940000,0.000000); 10.2538
(2.000000,3.944000,0.000000); 10.2498
(2.000000,3.948000,0.000000); 10.2458
(2.000000,3.952000,0.000000); 10.2418
(2.000000,3.956000,0.000000); 10.2378
(2.000000,3.960000,0.000000); 10.2337
(2.000000,3.964000,0.000000); 10.2297
(2.000000,3.968000,0.000000); 10.2257
(2.000000,3.972000,0.000000); 10.2217
(2.000000,3.976000,0.000000); 10.2177
(2.000000,3.980000,0.000000); 10.2137
(2.000000,3.984000,0.000000); 10.2097
(2.000000,3.988000,0.000000); 10.2057
(2.000000,3.992000,0.000000); 10.2017
(2.000000,3.996000,0.000000); 10.1977
(2.000000,4.000000,0.000000); 10.1937
