LOGFILE

(2.000000,0.000000,0.000000); 14.2037
(2.000000,0.004000,0.000000); 14.1997
(2.000000,0.008000,0.000000); 14.1956
(2.000000,0.012000,0.000000); 14.1916
(2.000000,0.016000,0.000000); 14.1876
(2.000000,0.020000,0.000000); 14.1835
(2.000000,0.024000,0.000000); 14.1795
(2.000000,0.028000,0.000000); 14.1755
(2.000000,0.032000,0.000000); 14.1714
(2.000000,0.036000,0.000000); 14.1674
(2.000000,0.040000,0.000000); 14.1634
(2.000000,0.044000,0.000000); 14.1594
(2.000000,0.048000,0.000000); 14.1553
(2.000000,0.052000,0.000000); 14.1513
(2.000000,0.056000,0.000000); 14.1473
(2.000000,0.060000,0.000000); 14.1432
(2.000000,0.064000,0.000000); 14.1392
(2.000000,0.068000,0.000000); 14.1352
(2.000000,0.072000,0.000000); 14.1312
(2.000000,0.076000,0.000000); 14.1271
(2.000000,0.080000,0.000000); 14.1231
(2.000000,0.084000,0.000000); 14.1191
(2.000000,0.088000,0.000000); 14.115
(2.000000,0.092000,0.000000); 14.111
(2.000000,0.096000,0.000000); 14.107
(2.000000,0.100000,0.000000); 14.103
(2.000000,0.104000,0.000000); 14.0989
(2.000000,0.108000,0.000000); 14.0949
(2.000000,0.112000,0.000000); 14.0909
(2.000000,0.116000,0.000000); 14.0869
(2.000000,0.120000,0.000000); 14.0828
(2.000000,0.124000,0.000000); 14.0788
(2.000000,0.128000,0.000000); 14.0748
(2.000000,0.132000,0.000000); 14.0708
(2.000000,0.136000,0.000000); 14.0667
(2.000000,0.140000,0.000000); 14.0627
(2.000000,0.144000,0.000000); 14.0587
(2.000000,0.148000,0.000000); 14.0546
(2.000000,0.152000,0.000000); 14.0506
(2.000000,0.156000,0.000000); 14.0466
(2.000000,0.160000,0.000000); 14.0426
(2.000000,0.164000,0.000000); 14.0385
(2.000000,0.168000,0.000000); 14.0345
(2.000000,0.172000,0.000000); 14.0305
(2.000000,0.176000,0.000000); 14.0265
(2.000000,0.180000,0.000000); 14.0224
(2.000000,0.184000,0.000000); 14.0184
(2.000000,0.188000,0.000000); 14.0144
(2.000000,0.192000,0.000000); 14.0104
(2.000000,0.196000,0.000000); 14.0063
(2.000000,0.200000,0.000000); 14.0023
(2.000000,0.204000,0.000000); 13.9983
(2.000000,0.208000,0.000000); 13.9943
(2.000000,0.212000,0.000000); 13.9902
(2.000000,0.216000,0.000000); 13.9862
(2.000000,0.220000,0.000000); 13.9822
(2.000000,0.224000,0.000000); 13.9782
(2.000000,0.228000,0.000000); 13.9742
(2.000000,0.232000,0.000000); 13.9701
(2.000000,0.236000,0.000000); 13.9661
(2.000000,0.240000,0.000000); 13.9621
(2.000000,0.244000,0.000000); 13.9581
(2.000000,0.248000,0.000000); 13.954
(2.000000,0.252000,0.000000); 13.95
(2.000000,0.256000,0.000000); 13.946
(2.000000,0.260000,0.000000); 13.942
(2.000000,0.264000,0.000000); 13.938
(2.000000,0.268000,0.000000); 13.9339
(2.000000,0.272000,0.000000); 13.9299
(2.000000,0.276000,0.000000); 13.9259
(2.000000,0.280000,0.000000); 13.9219
(2.000000,0.284000,0.000000); 13.9178
(2.000000,0.288000,0.000000); 13.9138
(2.000000,0.292000,0.000000); 13.9098
(2.000000,0.296000,0.000000); 13.9058
(2.000000,0.300000,0.000000); 13.9018
(2.000000,0.304000,0.000000); 13.8977
(2.000000,0.308000,0.000000); 13.8937
(2.000000,0.312000,0.000000); 13.8897
(2.000000,0.316000,0.000000); 13.8857
(2.000000,0.320000,0.000000); 13.8817
(2.000000,0.324000,0.000000); 13.8776
(2.000000,0.328000,0.000000); 13.8736
(2.000000,0.332000,0.000000); 13.8696
(2.000000,0.336000,0.000000); 13.8656
(2.000000,0.340000,0.000000); 13.8616
(2.000000,0.344000,0.000000); 13.8575
(2.000000,0.348000,0.000000); 13.8535
(2.000000,0.352000,0.000000); 13.8495
(2.000000,0.356000,0.000000); 13.8455
(2.000000,0.360000,0.000000); 13.8415
(2.000000,0.364000,0.000000); 13.8374
(2.000000,0.368000,0.000000); 13.8334
(2.000000,0.372000,0.000000); 13.8294
(2.000000,0.376000,0.000000); 13.8254
(2.000000,0.380000,0.000000); 13.8214
(2.000000,0.384000,0.000000); 13.8173
(2.000000,0.388000,0.000000); 13.8133
(2.000000,0.392000,0.000000); 13.8093
(2.000000,0.396000,0.000000); 13.8053
(2.000000,0.400000,0.000000); 13.8013
(2.000000,0.404000,0.000000); 13.7973
(2.000000,0.408000,0.000000); 13.7932
(2.000000,0.412000,0.000000); 13.7892
(2.000000,0.416000,0.000000); 13.7852
(2.000000,0.420000,0.000000); 13.7812
(2.000000,0.424000,0.000000); 13.7772
(2.000000,0.428000,0.000000); 13.7732
(2.000000,0.432000,0.000000); 13.7692
(2.000000,0.436000,0.000000); 13.7651
(2.000000,0.440000,0.000000); 13.7611
(2.000000,0.444000,0.000000); 13.7571
(2.000000,0.448000,0.000000); 13.7531
(2.000000,0.452000,0.000000); 13.7491
(2.000000,0.456000,0.000000); 13.7451
(2.000000,0.460000,0.000000); 13.741
(2.000000,0.464000,0.000000); 13.737
(2.000000,0.468000,0.000000); 13.733
(2.000000,0.472000,0.000000); 13.729
(2.000000,0.476000,0.000000); 13.725
(2.000000,0.480000,0.000000); 13.721
(2.000000,0.484000,0.000000); 13.7169
(2.000000,0.488000,0.000000); 13.7129
(2.000000,0.492000,0.000000); 13.7089
(2.000000,0.496000,0.000000); 13.7049
(2.000000,0.500000,0.000000); 13.7009
(2.000000,0.504000,0.000000); 13.6969
(2.000000,0.508000,0.000000); 13.6928
(2.000000,0.512000,0.000000); 13.6888
(2.000000,0.516000,0.000000); 13.6848
(2.000000,0.520000,0.000000); 13.6808
(2.000000,0.524000,0.000000); 13.6768
(2.000000,0.528000,0.000000); 13.6728
(2.000000,0.532000,0.000000); 13.6688
(2.000000,0.536000,0.000000); 13.6647
(2.000000,0.540000,0.000000); 13.6607
(2.000000,0.544000,0.000000); 13.6567
(2.000000,0.548000,0.000000); 13.6527
(2.000000,0.552000,0.000000); 13.6487
(2.000000,0.556000,0.000000); 13.6447
(2.000000,0.560000,0.000000); 13.6407
(2.000000,0.564000,0.000000); 13.6366
(2.000000,0.568000,0.000000); 13.6326
(2.000000,0.572000,0.000000); 13.6286
(2.000000,0.576000,0.000000); 13.6246
(2.000000,0.580000,0.000000); 13.6206
(2.000000,0.584000,0.000000); 13.6166
(2.000000,0.588000,0.000000); 13.6126
(2.000000,0.592000,0.000000); 13.6085
(2.000000,0.596000,0.000000); 13.6045
(2.000000,0.600000,0.000000); 13.6005
(2.000000,0.604000,0.000000); 13.5965
(2.000000,0.608000,0.000000); 13.5925
(2.000000,0.612000,0.000000); 13.5885
(2.000000,0.616000,0.000000); 13.5845
(2.000000,0.620000,0.000000); 13.5804
(2.000000,0.624000,0.000000); 13.5764
(2.000000,0.628000,0.000000); 13.5724
(2.000000,0.632000,0.000000); 13.5684
(2.000000,0.636000,0.000000); 13.5644
(2.000000,0.640000,0.000000); 13.5604
(2.000000,0.644000,0.000000); 13.5564
(2.000000,0.648000,0.000000); 13.5524
(2.000000,0.652000,0.000000); 13.5483
(2.000000,0.656000,0.000000); 13.5443
(2.000000,0.660000,0.000000); 13.5403
(2.000000,0.664000,0.000000); 13.5363
(2.000000,0.668000,0.000000); 13.5323
(2.000000,0.672000,0.000000); 13.5283
(2.000000,0.676000,0.000000); 13.5243
(2.000000,0.680000,0.000000); 13.5203
(2.000000,0.684000,0.000000); 13.5162
(2.000000,0.688000,0.000000); 13.5122
(2.000000,0.692000,0.000000); 13.5082
(2.000000,0.696000,0.000000); 13.5042
(2.000000,0.700000,0.000000); 13.5002
(2.000000,0.704000,0.000000); 13.4962
(2.000000,0.708000,0.000000); 13.4922
(2.000000,0.712000,0.000000); 13.4882
(2.000000,0.716000,0.000000); 13.4841
(2.000000,0.720000,0.000000); 13.4801
(2.000000,0.724000,0.000000); 13.4761
(2.000000,0.728000,0.000000); 13.4721
(2.000000,0.732000,0.000000); 13.4681
(2.000000,0.736000,0.000000); 13.4641
(2.000000,0.740000,0.000000); 13.4601
(2.000000,0.744000,0.000000); 13.4561
(2.000000,0.748000,0.000000); 13.4521
(2.000000,0.752000,0.000000); 13.448
(2.000000,0.756000,0.000000); 13.444
(2.000000,0.760000,0.000000); 13.44
(2.000000,0.764000,0.000000); 13.436
(2.000000,0.768000,0.000000); 13.432
(2.000000,0.772000,0.000000); 13.428
(2.000000,0.776000,0.000000); 13.424
(2.000000,0.780000,0.000000); 13.42
(2.000000,0.784000,0.000000); 13.416
(2.000000,0.788000,0.000000); 13.4119
(2.000000,0.792000,0.000000); 13.4079
(2.000000,0.796000,0.000000); 13.4039
(2.000000,0.800000,0.000000); 13.3999
(2.000000,0.804000,0.000000); 13.3959
(2.000000,0.808000,0.000000); 13.3919
(2.000000,0.812000,0.000000); 13.3879
(2.000000,0.816000,0.000000); 13.3839
(2.000000,0.820000,0.000000); 13.3799
(2.000000,0.824000,0.000000); 13.3758
(2.000000,0.828000,0.000000); 13.3718
(2.000000,0.832000,0.000000); 13.3678
(2.000000,0.836000,0.000000); 13.3638
(2.000000,0.840000,0.000000); 13.3598
(2.000000,0.844000,0.000000); 13.3558
(2.000000,0.848000,0.000000); 13.3518
(2.000000,0.852000,0.000000); 13.3478
(2.000000,0.856000,0.000000); 13.3438
(2.000000,0.860000,0.000000); 13.3397
(2.000000,0.864000,0.000000); 13.3357
(2.000000,0.868000,0.000000); 13.3317
(2.000000,0.872000,0.000000); 13.3277
(2.000000,0.876000,0.000000); 13.3237
(2.000000,0.880000,0.000000); 13.3197
(2.000000,0.884000,0.000000); 13.3157
(2.000000,0.888000,0.000000); 13.3117
(2.000000,0.892000,0.000000); 13.3077
(2.000000,0.896000,0.000000); 13.3037
(2.000000,0.900000,0.000000); 13.2996
(2.000000,0.904000,0.000000); 13.2956
(2.000000,0.908000,0.000000); 13.2916
(2.000000,0.912000,0.000000); 13.2876
(2.000000,0.916000,0.000000); 13.2836
(2.000000,0.920000,0.000000); 13.2796
(2.000000,0.924000,0.000000); 13.2756
(2.000000,0.928000,0.000000); 13.2716
(2.000000,0.932000,0.000000); 13.2676
(2.000000,0.936000,0.000000); 13.2635
(2.000000,0.940000,0.000000); 13.2595
(2.000000,0.944000,0.000000); 13.2555
(2.000000,0.948000,0.000000); 13.2515
(2.000000,0.952000,0.000000); 13.2475
(2.000000,0.956000,0.000000); 13.2435
(2.000000,0.960000,0.000000); 13.2395
(2.000000,0.964000,0.000000); 13.2355
(2.000000,0.968000,0.000000); 13.2315
(2.000000,0.972000,0.000000); 13.2275
(2.000000,0.976000,0.000000); 13.2234
(2.000000,0.980000,0.000000); 13.2194
(2.000000,0.984000,0.000000); 13.2154
(2.000000,0.988000,0.000000); 13.2114
(2.000000,0.992000,0.000000); 13.2074
(2.000000,0.996000,0.000000); 13.2034
(2.000000,1.000000,0.000000); 13.1994
(2.000000,1.004000,0.000000); 13.1954
(2.000000,1.008000,0.000000); 13.1914
(2.000000,1.012000,0.000000); 13.1874
(2.000000,1.016000,0.000000); 13.1834
(2.000000,1.020000,0.000000); 13.1793
(2.000000,1.024000,0.000000); 13.1753
(2.000000,1.028000,0.000000); 13.1713
(2.000000,1.032000,0.000000); 13.1673
(2.000000,1.036000,0.000000); 13.1633
(2.000000,1.040000,0.000000); 13.1593
(2.000000,1.044000,0.000000); 13.1553
(2.000000,1.048000,0.000000); 13.1513
(2.000000,1.052000,0.000000); 13.1473
(2.000000,1.056000,0.000000); 13.1433
(2.000000,1.060000,0.000000); 13.1392
(2.000000,1.064000,0.000000); 13.1352
(2.000000,1.068000,0.000000); 13.1312
(2.000000,1.072000,0.000000); 13.1272
(2.000000,1.076000,0.000000); 13.1232
(2.000000,1.080000,0.000000); 13.1192
(2.000000,1.084000,0.000000); 13.1152
(2.000000,1.088000,0.000000); 13.1112
(2.000000,1.092000,0.000000); 13.1072
(2.000000,1.096000,0.000000); 13.1032
(2.000000,1.100000,0.000000); 13.0992
(2.000000,1.104000,0.000000); 13.0951
(2.000000,1.108000,0.000000); 13.0911
(2.000000,1.112000,0.000000); 13.0871
(2.000000,1.116000,0.000000); 13.0831
(2.000000,1.120000,0.000000); 13.0791
(2.000000,1.124000,0.000000); 13.0751
(2.000000,1.128000,0.000000); 13.0711
(2.000000,1.132000,0.000000); 13.0671
(2.000000,1.136000,0.000000); 13.0631
(2.000000,1.140000,0.000000); 13.0591
(2.000000,1.144000,0.000000); 13.0551
(2.000000,1.148000,0.000000); 13.051
(2.000000,1.152000,0.000000); 13.047
(2.000000,1.156000,0.000000); 13.043
(2.000000,1.160000,0.000000); 13.039
(2.000000,1.164000,0.000000); 13.035
(2.000000,1.168000,0.000000); 13.031
(2.000000,1.172000,0.000000); 13.027
(2.000000,1.176000,0.000000); 13.023
(2.000000,1.180000,0.000000); 13.019
(2.000000,1.184000,0.000000); 13.015
(2.000000,1.188000,0.000000); 13.011
(2.000000,1.192000,0.000000); 13.007
(2.000000,1.196000,0.000000); 13.0029
(2.000000,1.200000,0.000000); 12.9989
(2.000000,1.204000,0.000000); 12.9949
(2.000000,1.208000,0.000000); 12.9909
(2.000000,1.212000,0.000000); 12.9869
(2.000000,1.216000,0.000000); 12.9829
(2.000000,1.220000,0.000000); 12.9789
(2.000000,1.224000,0.000000); 12.9749
(2.000000,1.228000,0.000000); 12.9709
(2.000000,1.232000,0.000000); 12.9669
(2.000000,1.236000,0.000000); 12.9629
(2.000000,1.240000,0.000000); 12.9588
(2.000000,1.244000,0.000000); 12.9548
(2.000000,1.248000,0.000000); 12.9508
(2.000000,1.252000,0.000000); 12.9468
(2.000000,1.256000,0.000000); 12.9428
(2.000000,1.260000,0.000000); 12.9388
(2.000000,1.264000,0.000000); 12.9348
(2.000000,1.268000,0.000000); 12.9308
(2.000000,1.272000,0.000000); 12.9268
(2.000000,1.276000,0.000000); 12.9228
(2.000000,1.280000,0.000000); 12.9188
(2.000000,1.284000,0.000000); 12.9148
(2.000000,1.288000,0.000000); 12.9107
(2.000000,1.292000,0.000000); 12.9067
(2.000000,1.296000,0.000000); 12.9027
(2.000000,1.300000,0.000000); 12.8987
(2.000000,1.304000,0.000000); 12.8947
(2.000000,1.308000,0.000000); 12.8907
(2.000000,1.312000,0.000000); 12.8867
(2.000000,1.316000,0.000000); 12.8827
(2.000000,1.320000,0.000000); 12.8787
(2.000000,1.324000,0.000000); 12.8747
(2.000000,1.328000,0.000000); 12.8707
(2.000000,1.332000,0.000000); 12.8667
(2.000000,1.336000,0.000000); 12.8626
(2.000000,1.340000,0.000000); 12.8586
(2.000000,1.344000,0.000000); 12.8546
(2.000000,1.348000,0.000000); 12.8506
(2.000000,1.352000,0.000000); 12.8466
(2.000000,1.356000,0.000000); 12.8426
(2.000000,1.360000,0.000000); 12.8386
(2.000000,1.364000,0.000000); 12.8346
(2.000000,1.368000,0.000000); 12.8306
(2.000000,1.372000,0.000000); 12.8266
(2.000000,1.376000,0.000000); 12.8226
(2.000000,1.380000,0.000000); 12.8186
(2.000000,1.384000,0.000000); 12.8145
(2.000000,1.388000,0.000000); 12.8105
(2.000000,1.392000,0.000000); 12.8065
(2.000000,1.396000,0.000000); 12.8025
(2.000000,1.400000,0.000000); 12.7985
(2.000000,1.404000,0.000000); 12.7945
(2.000000,1.408000,0.000000); 12.7905
(2.000000,1.412000,0.000000); 12.7865
(2.000000,1.416000,0.000000); 12.7825
(2.000000,1.420000,0.000000); 12.7785
(2.000000,1.424000,0.000000); 12.7745
(2.000000,1.428000,0.000000); 12.7705
(2.000000,1.432000,0.000000); 12.7665
(2.000000,1.436000,0.000000); 12.7624
(2.000000,1.440000,0.000000); 12.7584
(2.000000,1.444000,0.000000); 12.7544
(2.000000,1.448000,0.000000); 12.7504
(2.000000,1.452000,0.000000); 12.7464
(2.000000,1.456000,0.000000); 12.7424
(2.000000,1.460000,0.000000); 12.7384
(2.000000,1.464000,0.000000); 12.7344
(2.000000,1.468000,0.000000); 12.7304
(2.000000,1.472000,0.000000); 12.7264
(2.000000,1.476000,0.000000); 12.7224
(2.000000,1.480000,0.000000); 12.7184
(2.000000,1.484000,0.000000); 12.7144
(2.000000,1.488000,0.000000); 12.7103
(2.000000,1.492000,0.000000); 12.7063
(2.000000,1.496000,0.000000); 12.7023
(2.000000,1.500000,0.000000); 12.6983
(2.000000,1.504000,0.000000); 12.6943
(2.000000,1.508000,0.000000); 12.6903
(2.000000,1.512000,0.000000); 12.6863
(2.000000,1.516000,0.000000); 12.6823
(2.000000,1.520000,0.000000); 12.6783
(2.000000,1.524000,0.000000); 12.6743
(2.000000,1.528000,0.000000); 12.6703
(2.000000,1.532000,0.000000); 12.6663
(2.000000,1.536000,0.000000); 12.6623
(2.000000,1.540000,0.000000); 12.6582
(2.000000,1.544000,0.000000); 12.6542
(2.000000,1.548000,0.000000); 12.6502
(2.000000,1.552000,0.000000); 12.6462
(2.000000,1.556000,0.000000); 12.6422
(2.000000,1.560000,0.000000); 12.6382
(2.000000,1.564000,0.000000); 12.6342
(2.000000,1.568000,0.000000); 12.6302
(2.000000,1.572000,0.000000); 12.6262
(2.000000,1.576000,0.000000); 12.6222
(2.000000,1.580000,0.000000); 12.6182
(2.000000,1.584000,0.000000); 12.6142
(2.000000,1.588000,0.000000); 12.6102
(2.000000,1.592000,0.000000); 12.6061
(2.000000,1.596000,0.000000); 12.6021
(2.000000,1.600000,0.000000); 12.5981
(2.000000,1.604000,0.000000); 12.5941
(2.000000,1.608000,0.000000); 12.5901
(2.000000,1.612000,0.000000); 12.5861
(2.000000,1.616000,0.000000); 12.5821
(2.000000,1.620000,0.000000); 12.5781
(2.000000,1.624000,0.000000); 12.5741
(2.000000,1.628000,0.000000); 12.5701
(2.000000,1.632000,0.000000); 12.5661
(2.000000,1.636000,0.000000); 12.5621
(2.000000,1.640000,0.000000); 12.5581
(2.000000,1.644000,0.000000); 12.554
(2.000000,1.648000,0.000000); 12.55
(2.000000,1.652000,0.000000); 12.546
(2.000000,1.656000,0.000000); 12.542
(2.000000,1.660000,0.000000); 12.538
(2.000000,1.664000,0.000000); 12.534
(2.000000,1.668000,0.000000); 12.53
(2.000000,1.672000,0.000000); 12.526
(2.000000,1.676000,0.000000); 12.522
(2.000000,1.680000,0.000000); 12.518
(2.000000,1.684000,0.000000); 12.514
(2.000000,1.688000,0.000000); 12.51
(2.000000,1.692000,0.000000); 12.506
(2.000000,1.696000,0.000000); 12.5019
(2.000000,1.700000,0.000000); 12.4979
(2.000000,1.704000,0.000000); 12.4939
(2.000000,1.708000,0.000000); 12.4899
(2.000000,1.712000,0.000000); 12.4859
(2.000000,1.716000,0.000000); 12.4819
(2.000000,1.720000,0.000000); 12.4779
(2.000000,1.724000,0.000000); 12.4739
(2.000000,1.728000,0.000000); 12.4699
(2.000000,1.732000,0.000000); 12.4659
(2.000000,1.736000,0.000000); 12.4619
(2.000000,1.740000,0.000000); 12.4579
(2.000000,1.744000,0.000000); 12.4539
(2.000000,1.748000,0.000000); 12.4499
(2.000000,1.752000,0.000000); 12.4458
(2.000000,1.756000,0.000000); 12.4418
(2.000000,1.760000,0.000000); 12.4378
(2.000000,1.764000,0.000000); 12.4338
(2.000000,1.768000,0.000000); 12.4298
(2.000000,1.772000,0.000000); 12.4258
(2.000000,1.776000,0.000000); 12.4218
(2.000000,1.780000,0.000000); 12.4178
(2.000000,1.784000,0.000000); 12.4138
(2.000000,1.788000,0.000000); 12.4098
(2.000000,1.792000,0.000000); 12.4058
(2.000000,1.796000,0.000000); 12.4018
(2.000000,1.800000,0.000000); 12.3978
(2.000000,1.804000,0.000000); 12.3938
(2.000000,1.808000,0.000000); 12.3897
(2.000000,1.812000,0.000000); 12.3857
(2.000000,1.816000,0.000000); 12.3817
(2.000000,1.820000,0.000000); 12.3777
(2.000000,1.824000,0.000000); 12.3737
(2.000000,1.828000,0.000000); 12.3697
(2.000000,1.832000,0.000000); 12.3657
(2.000000,1.836000,0.000000); 12.3617
(2.000000,1.840000,0.000000); 12.3577
(2.000000,1.844000,0.000000); 12.3537
(2.000000,1.848000,0.000000); 12.3497
(2.000000,1.852000,0.000000); 12.3457
(2.000000,1.856000,0.000000); 12.3417
(2.000000,1.860000,0.000000); 12.3376
(2.000000,1.864000,0.000000); 12.3336
(2.000000,1.868000,0.000000); 12.3296
(2.000000,1.872000,0.000000); 12.3256
(2.000000,1.876000,0.000000); 12.3216
(2.000000,1.880000,0.000000); 12.3176
(2.000000,1.884000,0.000000); 12.3136
(2.000000,1.888000,0.000000); 12.3096
(2.000000,1.892000,0.000000); 12.3056
(2.000000,1.896000,0.000000); 12.3016
(2.000000,1.900000,0.000000); 12.2976
(2.000000,1.904000,0.000000); 12.2936
(2.000000,1.908000,0.000000); 12.2896
(2.000000,1.912000,0.000000); 12.2856
(2.000000,1.916000,0.000000); 12.2815
(2.000000,1.920000,0.000000); 12.2775
(2.000000,1.924000,0.000000); 12.2735
(2.000000,1.928000,0.000000); 12.2695
(2.000000,1.932000,0.000000); 12.2655
(2.000000,1.936000,0.000000); 12.2615
(2.000000,1.940000,0.000000); 12.2575
(2.000000,1.944000,0.000000); 12.2535
(2.000000,1.948000,0.000000); 12.2495
(2.000000,1.952000,0.000000); 12.2455
(2.000000,1.956000,0.000000); 12.2415
(2.000000,1.960000,0.000000); 12.2375
(2.000000,1.964000,0.000000); 12.2335
(2.000000,1.968000,0.000000); 12.2295
(2.000000,1.972000,0.000000); 12.2254
(2.000000,1.976000,0.000000); 12.2214
(2.000000,1.980000,0.000000); 12.2174
(2.000000,1.984000,0.000000); 12.2134
(2.000000,1.988000,0.000000); 12.2094
(2.000000,1.992000,0.000000); 12.2054
(2.000000,1.996000,0.000000); 12.2014
(2.000000,2.000000,0.000000); 12.1974
(2.000000,2.004000,0.000000); 12.1934
(2.000000,2.008000,0.000000); 12.1894
(2.000000,2.012000,0.000000); 12.1854
(2.000000,2.016000,0.000000); 12.1814
(2.000000,2.020000,0.000000); 12.1774
(2.000000,2.024000,0.000000); 12.1734
(2.000000,2.028000,0.000000); 12.1694
(2.000000,2.032000,0.000000); 12.1653
(2.000000,2.036000,0.000000); 12.1613
(2.000000,2.040000,0.000000); 12.1573
(2.000000,2.044000,0.000000); 12.1533
(2.000000,2.048000,0.000000); 12.1493
(2.000000,2.052000,0.000000); 12.1453
(2.000000,2.056000,0.000000); 12.1413
(2.000000,2.060000,0.000000); 12.1373
(2.000000,2.064000,0.000000); 12.1333
(2.000000,2.068000,0.000000); 12.1293
(2.000000,2.072000,0.000000); 12.1253
(2.000000,2.076000,0.000000); 12.1213
(2.000000,2.080000,0.000000); 12.1173
(2.000000,2.084000,0.000000); 12.1133
(2.000000,2.088000,0.000000); 12.1092
(2.000000,2.092000,0.000000); 12.1052
(2.000000,2.096000,0.000000); 12.1012
(2.000000,2.100000,0.000000); 12.0972
(2.000000,2.104000,0.000000); 12.0932
(2.000000,2.108000,0.000000); 12.0892
(2.000000,2.112000,0.000000); 12.0852
(2.000000,2.116000,0.000000); 12.0812
(2.000000,2.120000,0.000000); 12.0772
(2.000000,2.124000,0.000000); 12.0732
(2.000000,2.128000,0.000000); 12.0692
(2.000000,2.132000,0.000000); 12.0652
(2.000000,2.136000,0.000000); 12.0612
(2.000000,2.140000,0.000000); 12.0572
(2.000000,2.144000,0.000000); 12.0531
(2.000000,2.148000,0.000000); 12.0491
(2.000000,2.152000,0.000000); 12.0451
(2.000000,2.156000,0.000000); 12.0411
(2.000000,2.160000,0.000000); 12.0371
(2.000000,2.164000,0.000000); 12.0331
(2.000000,2.168000,0.000000); 12.0291
(2.000000,2.172000,0.000000); 12.0251
(2.000000,2.176000,0.000000); 12.0211
(2.000000,2.180000,0.000000); 12.0171
(2.000000,2.184000,0.000000); 12.0131
(2.000000,2.188000,0.000000); 12.0091
(2.000000,2.192000,0.000000); 12.0051
(2.000000,2.196000,0.000000); 12.0011
(2.000000,2.200000,0.000000); 11.9971
(2.000000,2.204000,0.000000); 11.993
(2.000000,2.208000,0.000000); 11.989
(2.000000,2.212000,0.000000); 11.985
(2.000000,2.216000,0.000000); 11.981
(2.000000,2.220000,0.000000); 11.977
(2.000000,2.224000,0.000000); 11.973
(2.000000,2.228000,0.000000); 11.969
(2.000000,2.232000,0.000000); 11.965
(2.000000,2.236000,0.000000); 11.961
(2.000000,2.240000,0.000000); 11.957
(2.000000,2.244000,0.000000); 11.953
(2.000000,2.248000,0.000000); 11.949
(2.000000,2.252000,0.000000); 11.945
(2.000000,2.256000,0.000000); 11.941
(2.000000,2.260000,0.000000); 11.9369
(2.000000,2.264000,0.000000); 11.9329
(2.000000,2.268000,0.000000); 11.9289
(2.000000,2.272000,0.000000); 11.9249
(2.000000,2.276000,0.000000); 11.9209
(2.000000,2.280000,0.000000); 11.9169
(2.000000,2.284000,0.000000); 11.9129
(2.000000,2.288000,0.000000); 11.9089
(2.000000,2.292000,0.000000); 11.9049
(2.000000,2.296000,0.000000); 11.9009
(2.000000,2.300000,0.000000); 11.8969
(2.000000,2.304000,0.000000); 11.8929
(2.000000,2.308000,0.000000); 11.8889
(2.000000,2.312000,0.000000); 11.8849
(2.000000,2.316000,0.000000); 11.8809
(2.000000,2.320000,0.000000); 11.8768
(2.000000,2.324000,0.000000); 11.8728
(2.000000,2.328000,0.000000); 11.8688
(2.000000,2.332000,0.000000); 11.8648
(2.000000,2.336000,0.000000); 11.8608
(2.000000,2.340000,0.000000); 11.8568
(2.000000,2.344000,0.000000); 11.8528
(2.000000,2.348000,0.000000); 11.8488
(2.000000,2.352000,0.000000); 11.8448
(2.000000,2.356000,0.000000); 11.8408
(2.000000,2.360000,0.000000); 11.8368
(2.000000,2.364000,0.000000); 11.8328
(2.000000,2.368000,0.000000); 11.8288
(2.000000,2.372000,0.000000); 11.8248
(2.000000,2.376000,0.000000); 11.8208
(2.000000,2.380000,0.000000); 11.8167
(2.000000,2.384000,0.000000); 11.8127
(2.000000,2.388000,0.000000); 11.8087
(2.000000,2.392000,0.000000); 11.8047
(2.000000,2.396000,0.000000); 11.8007
(2.000000,2.400000,0.000000); 11.7967
(2.000000,2.404000,0.000000); 11.7927
(2.000000,2.408000,0.000000); 11.7887
(2.000000,2.412000,0.000000); 11.7847
(2.000000,2.416000,0.000000); 11.7807
(2.000000,2.420000,0.000000); 11.7767
(2.000000,2.424000,0.000000); 11.7727
(2.000000,2.428000,0.000000); 11.7687
(2.000000,2.432000,0.000000); 11.7647
(2.000000,2.436000,0.000000); 11.7606
(2.000000,2.440000,0.000000); 11.7566
(2.000000,2.444000,0.000000); 11.7526
(2.000000,2.448000,0.000000); 11.7486
(2.000000,2.452000,0.000000); 11.7446
(2.000000,2.456000,0.000000); 11.7406
(2.000000,2.460000,0.000000); 11.7366
(2.000000,2.464000,0.000000); 11.7326
(2.000000,2.468000,0.000000); 11.7286
(2.000000,2.472000,0.000000); 11.7246
(2.000000,2.476000,0.000000); 11.7206
(2.000000,2.480000,0.000000); 11.7166
(2.000000,2.484000,0.000000); 11.7126
(2.000000,2.488000,0.000000); 11.7086
(2.000000,2.492000,0.000000); 11.7046
(2.000000,2.496000,0.000000); 11.7005
(2.000000,2.500000,0.000000); 11.6965
(2.000000,2.504000,0.000000); 11.6925
(2.000000,2.508000,0.000000); 11.6885
(2.000000,2.512000,0.000000); 11.6845
(2.000000,2.516000,0.000000); 11.6805
(2.000000,2.520000,0.000000); 11.6765
(2.000000,2.524000,0.000000); 11.6725
(2.000000,2.528000,0.000000); 11.6685
(2.000000,2.532000,0.000000); 11.6645
(2.000000,2.536000,0.000000); 11.6605
(2.000000,2.540000,0.000000); 11.6565
(2.000000,2.544000,0.000000); 11.6525
(2.000000,2.548000,0.000000); 11.6485
(2.000000,2.552000,0.000000); 11.6445
(2.000000,2.556000,0.000000); 11.6404
(2.000000,2.560000,0.000000); 11.6364
(2.000000,2.564000,0.000000); 11.6324
(2.000000,2.568000,0.000000); 11.6284
(2.000000,2.572000,0.000000); 11.6244
(2.000000,2.576000,0.000000); 11.6204
(2.000000,2.580000,0.000000); 11.6164
(2.000000,2.584000,0.000000); 11.6124
(2.000000,2.588000,0.000000); 11.6084
(2.000000,2.592000,0.000000); 11.6044
(2.000000,2.596000,0.000000); 11.6004
(2.000000,2.600000,0.000000); 11.5964
(2.000000,2.604000,0.000000); 11.5924
(2.000000,2.608000,0.000000); 11.5884
(2.000000,2.612000,0.000000); 11.5844
(2.000000,2.616000,0.000000); 11.5803
(2.000000,2.620000,0.000000); 11.5763
(2.000000,2.624000,0.000000); 11.5723
(2.000000,2.628000,0.000000); 11.5683
(2.000000,2.632000,0.000000); 11.5643
(2.000000,2.636000,0.000000); 11.5603
(2.000000,2.640000,0.000000); 11.5563
(2.000000,2.644000,0.000000); 11.5523
(2.000000,2.648000,0.000000); 11.5483
(2.000000,2.652000,0.000000); 11.5443
(2.000000,2.656000,0.000000); 11.5403
(2.000000,2.660000,0.000000); 11.5363
(2.000000,2.664000,0.000000); 11.5323
(2.000000,2.668000,0.000000); 11.5283
(2.000000,2.672000,0.000000); 11.5243
(2.000000,2.676000,0.000000); 11.5202
(2.000000,2.680000,0.000000); 11.5162
(2.000000,2.684000,0.000000); 11.5122
(2.000000,2.688000,0.000000); 11.5082
(2.000000,2.692000,0.000000); 11.5042
(2.000000,2.696000,0.000000); 11.5002
(2.000000,2.700000,0.000000); 11.4962
(2.000000,2.704000,0.000000); 11.4922
(2.000000,2.708000,0.000000); 11.4882
(2.000000,2.712000,0.000000); 11.4842
(2.000000,2.716000,0.000000); 11.4802
(2.000000,2.720000,0.000000); 11.4762
(2.000000,2.724000,0.000000); 11.4722
(2.000000,2.728000,0.000000); 11.4682
(2.000000,2.732000,0.000000); 11.4642
(2.000000,2.736000,0.000000); 11.4601
(2.000000,2.740000,0.000000); 11.4561
(2.000000,2.744000,0.000000); 11.4521
(2.000000,2.748000,0.000000); 11.4481
(2.000000,2.752000,0.000000); 11.4441
(2.000000,2.756000,0.000000); 11.4401
(2.000000,2.760000,0.000000); 11.4361
(2.000000,2.764000,0.000000); 11.4321
(2.000000,2.768000,0.000000); 11.4281
(2.000000,2.772000,0.000000); 11.4241
(2.000000,2.776000,0.000000); 11.4201
(2.000000,2.780000,0.000000); 11.4161
(2.000000,2.784000,0.000000); 11.4121
(2.000000,2.788000,0.000000); 11.4081
(2.000000,2.792000,0.000000); 11.4041
(2.000000,2.796000,0.000000); 11.4
(2.000000,2.800000,0.000000); 11.396
(2.000000,2.804000,0.000000); 11.392
(2.000000,2.808000,0.000000); 11.388
(2.000000,2.812000,0.000000); 11.384
(2.000000,2.816000,0.000000); 11.38
(2.000000,2.820000,0.000000); 11.376
(2.000000,2.824000,0.000000); 11.372
(2.000000,2.828000,0.000000); 11.368
(2.000000,2.832000,0.000000); 11.364
(2.000000,2.836000,0.000000); 11.36
(2.000000,2.840000,0.000000); 11.356
(2.000000,2.844000,0.000000); 11.352
(2.000000,2.848000,0.000000); 11.348
(2.000000,2.852000,0.000000); 11.344
(2.000000,2.856000,0.000000); 11.34
(2.000000,2.860000,0.000000); 11.3359
(2.000000,2.864000,0.000000); 11.3319
(2.000000,2.868000,0.000000); 11.3279
(2.000000,2.872000,0.000000); 11.3239
(2.000000,2.876000,0.000000); 11.3199
(2.000000,2.880000,0.000000); 11.3159
(2.000000,2.884000,0.000000); 11.3119
(2.000000,2.888000,0.000000); 11.3079
(2.000000,2.892000,0.000000); 11.3039
(2.000000,2.896000,0.000000); 11.2999
(2.000000,2.900000,0.000000); 11.2959
(2.000000,2.904000,0.000000); 11.2919
(2.000000,2.908000,0.000000); 11.2879
(2.000000,2.912000,0.000000); 11.2839
(2.000000,2.916000,0.000000); 11.2799
(2.000000,2.920000,0.000000); 11.2758
(2.000000,2.924000,0.000000); 11.2718
(2.000000,2.928000,0.000000); 11.2678
(2.000000,2.932000,0.000000); 11.2638
(2.000000,2.936000,0.000000); 11.2598
(2.000000,2.940000,0.000000); 11.2558
(2.000000,2.944000,0.000000); 11.2518
(2.000000,2.948000,0.000000); 11.2478
(2.000000,2.952000,0.000000); 11.2438
(2.000000,2.956000,0.000000); 11.2398
(2.000000,2.960000,0.000000); 11.2358
(2.000000,2.964000,0.000000); 11.2318
(2.000000,2.968000,0.000000); 11.2278
(2.000000,2.972000,0.000000); 11.2238
(2.000000,2.976000,0.000000); 11.2198
(2.000000,2.980000,0.000000); 11.2157
(2.000000,2.984000,0.000000); 11.2117
(2.000000,2.988000,0.000000); 11.2077
(2.000000,2.992000,0.000000); 11.2037
(2.000000,2.996000,0.000000); 11.1997
(2.000000,3.000000,0.000000); 11.1957
(2.000000,3.004000,0.000000); 11.1917
(2.000000,3.008000,0.000000); 11.1877
(2.000000,3.012000,0.000000); 11.1837
(2.000000,3.016000,0.000000); 11.1797
(2.000000,3.020000,0.000000); 11.1757
(2.000000,3.024000,0.000000); 11.1717
(2.000000,3.028000,0.000000); 11.1677
(2.000000,3.032000,0.000000); 11.1637
(2.000000,3.036000,0.000000); 11.1597
(2.000000,3.040000,0.000000); 11.1556
(2.000000,3.044000,0.000000); 11.1516
(2.000000,3.048000,0.000000); 11.1476
(2.000000,3.052000,0.000000); 11.1436
(2.000000,3.056000,0.000000); 11.1396
(2.000000,3.060000,0.000000); 11.1356
(2.000000,3.064000,0.000000); 11.1316
(2.000000,3.068000,0.000000); 11.1276
(2.000000,3.072000,0.000000); 11.1236
(2.000000,3.076000,0.000000); 11.1196
(2.000000,3.080000,0.000000); 11.1156
(2.000000,3.084000,0.000000); 11.1116
(2.000000,3.088000,0.000000); 11.1076
(2.000000,3.092000,0.000000); 11.1036
(2.000000,3.096000,0.000000); 11.0996
(2.000000,3.100000,0.000000); 11.0956
(2.000000,3.104000,0.000000); 11.0915
(2.000000,3.108000,0.000000); 11.0875
(2.000000,3.112000,0.000000); 11.0835
(2.000000,3.116000,0.000000); 11.0795
(2.000000,3.120000,0.000000); 11.0755
(2.000000,3.124000,0.000000); 11.0715
(2.000000,3.128000,0.000000); 11.0675
(2.000000,3.132000,0.000000); 11.0635
(2.000000,3.136000,0.000000); 11.0595
(2.000000,3.140000,0.000000); 11.0555
(2.000000,3.144000,0.000000); 11.0515
(2.000000,3.148000,0.000000); 11.0475
(2.000000,3.152000,0.000000); 11.0435
(2.000000,3.156000,0.000000); 11.0395
(2.000000,3.160000,0.000000); 11.0355
(2.000000,3.164000,0.000000); 11.0314
(2.000000,3.168000,0.000000); 11.0274
(2.000000,3.172000,0.000000); 11.0234
(2.000000,3.176000,0.000000); 11.0194
(2.000000,3.180000,0.000000); 11.0154
(2.000000,3.184000,0.000000); 11.0114
(2.000000,3.188000,0.000000); 11.0074
(2.000000,3.192000,0.000000); 11.0034
(2.000000,3.196000,0.000000); 10.9994
(2.000000,3.200000,0.000000); 10.9954
(2.000000,3.204000,0.000000); 10.9914
(2.000000,3.208000,0.000000); 10.9874
(2.000000,3.212000,0.000000); 10.9834
(2.000000,3.216000,0.000000); 10.9794
(2.000000,3.220000,0.000000); 10.9754
(2.000000,3.224000,0.000000); 10.9714
(2.000000,3.228000,0.000000); 10.9673
(2.000000,3.232000,0.000000); 10.9633
(2.000000,3.236000,0.000000); 10.9593
(2.000000,3.240000,0.000000); 10.9553
(2.000000,3.244000,0.000000); 10.9513
(2.000000,3.248000,0.000000); 10.9473
(2.000000,3.252000,0.000000); 10.9433
(2.000000,3.256000,0.000000); 10.9393
(2.000000,3.260000,0.000000); 10.9353
(2.000000,3.264000,0.000000); 10.9313
(2.000000,3.268000,0.000000); 10.9273
(2.000000,3.272000,0.000000); 10.9233
(2.000000,3.276000,0.000000); 10.9193
(2.000000,3.280000,0.000000); 10.9153
(2.000000,3.284000,0.000000); 10.9113
(2.000000,3.288000,0.000000); 10.9072
(2.000000,3.292000,0.000000); 10.9032
(2.000000,3.296000,0.000000); 10.8992
(2.000000,3.300000,0.000000); 10.8952
(2.000000,3.304000,0.000000); 10.8912
(2.000000,3.308000,0.000000); 10.8872
(2.000000,3.312000,0.000000); 10.8832
(2.000000,3.316000,0.000000); 10.8792
(2.000000,3.320000,0.000000); 10.8752
(2.000000,3.324000,0.000000); 10.8712
(2.000000,3.328000,0.000000); 10.8672
(2.000000,3.332000,0.000000); 10.8632
(2.000000,3.336000,0.000000); 10.8592
(2.000000,3.340000,0.000000); 10.8552
(2.000000,3.344000,0.000000); 10.8512
(2.000000,3.348000,0.000000); 10.8472
(2.000000,3.352000,0.000000); 10.8431
(2.000000,3.356000,0.000000); 10.8391
(2.000000,3.360000,0.000000); 10.8351
(2.000000,3.364000,0.000000); 10.8311
(2.000000,3.368000,0.000000); 10.8271
(2.000000,3.372000,0.000000); 10.8231
(2.000000,3.376000,0.000000); 10.8191
(2.000000,3.380000,0.000000); 10.8151
(2.000000,3.384000,0.000000); 10.8111
(2.000000,3.388000,0.000000); 10.8071
(2.000000,3.392000,0.000000); 10.8031
(2.000000,3.396000,0.000000); 10.7991
(2.000000,3.400000,0.000000); 10.7951
(2.000000,3.404000,0.000000); 10.7911
(2.000000,3.408000,0.000000); 10.7871
(2.000000,3.412000,0.000000); 10.783
(2.000000,3.416000,0.000000); 10.779
(2.000000,3.420000,0.000000); 10.775
(2.000000,3.424000,0.000000); 10.771
(2.000000,3.428000,0.000000); 10.767
(2.000000,3.432000,0.000000); 10.763
(2.000000,3.436000,0.000000); 10.759
(2.000000,3.440000,0.000000); 10.755
(2.000000,3.444000,0.000000); 10.751
(2.000000,3.448000,0.000000); 10.747
(2.000000,3.452000,0.000000); 10.743
(2.000000,3.456000,0.000000); 10.739
(2.000000,3.460000,0.000000); 10.735
(2.000000,3.464000,0.000000); 10.731
(2.000000,3.468000,0.000000); 10.727
(2.000000,3.472000,0.000000); 10.7229
(2.000000,3.476000,0.000000); 10.7189
(2.000000,3.480000,0.000000); 10.7149
(2.000000,3.484000,0.000000); 10.7109
(2.000000,3.488000,0.000000); 10.7069
(2.000000,3.492000,0.000000); 10.7029
(2.000000,3.496000,0.000000); 10.6989
(2.000000,3.500000,0.000000); 10.6949
(2.000000,3.504000,0.000000); 10.6909
(2.000000,3.508000,0.000000); 10.6869
(2.000000,3.512000,0.000000); 10.6829
(2.000000,3.516000,0.000000); 10.6789
(2.000000,3.520000,0.000000); 10.6749
(2.000000,3.524000,0.000000); 10.6709
(2.000000,3.528000,0.000000); 10.6669
(2.000000,3.532000,0.000000); 10.6628
(2.000000,3.536000,0.000000); 10.6588
(2.000000,3.540000,0.000000); 10.6548
(2.000000,3.544000,0.000000); 10.6508
(2.000000,3.548000,0.000000); 10.6468
(2.000000,3.552000,0.000000); 10.6428
(2.000000,3.556000,0.000000); 10.6388
(2.000000,3.560000,0.000000); 10.6348
(2.000000,3.564000,0.000000); 10.6308
(2.000000,3.568000,0.000000); 10.6268
(2.000000,3.572000,0.000000); 10.6228
(2.000000,3.576000,0.000000); 10.6188
(2.000000,3.580000,0.000000); 10.6148
(2.000000,3.584000,0.000000); 10.6108
(2.000000,3.588000,0.000000); 10.6068
(2.000000,3.592000,0.000000); 10.6027
(2.000000,3.596000,0.000000); 10.5987
(2.000000,3.600000,0.000000); 10.5947
(2.000000,3.604000,0.000000); 10.5907
(2.000000,3.608000,0.000000); 10.5867
(2.000000,3.612000,0.000000); 10.5827
(2.000000,3.616000,0.000000); 10.5787
(2.000000,3.620000,0.000000); 10.5747
(2.000000,3.624000,0.000000); 10.5707
(2.000000,3.628000,0.000000); 10.5667
(2.000000,3.632000,0.000000); 10.5627
(2.000000,3.636000,0.000000); 10.5587
(2.000000,3.640000,0.000000); 10.5547
(2.000000,3.644000,0.000000); 10.5507
(2.000000,3.648000,0.000000); 10.5467
(2.000000,3.652000,0.000000); 10.5426
(2.000000,3.656000,0.000000); 10.5386
(2.000000,3.660000,0.000000); 10.5346
(2.000000,3.664000,0.000000); 10.5306
(2.000000,3.668000,0.000000); 10.5266
(2.000000,3.672000,0.000000); 10.5226
(2.000000,3.676000,0.000000); 10.5186
(2.000000,3.680000,0.000000); 10.5146
(2.000000,3.684000,0.000000); 10.5106
(2.000000,3.688000,0.000000); 10.5066
(2.000000,3.692000,0.000000); 10.5026
(2.000000,3.696000,0.000000); 10.4986
(2.000000,3.700000,0.000000); 10.4946
(2.000000,3.704000,0.000000); 10.4906
(2.000000,3.708000,0.000000); 10.4865
(2.000000,3.712000,0.000000); 10.4825
(2.000000,3.716000,0.000000); 10.4785
(2.000000,3.720000,0.000000); 10.4745
(2.000000,3.724000,0.000000); 10.4705
(2.000000,3.728000,0.000000); 10.4665
(2.000000,3.732000,0.000000); 10.4625
(2.000000,3.736000,0.000000); 10.4585
(2.000000,3.740000,0.000000); 10.4545
(2.000000,3.744000,0.000000); 10.4505
(2.000000,3.748000,0.000000); 10.4465
(2.000000,3.752000,0.000000); 10.4425
(2.000000,3.756000,0.000000); 10.4384
(2.000000,3.760000,0.000000); 10.4344
(2.000000,3.764000,0.000000); 10.4304
(2.000000,3.768000,0.000000); 10.4264
(2.000000,3.772000,0.000000); 10.4224
(2.000000,3.776000,0.000000); 10.4184
(2.000000,3.780000,0.000000); 10.4144
(2.000000,3.784000,0.000000); 10.4104
(2.000000,3.788000,0.000000); 10.4064
(2.000000,3.792000,0.000000); 10.4024
(2.000000,3.796000,0.000000); 10.3984
(2.000000,3.800000,0.000000); 10.3944
(2.000000,3.804000,0.000000); 10.3904
(2.000000,3.808000,0.000000); 10.3863
(2.000000,3.812000,0.000000); 10.3823
(2.000000,3.816000,0.000000); 10.3783
(2.000000,3.820000,0.000000); 10.3743
(2.000000,3.824000,0.000000); 10.3703
(2.000000,3.828000,0.000000); 10.3663
(2.000000,3.832000,0.000000); 10.3623
(2.000000,3.836000,0.000000); 10.3583
(2.000000,3.840000,0.000000); 10.3543
(2.000000,3.844000,0.000000); 10.3502
(2.000000,3.848000,0.000000); 10.3462
(2.000000,3.852000,0.000000); 10.3422
(2.000000,3.856000,0.000000); 10.3382
(2.000000,3.860000,0.000000); 10.3342
(2.000000,3.864000,0.000000); 10.3302
(2.000000,3.868000,0.000000); 10.3262
(2.000000,3.872000,0.000000); 10.3222
(2.000000,3.876000,0.000000); 10.3182
(2.000000,3.880000,0.000000); 10.3142
(2.000000,3.884000,0.000000); 10.3102
(2.000000,3.888000,0.000000); 10.3061
(2.000000,3.892000,0.000000); 10.3021
(2.000000,3.896000,0.000000); 10.2981
(2.000000,3.900000,0.000000); 10.2941
(2.000000,3.904000,0.000000); 10.2901
(2.000000,3.908000,0.000000); 10.2861
(2.000000,3.912000,0.000000); 10.2821
(2.000000,3.916000,0.000000); 10.2781
(2.000000,3.920000,0.000000); 10.274
(2.000000,3.924000,0.000000); 10.27
(2.000000,3.928000,0.000000); 10.266
(2.000000,3.932000,0.000000); 10.262
(2.000000,3.936000,0.000000); 10.258
(2.000000,3.940000,0.000000); 10.2539
(2.000000,3.944000,0.000000); 10.2499
(2.000000,3.948000,0.000000); 10.2459
(2.000000,3.952000,0.000000); 10.2419
(2.000000,3.956000,0.000000); 10.2379
(2.000000,3.960000,0.000000); 10.2339
(2.000000,3.964000,0.000000); 10.2298
(2.000000,3.968000,0.000000); 10.2258
(2.000000,3.972000,0.000000); 10.2218
(2.000000,3.976000,0.000000); 10.2178
(2.000000,3.980000,0.000000); 10.2138
(2.000000,3.984000,0.000000); 10.2098
(2.000000,3.988000,0.000000); 10.2057
(2.000000,3.992000,0.000000); 10.2017
(2.000000,3.996000,0.000000); 10.1977
(2.000000,4.000000,0.000000); 10.1937
--
(2.000000,0.000000,0.000000); 12.2037
(2.000000,0.004000,0.000000); 12.2027
(2.000000,0.008000,0.000000); 12.2017
(2.000000,0.012000,0.000000); 12.2006
(2.000000,0.016000,0.000000); 12.1996
(2.000000,0.020000,0.000000); 12.1986
(2.000000,0.024000,0.000000); 12.1976
(2.000000,0.028000,0.000000); 12.1966
(2.000000,0.032000,0.000000); 12.1956
(2.000000,0.036000,0.000000); 12.1946
(2.000000,0.040000,0.000000); 12.1936
(2.000000,0.044000,0.000000); 12.1926
(2.000000,0.048000,0.000000); 12.1916
(2.000000,0.052000,0.000000); 12.1905
(2.000000,0.056000,0.000000); 12.1895
(2.000000,0.060000,0.000000); 12.1885
(2.000000,0.064000,0.000000); 12.1875
(2.000000,0.068000,0.000000); 12.1865
(2.000000,0.072000,0.000000); 12.1855
(2.000000,0.076000,0.000000); 12.1845
(2.000000,0.080000,0.000000); 12.1835
(2.000000,0.084000,0.000000); 12.1825
(2.000000,0.088000,0.000000); 12.1814
(2.000000,0.092000,0.000000); 12.1804
(2.000000,0.096000,0.000000); 12.1793
(2.000000,0.100000,0.000000); 12.1781
(2.000000,0.104000,0.000000); 12.1768
(2.000000,0.108000,0.000000); 12.1755
(2.000000,0.112000,0.000000); 12.1742
(2.000000,0.116000,0.000000); 12.1729
(2.000000,0.120000,0.000000); 12.1716
(2.000000,0.124000,0.000000); 12.1703
(2.000000,0.128000,0.000000); 12.169
(2.000000,0.132000,0.000000); 12.1677
(2.000000,0.136000,0.000000); 12.1665
(2.000000,0.140000,0.000000); 12.1652
(2.000000,0.144000,0.000000); 12.1639
(2.000000,0.148000,0.000000); 12.1626
(2.000000,0.152000,0.000000); 12.1613
(2.000000,0.156000,0.000000); 12.1601
(2.000000,0.160000,0.000000); 12.1588
(2.000000,0.164000,0.000000); 12.1576
(2.000000,0.168000,0.000000); 12.1563
(2.000000,0.172000,0.000000); 12.1551
(2.000000,0.176000,0.000000); 12.1538
(2.000000,0.180000,0.000000); 12.1526
(2.000000,0.184000,0.000000); 12.1513
(2.000000,0.188000,0.000000); 12.1501
(2.000000,0.192000,0.000000); 12.1486
(2.000000,0.196000,0.000000); 12.1469
(2.000000,0.200000,0.000000); 12.1452
(2.000000,0.204000,0.000000); 12.1435
(2.000000,0.208000,0.000000); 12.1418
(2.000000,0.212000,0.000000); 12.1402
(2.000000,0.216000,0.000000); 12.1385
(2.000000,0.220000,0.000000); 12.1368
(2.000000,0.224000,0.000000); 12.1351
(2.000000,0.228000,0.000000); 12.1334
(2.000000,0.232000,0.000000); 12.1318
(2.000000,0.236000,0.000000); 12.1301
(2.000000,0.240000,0.000000); 12.1284
(2.000000,0.244000,0.000000); 12.1267
(2.000000,0.248000,0.000000); 12.125
(2.000000,0.252000,0.000000); 12.1233
(2.000000,0.256000,0.000000); 12.1218
(2.000000,0.260000,0.000000); 12.1202
(2.000000,0.264000,0.000000); 12.1186
(2.000000,0.268000,0.000000); 12.117
(2.000000,0.272000,0.000000); 12.1154
(2.000000,0.276000,0.000000); 12.1139
(2.000000,0.280000,0.000000); 12.1123
(2.000000,0.284000,0.000000); 12.1107
(2.000000,0.288000,0.000000); 12.1087
(2.000000,0.292000,0.000000); 12.1067
(2.000000,0.296000,0.000000); 12.1047
(2.000000,0.300000,0.000000); 12.1027
(2.000000,0.304000,0.000000); 12.1007
(2.000000,0.308000,0.000000); 12.0988
(2.000000,0.312000,0.000000); 12.0968
(2.000000,0.316000,0.000000); 12.0949
(2.000000,0.320000,0.000000); 12.093
(2.000000,0.324000,0.000000); 12.091
(2.000000,0.328000,0.000000); 12.0891
(2.000000,0.332000,0.000000); 12.0871
(2.000000,0.336000,0.000000); 12.0852
(2.000000,0.340000,0.000000); 12.0832
(2.000000,0.344000,0.000000); 12.0813
(2.000000,0.348000,0.000000); 12.0793
(2.000000,0.352000,0.000000); 12.0774
(2.000000,0.356000,0.000000); 12.0754
(2.000000,0.360000,0.000000); 12.0735
(2.000000,0.364000,0.000000); 12.0716
(2.000000,0.368000,0.000000); 12.0696
(2.000000,0.372000,0.000000); 12.0677
(2.000000,0.376000,0.000000); 12.0657
(2.000000,0.380000,0.000000); 12.0637
(2.000000,0.384000,0.000000); 12.0614
(2.000000,0.388000,0.000000); 12.0591
(2.000000,0.392000,0.000000); 12.0568
(2.000000,0.396000,0.000000); 12.0545
(2.000000,0.400000,0.000000); 12.0521
(2.000000,0.404000,0.000000); 12.0498
(2.000000,0.408000,0.000000); 12.0475
(2.000000,0.412000,0.000000); 12.0452
(2.000000,0.416000,0.000000); 12.0429
(2.000000,0.420000,0.000000); 12.0406
(2.000000,0.424000,0.000000); 12.0383
(2.000000,0.428000,0.000000); 12.036
(2.000000,0.432000,0.000000); 12.0337
(2.000000,0.436000,0.000000); 12.0314
(2.000000,0.440000,0.000000); 12.0291
(2.000000,0.444000,0.000000); 12.0268
(2.000000,0.448000,0.000000); 12.0245
(2.000000,0.452000,0.000000); 12.0222
(2.000000,0.456000,0.000000); 12.0198
(2.000000,0.460000,0.000000); 12.0175
(2.000000,0.464000,0.000000); 12.0152
(2.000000,0.468000,0.000000); 12.0129
(2.000000,0.472000,0.000000); 12.0106
(2.000000,0.476000,0.000000); 12.0083
(2.000000,0.480000,0.000000); 12.006
(2.000000,0.484000,0.000000); 12.0037
(2.000000,0.488000,0.000000); 12.0015
(2.000000,0.492000,0.000000); 11.9992
(2.000000,0.496000,0.000000); 11.997
(2.000000,0.500000,0.000000); 11.9946
(2.000000,0.504000,0.000000); 11.992
(2.000000,0.508000,0.000000); 11.9895
(2.000000,0.512000,0.000000); 11.987
(2.000000,0.516000,0.000000); 11.9844
(2.000000,0.520000,0.000000); 11.9819
(2.000000,0.524000,0.000000); 11.9793
(2.000000,0.528000,0.000000); 11.9768
(2.000000,0.532000,0.000000); 11.9743
(2.000000,0.536000,0.000000); 11.9718
(2.000000,0.540000,0.000000); 11.9693
(2.000000,0.544000,0.000000); 11.9668
(2.000000,0.548000,0.000000); 11.9642
(2.000000,0.552000,0.000000); 11.9617
(2.000000,0.556000,0.000000); 11.9592
(2.000000,0.560000,0.000000); 11.9567
(2.000000,0.564000,0.000000); 11.9542
(2.000000,0.568000,0.000000); 11.9517
(2.000000,0.572000,0.000000); 11.9491
(2.000000,0.576000,0.000000); 11.9466
(2.000000,0.580000,0.000000); 11.9441
(2.000000,0.584000,0.000000); 11.9416
(2.000000,0.588000,0.000000); 11.9391
(2.000000,0.592000,0.000000); 11.9366
(2.000000,0.596000,0.000000); 11.934
(2.000000,0.600000,0.000000); 11.9315
(2.000000,0.604000,0.000000); 11.929
(2.000000,0.608000,0.000000); 11.9265
(2.000000,0.612000,0.000000); 11.924
(2.000000,0.616000,0.000000); 11.9215
(2.000000,0.620000,0.000000); 11.9188
(2.000000,0.624000,0.000000); 11.916
(2.000000,0.628000,0.000000); 11.9133
(2.000000,0.632000,0.000000); 11.9106
(2.000000,0.636000,0.000000); 11.9079
(2.000000,0.640000,0.000000); 11.9051
(2.000000,0.644000,0.000000); 11.9024
(2.000000,0.648000,0.000000); 11.8997
(2.000000,0.652000,0.000000); 11.8969
(2.000000,0.656000,0.000000); 11.8942
(2.000000,0.660000,0.000000); 11.8915
(2.000000,0.664000,0.000000); 11.8888
(2.000000,0.668000,0.000000); 11.886
(2.000000,0.672000,0.000000); 11.8833
(2.000000,0.676000,0.000000); 11.8806
(2.000000,0.680000,0.000000); 11.8779
(2.000000,0.684000,0.000000); 11.8751
(2.000000,0.688000,0.000000); 11.8724
(2.000000,0.692000,0.000000); 11.8697
(2.000000,0.696000,0.000000); 11.867
(2.000000,0.700000,0.000000); 11.8643
(2.000000,0.704000,0.000000); 11.8616
(2.000000,0.708000,0.000000); 11.8589
(2.000000,0.712000,0.000000); 11.8563
(2.000000,0.716000,0.000000); 11.8536
(2.000000,0.720000,0.000000); 11.8509
(2.000000,0.724000,0.000000); 11.8482
(2.000000,0.728000,0.000000); 11.8455
(2.000000,0.732000,0.000000); 11.8428
(2.000000,0.736000,0.000000); 11.8401
(2.000000,0.740000,0.000000); 11.8372
(2.000000,0.744000,0.000000); 11.8344
(2.000000,0.748000,0.000000); 11.8315
(2.000000,0.752000,0.000000); 11.8287
(2.000000,0.756000,0.000000); 11.8258
(2.000000,0.760000,0.000000); 11.8229
(2.000000,0.764000,0.000000); 11.8201
(2.000000,0.768000,0.000000); 11.8172
(2.000000,0.772000,0.000000); 11.8144
(2.000000,0.776000,0.000000); 11.8115
(2.000000,0.780000,0.000000); 11.8087
(2.000000,0.784000,0.000000); 11.8058
(2.000000,0.788000,0.000000); 11.803
(2.000000,0.792000,0.000000); 11.8001
(2.000000,0.796000,0.000000); 11.7973
(2.000000,0.800000,0.000000); 11.7944
(2.000000,0.804000,0.000000); 11.7916
(2.000000,0.808000,0.000000); 11.7888
(2.000000,0.812000,0.000000); 11.7859
(2.000000,0.816000,0.000000); 11.7831
(2.000000,0.820000,0.000000); 11.7803
(2.000000,0.824000,0.000000); 11.7775
(2.000000,0.828000,0.000000); 11.7747
(2.000000,0.832000,0.000000); 11.7718
(2.000000,0.836000,0.000000); 11.769
(2.000000,0.840000,0.000000); 11.7662
(2.000000,0.844000,0.000000); 11.7634
(2.000000,0.848000,0.000000); 11.7605
(2.000000,0.852000,0.000000); 11.7576
(2.000000,0.856000,0.000000); 11.7547
(2.000000,0.860000,0.000000); 11.7517
(2.000000,0.864000,0.000000); 11.7488
(2.000000,0.868000,0.000000); 11.7458
(2.000000,0.872000,0.000000); 11.7428
(2.000000,0.876000,0.000000); 11.7399
(2.000000,0.880000,0.000000); 11.7369
(2.000000,0.884000,0.000000); 11.7339
(2.000000,0.888000,0.000000); 11.731
(2.000000,0.892000,0.000000); 11.7281
(2.000000,0.896000,0.000000); 11.7251
(2.000000,0.900000,0.000000); 11.7222
(2.000000,0.904000,0.000000); 11.7192
(2.000000,0.908000,0.000000); 11.7163
(2.000000,0.912000,0.000000); 11.7134
(2.000000,0.916000,0.000000); 11.7104
(2.000000,0.920000,0.000000); 11.7075
(2.000000,0.924000,0.000000); 11.7045
(2.000000,0.928000,0.000000); 11.7016
(2.000000,0.932000,0.000000); 11.6987
(2.000000,0.936000,0.000000); 11.6957
(2.000000,0.940000,0.000000); 11.6928
(2.000000,0.944000,0.000000); 11.6899
(2.000000,0.948000,0.000000); 11.6869
(2.000000,0.952000,0.000000); 11.684
(2.000000,0.956000,0.000000); 11.681
(2.000000,0.960000,0.000000); 11.6781
(2.000000,0.964000,0.000000); 11.6752
(2.000000,0.968000,0.000000); 11.6722
(2.000000,0.972000,0.000000); 11.6693
(2.000000,0.976000,0.000000); 11.6663
(2.000000,0.980000,0.000000); 11.6634
(2.000000,0.984000,0.000000); 11.6604
(2.000000,0.988000,0.000000); 11.6573
(2.000000,0.992000,0.000000); 11.6543
(2.000000,0.996000,0.000000); 11.6513
(2.000000,1.000000,0.000000); 11.6482
(2.000000,1.004000,0.000000); 11.6452
(2.000000,1.008000,0.000000); 11.6421
(2.000000,1.012000,0.000000); 11.6391
(2.000000,1.016000,0.000000); 11.6361
(2.000000,1.020000,0.000000); 11.633
(2.000000,1.024000,0.000000); 11.63
(2.000000,1.028000,0.000000); 11.6269
(2.000000,1.032000,0.000000); 11.6239
(2.000000,1.036000,0.000000); 11.6209
(2.000000,1.040000,0.000000); 11.6178
(2.000000,1.044000,0.000000); 11.6148
(2.000000,1.048000,0.000000); 11.6117
(2.000000,1.052000,0.000000); 11.6087
(2.000000,1.056000,0.000000); 11.6057
(2.000000,1.060000,0.000000); 11.6026
(2.000000,1.064000,0.000000); 11.5996
(2.000000,1.068000,0.000000); 11.5965
(2.000000,1.072000,0.000000); 11.5935
(2.000000,1.076000,0.000000); 11.5904
(2.000000,1.080000,0.000000); 11.5874
(2.000000,1.084000,0.000000); 11.5844
(2.000000,1.088000,0.000000); 11.5814
(2.000000,1.092000,0.000000); 11.5784
(2.000000,1.096000,0.000000); 11.5753
(2.000000,1.100000,0.000000); 11.5723
(2.000000,1.104000,0.000000); 11.5693
(2.000000,1.108000,0.000000); 11.5663
(2.000000,1.112000,0.000000); 11.5633
(2.000000,1.116000,0.000000); 11.5602
(2.000000,1.120000,0.000000); 11.5571
(2.000000,1.124000,0.000000); 11.554
(2.000000,1.128000,0.000000); 11.5509
(2.000000,1.132000,0.000000); 11.5478
(2.000000,1.136000,0.000000); 11.5447
(2.000000,1.140000,0.000000); 11.5416
(2.000000,1.144000,0.000000); 11.5385
(2.000000,1.148000,0.000000); 11.5354
(2.000000,1.152000,0.000000); 11.5323
(2.000000,1.156000,0.000000); 11.5292
(2.000000,1.160000,0.000000); 11.5262
(2.000000,1.164000,0.000000); 11.5231
(2.000000,1.168000,0.000000); 11.52
(2.000000,1.172000,0.000000); 11.5169
(2.000000,1.176000,0.000000); 11.5138
(2.000000,1.180000,0.000000); 11.5107
(2.000000,1.184000,0.000000); 11.5076
(2.000000,1.188000,0.000000); 11.5045
(2.000000,1.192000,0.000000); 11.5014
(2.000000,1.196000,0.000000); 11.4983
(2.000000,1.200000,0.000000); 11.4953
(2.000000,1.204000,0.000000); 11.4922
(2.000000,1.208000,0.000000); 11.4891
(2.000000,1.212000,0.000000); 11.486
(2.000000,1.216000,0.000000); 11.4829
(2.000000,1.220000,0.000000); 11.4798
(2.000000,1.224000,0.000000); 11.4767
(2.000000,1.228000,0.000000); 11.4736
(2.000000,1.232000,0.000000); 11.4705
(2.000000,1.236000,0.000000); 11.4674
(2.000000,1.240000,0.000000); 11.4643
(2.000000,1.244000,0.000000); 11.4613
(2.000000,1.248000,0.000000); 11.4582
(2.000000,1.252000,0.000000); 11.455
(2.000000,1.256000,0.000000); 11.4519
(2.000000,1.260000,0.000000); 11.4487
(2.000000,1.264000,0.000000); 11.4456
(2.000000,1.268000,0.000000); 11.4424
(2.000000,1.272000,0.000000); 11.4393
(2.000000,1.276000,0.000000); 11.4361
(2.000000,1.280000,0.000000); 11.433
(2.000000,1.284000,0.000000); 11.4298
(2.000000,1.288000,0.000000); 11.4267
(2.000000,1.292000,0.000000); 11.4235
(2.000000,1.296000,0.000000); 11.4204
(2.000000,1.300000,0.000000); 11.4172
(2.000000,1.304000,0.000000); 11.4141
(2.000000,1.308000,0.000000); 11.4109
(2.000000,1.312000,0.000000); 11.4078
(2.000000,1.316000,0.000000); 11.4046
(2.000000,1.320000,0.000000); 11.4015
(2.000000,1.324000,0.000000); 11.3983
(2.000000,1.328000,0.000000); 11.3952
(2.000000,1.332000,0.000000); 11.392
(2.000000,1.336000,0.000000); 11.3889
(2.000000,1.340000,0.000000); 11.3857
(2.000000,1.344000,0.000000); 11.3826
(2.000000,1.348000,0.000000); 11.3794
(2.000000,1.352000,0.000000); 11.3763
(2.000000,1.356000,0.000000); 11.3732
(2.000000,1.360000,0.000000); 11.37
(2.000000,1.364000,0.000000); 11.3669
(2.000000,1.368000,0.000000); 11.3637
(2.000000,1.372000,0.000000); 11.3606
(2.000000,1.376000,0.000000); 11.3575
(2.000000,1.380000,0.000000); 11.3543
(2.000000,1.384000,0.000000); 11.3512
(2.000000,1.388000,0.000000); 11.348
(2.000000,1.392000,0.000000); 11.3448
(2.000000,1.396000,0.000000); 11.3416
(2.000000,1.400000,0.000000); 11.3385
(2.000000,1.404000,0.000000); 11.3353
(2.000000,1.408000,0.000000); 11.3321
(2.000000,1.412000,0.000000); 11.329
(2.000000,1.416000,0.000000); 11.3258
(2.000000,1.420000,0.000000); 11.3226
(2.000000,1.424000,0.000000); 11.3195
(2.000000,1.428000,0.000000); 11.3163
(2.000000,1.432000,0.000000); 11.3131
(2.000000,1.436000,0.000000); 11.31
(2.000000,1.440000,0.000000); 11.3068
(2.000000,1.444000,0.000000); 11.3036
(2.000000,1.448000,0.000000); 11.3005
(2.000000,1.452000,0.000000); 11.2973
(2.000000,1.456000,0.000000); 11.2941
(2.000000,1.460000,0.000000); 11.2909
(2.000000,1.464000,0.000000); 11.2877
(2.000000,1.468000,0.000000); 11.2845
(2.000000,1.472000,0.000000); 11.2813
(2.000000,1.476000,0.000000); 11.2781
(2.000000,1.480000,0.000000); 11.2749
(2.000000,1.484000,0.000000); 11.2717
(2.000000,1.488000,0.000000); 11.2685
(2.000000,1.492000,0.000000); 11.2653
(2.000000,1.496000,0.000000); 11.2621
(2.000000,1.500000,0.000000); 11.2589
(2.000000,1.504000,0.000000); 11.2557
(2.000000,1.508000,0.000000); 11.2525
(2.000000,1.512000,0.000000); 11.2493
(2.000000,1.516000,0.000000); 11.2461
(2.000000,1.520000,0.000000); 11.2429
(2.000000,1.524000,0.000000); 11.2397
(2.000000,1.528000,0.000000); 11.2365
(2.000000,1.532000,0.000000); 11.2333
(2.000000,1.536000,0.000000); 11.2301
(2.000000,1.540000,0.000000); 11.2269
(2.000000,1.544000,0.000000); 11.2237
(2.000000,1.548000,0.000000); 11.2205
(2.000000,1.552000,0.000000); 11.2173
(2.000000,1.556000,0.000000); 11.2141
(2.000000,1.560000,0.000000); 11.2109
(2.000000,1.564000,0.000000); 11.2077
(2.000000,1.568000,0.000000); 11.2045
(2.000000,1.572000,0.000000); 11.2013
(2.000000,1.576000,0.000000); 11.1981
(2.000000,1.580000,0.000000); 11.1949
(2.000000,1.584000,0.000000); 11.1917
(2.000000,1.588000,0.000000); 11.1885
(2.000000,1.592000,0.000000); 11.1853
(2.000000,1.596000,0.000000); 11.182
(2.000000,1.600000,0.000000); 11.1788
(2.000000,1.604000,0.000000); 11.1756
(2.000000,1.608000,0.000000); 11.1724
(2.000000,1.612000,0.000000); 11.1692
(2.000000,1.616000,0.000000); 11.1659
(2.000000,1.620000,0.000000); 11.1627
(2.000000,1.624000,0.000000); 11.1595
(2.000000,1.628000,0.000000); 11.1563
(2.000000,1.632000,0.000000); 11.153
(2.000000,1.636000,0.000000); 11.1498
(2.000000,1.640000,0.000000); 11.1466
(2.000000,1.644000,0.000000); 11.1434
(2.000000,1.648000,0.000000); 11.1401
(2.000000,1.652000,0.000000); 11.1369
(2.000000,1.656000,0.000000); 11.1337
(2.000000,1.660000,0.000000); 11.1305
(2.000000,1.664000,0.000000); 11.1273
(2.000000,1.668000,0.000000); 11.124
(2.000000,1.672000,0.000000); 11.1208
(2.000000,1.676000,0.000000); 11.1176
(2.000000,1.680000,0.000000); 11.1143
(2.000000,1.684000,0.000000); 11.1111
(2.000000,1.688000,0.000000); 11.1079
(2.000000,1.692000,0.000000); 11.1046
(2.000000,1.696000,0.000000); 11.1014
(2.000000,1.700000,0.000000); 11.0982
(2.000000,1.704000,0.000000); 11.095
(2.000000,1.708000,0.000000); 11.0917
(2.000000,1.712000,0.000000); 11.0885
(2.000000,1.716000,0.000000); 11.0853
(2.000000,1.720000,0.000000); 11.082
(2.000000,1.724000,0.000000); 11.0788
(2.000000,1.728000,0.000000); 11.0756
(2.000000,1.732000,0.000000); 11.0723
(2.000000,1.736000,0.000000); 11.0691
(2.000000,1.740000,0.000000); 11.0658
(2.000000,1.744000,0.000000); 11.0626
(2.000000,1.748000,0.000000); 11.0594
(2.000000,1.752000,0.000000); 11.0561
(2.000000,1.756000,0.000000); 11.0529
(2.000000,1.760000,0.000000); 11.0496
(2.000000,1.764000,0.000000); 11.0464
(2.000000,1.768000,0.000000); 11.0431
(2.000000,1.772000,0.000000); 11.0399
(2.000000,1.776000,0.000000); 11.0367
(2.000000,1.780000,0.000000); 11.0334
(2.000000,1.784000,0.000000); 11.0302
(2.000000,1.788000,0.000000); 11.0269
(2.000000,1.792000,0.000000); 11.0237
(2.000000,1.796000,0.000000); 11.0205
(2.000000,1.800000,0.000000); 11.0172
(2.000000,1.804000,0.000000); 11.014
(2.000000,1.808000,0.000000); 11.0107
(2.000000,1.812000,0.000000); 11.0075
(2.000000,1.816000,0.000000); 11.0042
(2.000000,1.820000,0.000000); 11.001
(2.000000,1.824000,0.000000); 10.9977
(2.000000,1.828000,0.000000); 10.9945
(2.000000,1.832000,0.000000); 10.9912
(2.000000,1.836000,0.000000); 10.988
(2.000000,1.840000,0.000000); 10.9847
(2.000000,1.844000,0.000000); 10.9814
(2.000000,1.848000,0.000000); 10.9782
(2.000000,1.852000,0.000000); 10.9749
(2.000000,1.856000,0.000000); 10.9717
(2.000000,1.860000,0.000000); 10.9684
(2.000000,1.864000,0.000000); 10.9652
(2.000000,1.868000,0.000000); 10.9619
(2.000000,1.872000,0.000000); 10.9587
(2.000000,1.876000,0.000000); 10.9554
(2.000000,1.880000,0.000000); 10.9522
(2.000000,1.884000,0.000000); 10.9489
(2.000000,1.888000,0.000000); 10.9457
(2.000000,1.892000,0.000000); 10.9424
(2.000000,1.896000,0.000000); 10.9391
(2.000000,1.900000,0.000000); 10.9359
(2.000000,1.904000,0.000000); 10.9326
(2.000000,1.908000,0.000000); 10.9293
(2.000000,1.912000,0.000000); 10.9261
(2.000000,1.916000,0.000000); 10.9228
(2.000000,1.920000,0.000000); 10.9196
(2.000000,1.924000,0.000000); 10.9163
(2.000000,1.928000,0.000000); 10.913
(2.000000,1.932000,0.000000); 10.9098
(2.000000,1.936000,0.000000); 10.9065
(2.000000,1.940000,0.000000); 10.9032
(2.000000,1.944000,0.000000); 10.9
(2.000000,1.948000,0.000000); 10.8967
(2.000000,1.952000,0.000000); 10.8935
(2.000000,1.956000,0.000000); 10.8902
(2.000000,1.960000,0.000000); 10.8869
(2.000000,1.964000,0.000000); 10.8837
(2.000000,1.968000,0.000000); 10.8804
(2.000000,1.972000,0.000000); 10.8771
(2.000000,1.976000,0.000000); 10.8739
(2.000000,1.980000,0.000000); 10.8706
(2.000000,1.984000,0.000000); 10.8673
(2.000000,1.988000,0.000000); 10.8641
(2.000000,1.992000,0.000000); 10.8608
(2.000000,1.996000,0.000000); 10.8575
(2.000000,2.000000,0.000000); 10.8542
(2.000000,2.004000,0.000000); 10.851
(2.000000,2.008000,0.000000); 10.8477
(2.000000,2.012000,0.000000); 10.8444
(2.000000,2.016000,0.000000); 10.8412
(2.000000,2.020000,0.000000); 10.8379
(2.000000,2.024000,0.000000); 10.8346
(2.000000,2.028000,0.000000); 10.8313
(2.000000,2.032000,0.000000); 10.8281
(2.000000,2.036000,0.000000); 10.8248
(2.000000,2.040000,0.000000); 10.8215
(2.000000,2.044000,0.000000); 10.8183
(2.000000,2.048000,0.000000); 10.815
(2.000000,2.052000,0.000000); 10.8117
(2.000000,2.056000,0.000000); 10.8085
(2.000000,2.060000,0.000000); 10.8052
(2.000000,2.064000,0.000000); 10.8019
(2.000000,2.068000,0.000000); 10.7986
(2.000000,2.072000,0.000000); 10.7953
(2.000000,2.076000,0.000000); 10.7921
(2.000000,2.080000,0.000000); 10.7888
(2.000000,2.084000,0.000000); 10.7855
(2.000000,2.088000,0.000000); 10.7822
(2.000000,2.092000,0.000000); 10.779
(2.000000,2.096000,0.000000); 10.7757
(2.000000,2.100000,0.000000); 10.7724
(2.000000,2.104000,0.000000); 10.7691
(2.000000,2.108000,0.000000); 10.7659
(2.000000,2.112000,0.000000); 10.7626
(2.000000,2.116000,0.000000); 10.7593
(2.000000,2.120000,0.000000); 10.756
(2.000000,2.124000,0.000000); 10.7528
(2.000000,2.128000,0.000000); 10.7495
(2.000000,2.132000,0.000000); 10.7462
(2.000000,2.136000,0.000000); 10.7429
(2.000000,2.140000,0.000000); 10.7396
(2.000000,2.144000,0.000000); 10.7363
(2.000000,2.148000,0.000000); 10.7331
(2.000000,2.152000,0.000000); 10.7298
(2.000000,2.156000,0.000000); 10.7265
(2.000000,2.160000,0.000000); 10.7232
(2.000000,2.164000,0.000000); 10.7199
(2.000000,2.168000,0.000000); 10.7166
(2.000000,2.172000,0.000000); 10.7134
(2.000000,2.176000,0.000000); 10.7101
(2.000000,2.180000,0.000000); 10.7068
(2.000000,2.184000,0.000000); 10.7035
(2.000000,2.188000,0.000000); 10.7002
(2.000000,2.192000,0.000000); 10.697
(2.000000,2.196000,0.000000); 10.6937
(2.000000,2.200000,0.000000); 10.6904
(2.000000,2.204000,0.000000); 10.6871
(2.000000,2.208000,0.000000); 10.6838
(2.000000,2.212000,0.000000); 10.6805
(2.000000,2.216000,0.000000); 10.6772
(2.000000,2.220000,0.000000); 10.6739
(2.000000,2.224000,0.000000); 10.6706
(2.000000,2.228000,0.000000); 10.6674
(2.000000,2.232000,0.000000); 10.6641
(2.000000,2.236000,0.000000); 10.6608
(2.000000,2.240000,0.000000); 10.6575
(2.000000,2.244000,0.000000); 10.6542
(2.000000,2.248000,0.000000); 10.6509
(2.000000,2.252000,0.000000); 10.6476
(2.000000,2.256000,0.000000); 10.6444
(2.000000,2.260000,0.000000); 10.6411
(2.000000,2.264000,0.000000); 10.6378
(2.000000,2.268000,0.000000); 10.6345
(2.000000,2.272000,0.000000); 10.6312
(2.000000,2.276000,0.000000); 10.6279
(2.000000,2.280000,0.000000); 10.6246
(2.000000,2.284000,0.000000); 10.6213
(2.000000,2.288000,0.000000); 10.618
(2.000000,2.292000,0.000000); 10.6147
(2.000000,2.296000,0.000000); 10.6114
(2.000000,2.300000,0.000000); 10.6082
(2.000000,2.304000,0.000000); 10.6049
(2.000000,2.308000,0.000000); 10.6016
(2.000000,2.312000,0.000000); 10.5983
(2.000000,2.316000,0.000000); 10.595
(2.000000,2.320000,0.000000); 10.5917
(2.000000,2.324000,0.000000); 10.5884
(2.000000,2.328000,0.000000); 10.5851
(2.000000,2.332000,0.000000); 10.5818
(2.000000,2.336000,0.000000); 10.5785
(2.000000,2.340000,0.000000); 10.5752
(2.000000,2.344000,0.000000); 10.5719
(2.000000,2.348000,0.000000); 10.5687
(2.000000,2.352000,0.000000); 10.5654
(2.000000,2.356000,0.000000); 10.5621
(2.000000,2.360000,0.000000); 10.5588
(2.000000,2.364000,0.000000); 10.5555
(2.000000,2.368000,0.000000); 10.5522
(2.000000,2.372000,0.000000); 10.5489
(2.000000,2.376000,0.000000); 10.5456
(2.000000,2.380000,0.000000); 10.5423
(2.000000,2.384000,0.000000); 10.539
(2.000000,2.388000,0.000000); 10.5357
(2.000000,2.392000,0.000000); 10.5324
(2.000000,2.396000,0.000000); 10.5291
(2.000000,2.400000,0.000000); 10.5258
(2.000000,2.404000,0.000000); 10.5225
(2.000000,2.408000,0.000000); 10.5192
(2.000000,2.412000,0.000000); 10.5159
(2.000000,2.416000,0.000000); 10.5126
(2.000000,2.420000,0.000000); 10.5093
(2.000000,2.424000,0.000000); 10.506
(2.000000,2.428000,0.000000); 10.5027
(2.000000,2.432000,0.000000); 10.4994
(2.000000,2.436000,0.000000); 10.4961
(2.000000,2.440000,0.000000); 10.4928
(2.000000,2.444000,0.000000); 10.4895
(2.000000,2.448000,0.000000); 10.4862
(2.000000,2.452000,0.000000); 10.4829
(2.000000,2.456000,0.000000); 10.4796
(2.000000,2.460000,0.000000); 10.4763
(2.000000,2.464000,0.000000); 10.473
(2.000000,2.468000,0.000000); 10.4697
(2.000000,2.472000,0.000000); 10.4664
(2.000000,2.476000,0.000000); 10.4631
(2.000000,2.480000,0.000000); 10.4598
(2.000000,2.484000,0.000000); 10.4565
(2.000000,2.488000,0.000000); 10.4532
(2.000000,2.492000,0.000000); 10.4499
(2.000000,2.496000,0.000000); 10.4466
(2.000000,2.500000,0.000000); 10.4433
(2.000000,2.504000,0.000000); 10.44
(2.000000,2.508000,0.000000); 10.4367
(2.000000,2.512000,0.000000); 10.4334
(2.000000,2.516000,0.000000); 10.4301
(2.000000,2.520000,0.000000); 10.4268
(2.000000,2.524000,0.000000); 10.4235
(2.000000,2.528000,0.000000); 10.4202
(2.000000,2.532000,0.000000); 10.4169
(2.000000,2.536000,0.000000); 10.4136
(2.000000,2.540000,0.000000); 10.4103
(2.000000,2.544000,0.000000); 10.407
(2.000000,2.548000,0.000000); 10.4037
(2.000000,2.552000,0.000000); 10.4004
(2.000000,2.556000,0.000000); 10.3971
(2.000000,2.560000,0.000000); 10.3938
(2.000000,2.564000,0.000000); 10.3905
(2.000000,2.568000,0.000000); 10.3872
(2.000000,2.572000,0.000000); 10.3839
(2.000000,2.576000,0.000000); 10.3806
(2.000000,2.580000,0.000000); 10.3773
(2.000000,2.584000,0.000000); 10.374
(2.000000,2.588000,0.000000); 10.3707
(2.000000,2.592000,0.000000); 10.3674
(2.000000,2.596000,0.000000); 10.3641
(2.000000,2.600000,0.000000); 10.3608
(2.000000,2.604000,0.000000); 10.3575
(2.000000,2.608000,0.000000); 10.3542
(2.000000,2.612000,0.000000); 10.3508
(2.000000,2.616000,0.000000); 10.3475
(2.000000,2.620000,0.000000); 10.3442
(2.000000,2.624000,0.000000); 10.3409
(2.000000,2.628000,0.000000); 10.3376
(2.000000,2.632000,0.000000); 10.3343
(2.000000,2.636000,0.000000); 10.331
(2.000000,2.640000,0.000000); 10.3277
(2.000000,2.644000,0.000000); 10.3244
(2.000000,2.648000,0.000000); 10.3211
(2.000000,2.652000,0.000000); 10.3178
(2.000000,2.656000,0.000000); 10.3145
(2.000000,2.660000,0.000000); 10.3112
(2.000000,2.664000,0.000000); 10.3079
(2.000000,2.668000,0.000000); 10.3046
(2.000000,2.672000,0.000000); 10.3013
(2.000000,2.676000,0.000000); 10.298
(2.000000,2.680000,0.000000); 10.2946
(2.000000,2.684000,0.000000); 10.2913
(2.000000,2.688000,0.000000); 10.288
(2.000000,2.692000,0.000000); 10.2847
(2.000000,2.696000,0.000000); 10.2814
(2.000000,2.700000,0.000000); 10.2781
(2.000000,2.704000,0.000000); 10.2748
(2.000000,2.708000,0.000000); 10.2715
(2.000000,2.712000,0.000000); 10.2682
(2.000000,2.716000,0.000000); 10.2649
(2.000000,2.720000,0.000000); 10.2616
(2.000000,2.724000,0.000000); 10.2583
(2.000000,2.728000,0.000000); 10.255
(2.000000,2.732000,0.000000); 10.2517
(2.000000,2.736000,0.000000); 10.2484
(2.000000,2.740000,0.000000); 10.245
(2.000000,2.744000,0.000000); 10.2417
(2.000000,2.748000,0.000000); 10.2384
(2.000000,2.752000,0.000000); 10.2351
(2.000000,2.756000,0.000000); 10.2318
(2.000000,2.760000,0.000000); 10.2285
(2.000000,2.764000,0.000000); 10.2252
(2.000000,2.768000,0.000000); 10.2219
(2.000000,2.772000,0.000000); 10.2186
(2.000000,2.776000,0.000000); 10.2153
(2.000000,2.780000,0.000000); 10.212
(2.000000,2.784000,0.000000); 10.2087
(2.000000,2.788000,0.000000); 10.2054
(2.000000,2.792000,0.000000); 10.202
(2.000000,2.796000,0.000000); 10.1987
(2.000000,2.800000,0.000000); 10.1954
(2.000000,2.804000,0.000000); 10.1921
(2.000000,2.808000,0.000000); 10.1888
(2.000000,2.812000,0.000000); 10.1855
(2.000000,2.816000,0.000000); 10.1822
(2.000000,2.820000,0.000000); 10.1789
(2.000000,2.824000,0.000000); 10.1756
(2.000000,2.828000,0.000000); 10.1723
(2.000000,2.832000,0.000000); 10.169
(2.000000,2.836000,0.000000); 10.1656
(2.000000,2.840000,0.000000); 10.1623
(2.000000,2.844000,0.000000); 10.159
(2.000000,2.848000,0.000000); 10.1557
(2.000000,2.852000,0.000000); 10.1524
(2.000000,2.856000,0.000000); 10.1491
(2.000000,2.860000,0.000000); 10.1458
(2.000000,2.864000,0.000000); 10.1425
(2.000000,2.868000,0.000000); 10.1392
(2.000000,2.872000,0.000000); 10.1359
(2.000000,2.876000,0.000000); 10.1326
(2.000000,2.880000,0.000000); 10.1292
(2.000000,2.884000,0.000000); 10.1259
(2.000000,2.888000,0.000000); 10.1226
(2.000000,2.892000,0.000000); 10.1193
(2.000000,2.896000,0.000000); 10.116
(2.000000,2.900000,0.000000); 10.1127
(2.000000,2.904000,0.000000); 10.1094
(2.000000,2.908000,0.000000); 10.1061
(2.000000,2.912000,0.000000); 10.1028
(2.000000,2.916000,0.000000); 10.0995
(2.000000,2.920000,0.000000); 10.0962
(2.000000,2.924000,0.000000); 10.0929
(2.000000,2.928000,0.000000); 10.0895
(2.000000,2.932000,0.000000); 10.0862
(2.000000,2.936000,0.000000); 10.0829
(2.000000,2.940000,0.000000); 10.0796
(2.000000,2.944000,0.000000); 10.0763
(2.000000,2.948000,0.000000); 10.073
(2.000000,2.952000,0.000000); 10.0697
(2.000000,2.956000,0.000000); 10.0664
(2.000000,2.960000,0.000000); 10.0631
(2.000000,2.964000,0.000000); 10.0598
(2.000000,2.968000,0.000000); 10.0565
(2.000000,2.972000,0.000000); 10.0531
(2.000000,2.976000,0.000000); 10.0498
(2.000000,2.980000,0.000000); 10.0465
(2.000000,2.984000,0.000000); 10.0432
(2.000000,2.988000,0.000000); 10.0399
(2.000000,2.992000,0.000000); 10.0366
(2.000000,2.996000,0.000000); 10.0333
(2.000000,3.000000,0.000000); 10.03
(2.000000,3.004000,0.000000); 10.0267
(2.000000,3.008000,0.000000); 10.0234
(2.000000,3.012000,0.000000); 10.0201
(2.000000,3.016000,0.000000); 10.0168
(2.000000,3.020000,0.000000); 10.0134
(2.000000,3.024000,0.000000); 10.0101
(2.000000,3.028000,0.000000); 10.0068
(2.000000,3.032000,0.000000); 10.0035
(2.000000,3.036000,0.000000); 10.0002
(2.000000,3.040000,0.000000); 9.99694
(2.000000,3.044000,0.000000); 9.99364
(2.000000,3.048000,0.000000); 9.99033
(2.000000,3.052000,0.000000); 9.98703
(2.000000,3.056000,0.000000); 9.98373
(2.000000,3.060000,0.000000); 9.98043
(2.000000,3.064000,0.000000); 9.97713
(2.000000,3.068000,0.000000); 9.97383
(2.000000,3.072000,0.000000); 9.97052
(2.000000,3.076000,0.000000); 9.96722
(2.000000,3.080000,0.000000); 9.96392
(2.000000,3.084000,0.000000); 9.96062
(2.000000,3.088000,0.000000); 9.95732
(2.000000,3.092000,0.000000); 9.95401
(2.000000,3.096000,0.000000); 9.95071
(2.000000,3.100000,0.000000); 9.94741
(2.000000,3.104000,0.000000); 9.94411
(2.000000,3.108000,0.000000); 9.94081
(2.000000,3.112000,0.000000); 9.93751
(2.000000,3.116000,0.000000); 9.9342
(2.000000,3.120000,0.000000); 9.9309
(2.000000,3.124000,0.000000); 9.9276
(2.000000,3.128000,0.000000); 9.92429
(2.000000,3.132000,0.000000); 9.92099
(2.000000,3.136000,0.000000); 9.91768
(2.000000,3.140000,0.000000); 9.91438
(2.000000,3.144000,0.000000); 9.91107
(2.000000,3.148000,0.000000); 9.90777
(2.000000,3.152000,0.000000); 9.90446
(2.000000,3.156000,0.000000); 9.90116
(2.000000,3.160000,0.000000); 9.89789
(2.000000,3.164000,0.000000); 9.89461
(2.000000,3.168000,0.000000); 9.89133
(2.000000,3.172000,0.000000); 9.88805
(2.000000,3.176000,0.000000); 9.88477
(2.000000,3.180000,0.000000); 9.8815
(2.000000,3.184000,0.000000); 9.87822
(2.000000,3.188000,0.000000); 9.87494
(2.000000,3.192000,0.000000); 9.87166
(2.000000,3.196000,0.000000); 9.86838
(2.000000,3.200000,0.000000); 9.86509
(2.000000,3.204000,0.000000); 9.86181
(2.000000,3.208000,0.000000); 9.85852
(2.000000,3.212000,0.000000); 9.85524
(2.000000,3.216000,0.000000); 9.85195
(2.000000,3.220000,0.000000); 9.84866
(2.000000,3.224000,0.000000); 9.84538
(2.000000,3.228000,0.000000); 9.84209
(2.000000,3.232000,0.000000); 9.8388
(2.000000,3.236000,0.000000); 9.83552
(2.000000,3.240000,0.000000); 9.83223
(2.000000,3.244000,0.000000); 9.82894
(2.000000,3.248000,0.000000); 9.82566
(2.000000,3.252000,0.000000); 9.82237
(2.000000,3.256000,0.000000); 9.81908
(2.000000,3.260000,0.000000); 9.8158
(2.000000,3.264000,0.000000); 9.81251
(2.000000,3.268000,0.000000); 9.80943
(2.000000,3.272000,0.000000); 9.80638
(2.000000,3.276000,0.000000); 9.80333
(2.000000,3.280000,0.000000); 9.80029
(2.000000,3.284000,0.000000); 9.79724
(2.000000,3.288000,0.000000); 9.7942
(2.000000,3.292000,0.000000); 9.79115
(2.000000,3.296000,0.000000); 9.78811
(2.000000,3.300000,0.000000); 9.78506
(2.000000,3.304000,0.000000); 9.78202
(2.000000,3.308000,0.000000); 9.77897
(2.000000,3.312000,0.000000); 9.77592
(2.000000,3.316000,0.000000); 9.77287
(2.000000,3.320000,0.000000); 9.76979
(2.000000,3.324000,0.000000); 9.76671
(2.000000,3.328000,0.000000); 9.76363
(2.000000,3.332000,0.000000); 9.76056
(2.000000,3.336000,0.000000); 9.75748
(2.000000,3.340000,0.000000); 9.7544
(2.000000,3.344000,0.000000); 9.75132
(2.000000,3.348000,0.000000); 9.74824
(2.000000,3.352000,0.000000); 9.74516
(2.000000,3.356000,0.000000); 9.74208
(2.000000,3.360000,0.000000); 9.739
(2.000000,3.364000,0.000000); 9.73592
(2.000000,3.368000,0.000000); 9.73285
(2.000000,3.372000,0.000000); 9.72977
(2.000000,3.376000,0.000000); 9.72669
(2.000000,3.380000,0.000000); 9.72361
(2.000000,3.384000,0.000000); 9.72059
(2.000000,3.388000,0.000000); 9.71791
(2.000000,3.392000,0.000000); 9.71523
(2.000000,3.396000,0.000000); 9.71255
(2.000000,3.400000,0.000000); 9.70987
(2.000000,3.404000,0.000000); 9.7072
(2.000000,3.408000,0.000000); 9.70452
(2.000000,3.412000,0.000000); 9.70184
(2.000000,3.416000,0.000000); 9.69916
(2.000000,3.420000,0.000000); 9.69648
(2.000000,3.424000,0.000000); 9.69381
(2.000000,3.428000,0.000000); 9.69113
(2.000000,3.432000,0.000000); 9.68845
(2.000000,3.436000,0.000000); 9.68577
(2.000000,3.440000,0.000000); 9.68309
(2.000000,3.444000,0.000000); 9.68041
(2.000000,3.448000,0.000000); 9.67774
(2.000000,3.452000,0.000000); 9.67506
(2.000000,3.456000,0.000000); 9.67238
(2.000000,3.460000,0.000000); 9.6697
(2.000000,3.464000,0.000000); 9.66702
(2.000000,3.468000,0.000000); 9.66435
(2.000000,3.472000,0.000000); 9.66167
(2.000000,3.476000,0.000000); 9.65899
(2.000000,3.480000,0.000000); 9.65632
(2.000000,3.484000,0.000000); 9.65365
(2.000000,3.488000,0.000000); 9.65099
(2.000000,3.492000,0.000000); 9.64832
(2.000000,3.496000,0.000000); 9.64566
(2.000000,3.500000,0.000000); 9.64299
(2.000000,3.504000,0.000000); 9.6406
(2.000000,3.508000,0.000000); 9.63854
(2.000000,3.512000,0.000000); 9.63648
(2.000000,3.516000,0.000000); 9.63443
(2.000000,3.520000,0.000000); 9.63237
(2.000000,3.524000,0.000000); 9.63027
(2.000000,3.528000,0.000000); 9.62818
(2.000000,3.532000,0.000000); 9.62608
(2.000000,3.536000,0.000000); 9.62399
(2.000000,3.540000,0.000000); 9.6219
(2.000000,3.544000,0.000000); 9.6198
(2.000000,3.548000,0.000000); 9.61771
(2.000000,3.552000,0.000000); 9.61561
(2.000000,3.556000,0.000000); 9.61352
(2.000000,3.560000,0.000000); 9.61143
(2.000000,3.564000,0.000000); 9.60933
(2.000000,3.568000,0.000000); 9.60724
(2.000000,3.572000,0.000000); 9.60514
(2.000000,3.576000,0.000000); 9.60305
(2.000000,3.580000,0.000000); 9.60096
(2.000000,3.584000,0.000000); 9.59886
(2.000000,3.588000,0.000000); 9.59677
(2.000000,3.592000,0.000000); 9.59467
(2.000000,3.596000,0.000000); 9.59258
(2.000000,3.600000,0.000000); 9.59048
(2.000000,3.604000,0.000000); 9.58839
(2.000000,3.608000,0.000000); 9.5863
(2.000000,3.612000,0.000000); 9.5842
(2.000000,3.616000,0.000000); 9.58211
(2.000000,3.620000,0.000000); 9.58001
(2.000000,3.624000,0.000000); 9.57825
(2.000000,3.628000,0.000000); 9.57659
(2.000000,3.632000,0.000000); 9.57493
(2.000000,3.636000,0.000000); 9.57327
(2.000000,3.640000,0.000000); 9.57161
(2.000000,3.644000,0.000000); 9.56995
(2.000000,3.648000,0.000000); 9.56829
(2.000000,3.652000,0.000000); 9.56663
(2.000000,3.656000,0.000000); 9.56497
(2.000000,3.660000,0.000000); 9.56331
(2.000000,3.664000,0.000000); 9.56165
(2.000000,3.668000,0.000000); 9.55999
(2.000000,3.672000,0.000000); 9.55833
(2.000000,3.676000,0.000000); 9.55667
(2.000000,3.680000,0.000000); 9.55502
(2.000000,3.684000,0.000000); 9.55336
(2.000000,3.688000,0.000000); 9.5517
(2.000000,3.692000,0.000000); 9.55004
(2.000000,3.696000,0.000000); 9.54838
(2.000000,3.700000,0.000000); 9.54674
(2.000000,3.704000,0.000000); 9.5451
(2.000000,3.708000,0.000000); 9.54346
(2.000000,3.712000,0.000000); 9.54182
(2.000000,3.716000,0.000000); 9.54018
(2.000000,3.720000,0.000000); 9.53854
(2.000000,3.724000,0.000000); 9.53691
(2.000000,3.728000,0.000000); 9.53527
(2.000000,3.732000,0.000000); 9.53364
(2.000000,3.736000,0.000000); 9.532
(2.000000,3.740000,0.000000); 9.53036
(2.000000,3.744000,0.000000); 9.52873
(2.000000,3.748000,0.000000); 9.52709
(2.000000,3.752000,0.000000); 9.52546
(2.000000,3.756000,0.000000); 9.52383
(2.000000,3.760000,0.000000); 9.52219
(2.000000,3.764000,0.000000); 9.52056
(2.000000,3.768000,0.000000); 9.51893
(2.000000,3.772000,0.000000); 9.5173
(2.000000,3.776000,0.000000); 9.51566
(2.000000,3.780000,0.000000); 9.51403
(2.000000,3.784000,0.000000); 9.5124
(2.000000,3.788000,0.000000); 9.51077
(2.000000,3.792000,0.000000); 9.50913
(2.000000,3.796000,0.000000); 9.5075
(2.000000,3.800000,0.000000); 9.50587
(2.000000,3.804000,0.000000); 9.50424
(2.000000,3.808000,0.000000); 9.5026
(2.000000,3.812000,0.000000); 9.50088
(2.000000,3.816000,0.000000); 9.49902
(2.000000,3.820000,0.000000); 9.49716
(2.000000,3.824000,0.000000); 9.4953
(2.000000,3.828000,0.000000); 9.49344
(2.000000,3.832000,0.000000); 9.49157
(2.000000,3.836000,0.000000); 9.48971
(2.000000,3.840000,0.000000); 9.48785
(2.000000,3.844000,0.000000); 9.48599
(2.000000,3.848000,0.000000); 9.48413
(2.000000,3.852000,0.000000); 9.48222
(2.000000,3.856000,0.000000); 9.48032
(2.000000,3.860000,0.000000); 9.47842
(2.000000,3.864000,0.000000); 9.47651
(2.000000,3.868000,0.000000); 9.47461
(2.000000,3.872000,0.000000); 9.47271
(2.000000,3.876000,0.000000); 9.47081
(2.000000,3.880000,0.000000); 9.4689
(2.000000,3.884000,0.000000); 9.467
(2.000000,3.888000,0.000000); 9.4651
(2.000000,3.892000,0.000000); 9.46319
(2.000000,3.896000,0.000000); 9.46129
(2.000000,3.900000,0.000000); 9.45939
(2.000000,3.904000,0.000000); 9.45748
(2.000000,3.908000,0.000000); 9.45498
(2.000000,3.912000,0.000000); 9.45219
(2.000000,3.916000,0.000000); 9.44941
(2.000000,3.920000,0.000000); 9.44663
(2.000000,3.924000,0.000000); 9.44385
(2.000000,3.928000,0.000000); 9.44107
(2.000000,3.932000,0.000000); 9.43829
(2.000000,3.936000,0.000000); 9.4355
(2.000000,3.940000,0.000000); 9.43272
(2.000000,3.944000,0.000000); 9.42994
(2.000000,3.948000,0.000000); 9.42716
(2.000000,3.952000,0.000000); 9.42438
(2.000000,3.956000,0.000000); 9.42159
(2.000000,3.960000,0.000000); 9.41881
(2.000000,3.964000,0.000000); 9.41603
(2.000000,3.968000,0.000000); 9.41325
(2.000000,3.972000,0.000000); 9.41047
(2.000000,3.976000,0.000000); 9.40769
(2.000000,3.980000,0.000000); 9.4049
(2.000000,3.984000,0.000000); 9.40212
(2.000000,3.988000,0.000000); 9.39934
(2.000000,3.992000,0.000000); 9.39656
(2.000000,3.996000,0.000000); 9.39378
(2.000000,4.000000,0.000000); 9.391
--
