LOGFILE

(2.000000,0.000000,0.000000); 12.2037
(2.000000,0.004000,0.000000); 12.1997
(2.000000,0.008000,0.000000); 12.1957
(2.000000,0.012000,0.000000); 12.1917
(2.000000,0.016000,0.000000); 12.1877
(2.000000,0.020000,0.000000); 12.1837
(2.000000,0.024000,0.000000); 12.1797
(2.000000,0.028000,0.000000); 12.1757
(2.000000,0.032000,0.000000); 12.1717
(2.000000,0.036000,0.000000); 12.1678
(2.000000,0.040000,0.000000); 12.1638
(2.000000,0.044000,0.000000); 12.1598
(2.000000,0.048000,0.000000); 12.1558
(2.000000,0.052000,0.000000); 12.1518
(2.000000,0.056000,0.000000); 12.1478
(2.000000,0.060000,0.000000); 12.1438
(2.000000,0.064000,0.000000); 12.1398
(2.000000,0.068000,0.000000); 12.1358
(2.000000,0.072000,0.000000); 12.1318
(2.000000,0.076000,0.000000); 12.1278
(2.000000,0.080000,0.000000); 12.1238
(2.000000,0.084000,0.000000); 12.1199
(2.000000,0.088000,0.000000); 12.1159
(2.000000,0.092000,0.000000); 12.1119
(2.000000,0.096000,0.000000); 12.1079
(2.000000,0.100000,0.000000); 12.1039
(2.000000,0.104000,0.000000); 12.0999
(2.000000,0.108000,0.000000); 12.0959
(2.000000,0.112000,0.000000); 12.0919
(2.000000,0.116000,0.000000); 12.0879
(2.000000,0.120000,0.000000); 12.0839
(2.000000,0.124000,0.000000); 12.0799
(2.000000,0.128000,0.000000); 12.0759
(2.000000,0.132000,0.000000); 12.0719
(2.000000,0.136000,0.000000); 12.068
(2.000000,0.140000,0.000000); 12.064
(2.000000,0.144000,0.000000); 12.06
(2.000000,0.148000,0.000000); 12.056
(2.000000,0.152000,0.000000); 12.052
(2.000000,0.156000,0.000000); 12.048
(2.000000,0.160000,0.000000); 12.044
(2.000000,0.164000,0.000000); 12.04
(2.000000,0.168000,0.000000); 12.036
(2.000000,0.172000,0.000000); 12.032
(2.000000,0.176000,0.000000); 12.028
(2.000000,0.180000,0.000000); 12.024
(2.000000,0.184000,0.000000); 12.02
(2.000000,0.188000,0.000000); 12.0161
(2.000000,0.192000,0.000000); 12.0121
(2.000000,0.196000,0.000000); 12.0081
(2.000000,0.200000,0.000000); 12.0041
(2.000000,0.204000,0.000000); 12.0001
(2.000000,0.208000,0.000000); 11.9961
(2.000000,0.212000,0.000000); 11.9921
(2.000000,0.216000,0.000000); 11.9881
(2.000000,0.220000,0.000000); 11.9841
(2.000000,0.224000,0.000000); 11.9801
(2.000000,0.228000,0.000000); 11.9761
(2.000000,0.232000,0.000000); 11.9721
(2.000000,0.236000,0.000000); 11.9681
(2.000000,0.240000,0.000000); 11.9641
(2.000000,0.244000,0.000000); 11.9601
(2.000000,0.248000,0.000000); 11.9562
(2.000000,0.252000,0.000000); 11.9522
(2.000000,0.256000,0.000000); 11.9482
(2.000000,0.260000,0.000000); 11.9442
(2.000000,0.264000,0.000000); 11.9402
(2.000000,0.268000,0.000000); 11.9362
(2.000000,0.272000,0.000000); 11.9322
(2.000000,0.276000,0.000000); 11.9282
(2.000000,0.280000,0.000000); 11.9242
(2.000000,0.284000,0.000000); 11.9202
(2.000000,0.288000,0.000000); 11.9162
(2.000000,0.292000,0.000000); 11.9122
(2.000000,0.296000,0.000000); 11.9082
(2.000000,0.300000,0.000000); 11.9042
(2.000000,0.304000,0.000000); 11.9002
(2.000000,0.308000,0.000000); 11.8962
(2.000000,0.312000,0.000000); 11.8922
(2.000000,0.316000,0.000000); 11.8883
(2.000000,0.320000,0.000000); 11.8843
(2.000000,0.324000,0.000000); 11.8803
(2.000000,0.328000,0.000000); 11.8763
(2.000000,0.332000,0.000000); 11.8723
(2.000000,0.336000,0.000000); 11.8683
(2.000000,0.340000,0.000000); 11.8643
(2.000000,0.344000,0.000000); 11.8603
(2.000000,0.348000,0.000000); 11.8563
(2.000000,0.352000,0.000000); 11.8523
(2.000000,0.356000,0.000000); 11.8483
(2.000000,0.360000,0.000000); 11.8443
(2.000000,0.364000,0.000000); 11.8403
(2.000000,0.368000,0.000000); 11.8363
(2.000000,0.372000,0.000000); 11.8323
(2.000000,0.376000,0.000000); 11.8283
(2.000000,0.380000,0.000000); 11.8243
(2.000000,0.384000,0.000000); 11.8204
(2.000000,0.388000,0.000000); 11.8164
(2.000000,0.392000,0.000000); 11.8124
(2.000000,0.396000,0.000000); 11.8084
(2.000000,0.400000,0.000000); 11.8044
(2.000000,0.404000,0.000000); 11.8004
(2.000000,0.408000,0.000000); 11.7964
(2.000000,0.412000,0.000000); 11.7924
(2.000000,0.416000,0.000000); 11.7884
(2.000000,0.420000,0.000000); 11.7844
(2.000000,0.424000,0.000000); 11.7804
(2.000000,0.428000,0.000000); 11.7764
(2.000000,0.432000,0.000000); 11.7724
(2.000000,0.436000,0.000000); 11.7684
(2.000000,0.440000,0.000000); 11.7644
(2.000000,0.444000,0.000000); 11.7604
(2.000000,0.448000,0.000000); 11.7564
(2.000000,0.452000,0.000000); 11.7524
(2.000000,0.456000,0.000000); 11.7484
(2.000000,0.460000,0.000000); 11.7444
(2.000000,0.464000,0.000000); 11.7404
(2.000000,0.468000,0.000000); 11.7365
(2.000000,0.472000,0.000000); 11.7325
(2.000000,0.476000,0.000000); 11.7285
(2.000000,0.480000,0.000000); 11.7245
(2.000000,0.484000,0.000000); 11.7205
(2.000000,0.488000,0.000000); 11.7165
(2.000000,0.492000,0.000000); 11.7125
(2.000000,0.496000,0.000000); 11.7085
(2.000000,0.500000,0.000000); 11.7045
(2.000000,0.504000,0.000000); 11.7005
(2.000000,0.508000,0.000000); 11.6965
(2.000000,0.512000,0.000000); 11.6925
(2.000000,0.516000,0.000000); 11.6885
(2.000000,0.520000,0.000000); 11.6845
(2.000000,0.524000,0.000000); 11.6805
(2.000000,0.528000,0.000000); 11.6765
(2.000000,0.532000,0.000000); 11.6725
(2.000000,0.536000,0.000000); 11.6685
(2.000000,0.540000,0.000000); 11.6645
(2.000000,0.544000,0.000000); 11.6605
(2.000000,0.548000,0.000000); 11.6565
(2.000000,0.552000,0.000000); 11.6525
(2.000000,0.556000,0.000000); 11.6485
(2.000000,0.560000,0.000000); 11.6445
(2.000000,0.564000,0.000000); 11.6406
(2.000000,0.568000,0.000000); 11.6366
(2.000000,0.572000,0.000000); 11.6326
(2.000000,0.576000,0.000000); 11.6286
(2.000000,0.580000,0.000000); 11.6246
(2.000000,0.584000,0.000000); 11.6206
(2.000000,0.588000,0.000000); 11.6166
(2.000000,0.592000,0.000000); 11.6126
(2.000000,0.596000,0.000000); 11.6086
(2.000000,0.600000,0.000000); 11.6046
(2.000000,0.604000,0.000000); 11.6006
(2.000000,0.608000,0.000000); 11.5966
(2.000000,0.612000,0.000000); 11.5926
(2.000000,0.616000,0.000000); 11.5886
(2.000000,0.620000,0.000000); 11.5846
(2.000000,0.624000,0.000000); 11.5806
(2.000000,0.628000,0.000000); 11.5766
(2.000000,0.632000,0.000000); 11.5726
(2.000000,0.636000,0.000000); 11.5686
(2.000000,0.640000,0.000000); 11.5646
(2.000000,0.644000,0.000000); 11.5606
(2.000000,0.648000,0.000000); 11.5566
(2.000000,0.652000,0.000000); 11.5526
(2.000000,0.656000,0.000000); 11.5486
(2.000000,0.660000,0.000000); 11.5446
(2.000000,0.664000,0.000000); 11.5406
(2.000000,0.668000,0.000000); 11.5367
(2.000000,0.672000,0.000000); 11.5327
(2.000000,0.676000,0.000000); 11.5287
(2.000000,0.680000,0.000000); 11.5247
(2.000000,0.684000,0.000000); 11.5207
(2.000000,0.688000,0.000000); 11.5167
(2.000000,0.692000,0.000000); 11.5127
(2.000000,0.696000,0.000000); 11.5087
(2.000000,0.700000,0.000000); 11.5047
(2.000000,0.704000,0.000000); 11.5007
(2.000000,0.708000,0.000000); 11.4967
(2.000000,0.712000,0.000000); 11.4927
(2.000000,0.716000,0.000000); 11.4887
(2.000000,0.720000,0.000000); 11.4847
(2.000000,0.724000,0.000000); 11.4807
(2.000000,0.728000,0.000000); 11.4767
(2.000000,0.732000,0.000000); 11.4727
(2.000000,0.736000,0.000000); 11.4687
(2.000000,0.740000,0.000000); 11.4647
(2.000000,0.744000,0.000000); 11.4607
(2.000000,0.748000,0.000000); 11.4567
(2.000000,0.752000,0.000000); 11.4527
(2.000000,0.756000,0.000000); 11.4487
(2.000000,0.760000,0.000000); 11.4447
(2.000000,0.764000,0.000000); 11.4407
(2.000000,0.768000,0.000000); 11.4367
(2.000000,0.772000,0.000000); 11.4327
(2.000000,0.776000,0.000000); 11.4287
(2.000000,0.780000,0.000000); 11.4247
(2.000000,0.784000,0.000000); 11.4208
(2.000000,0.788000,0.000000); 11.4168
(2.000000,0.792000,0.000000); 11.4128
(2.000000,0.796000,0.000000); 11.4088
(2.000000,0.800000,0.000000); 11.4048
(2.000000,0.804000,0.000000); 11.4008
(2.000000,0.808000,0.000000); 11.3968
(2.000000,0.812000,0.000000); 11.3928
(2.000000,0.816000,0.000000); 11.3888
(2.000000,0.820000,0.000000); 11.3848
(2.000000,0.824000,0.000000); 11.3808
(2.000000,0.828000,0.000000); 11.3768
(2.000000,0.832000,0.000000); 11.3728
(2.000000,0.836000,0.000000); 11.3688
(2.000000,0.840000,0.000000); 11.3648
(2.000000,0.844000,0.000000); 11.3608
(2.000000,0.848000,0.000000); 11.3568
(2.000000,0.852000,0.000000); 11.3528
(2.000000,0.856000,0.000000); 11.3488
(2.000000,0.860000,0.000000); 11.3448
(2.000000,0.864000,0.000000); 11.3408
(2.000000,0.868000,0.000000); 11.3368
(2.000000,0.872000,0.000000); 11.3328
(2.000000,0.876000,0.000000); 11.3288
(2.000000,0.880000,0.000000); 11.3248
(2.000000,0.884000,0.000000); 11.3208
(2.000000,0.888000,0.000000); 11.3168
(2.000000,0.892000,0.000000); 11.3128
(2.000000,0.896000,0.000000); 11.3088
(2.000000,0.900000,0.000000); 11.3048
(2.000000,0.904000,0.000000); 11.3008
(2.000000,0.908000,0.000000); 11.2968
(2.000000,0.912000,0.000000); 11.2929
(2.000000,0.916000,0.000000); 11.2889
(2.000000,0.920000,0.000000); 11.2849
(2.000000,0.924000,0.000000); 11.2809
(2.000000,0.928000,0.000000); 11.2769
(2.000000,0.932000,0.000000); 11.2729
(2.000000,0.936000,0.000000); 11.2689
(2.000000,0.940000,0.000000); 11.2649
(2.000000,0.944000,0.000000); 11.2609
(2.000000,0.948000,0.000000); 11.2569
(2.000000,0.952000,0.000000); 11.2529
(2.000000,0.956000,0.000000); 11.2489
(2.000000,0.960000,0.000000); 11.2449
(2.000000,0.964000,0.000000); 11.2409
(2.000000,0.968000,0.000000); 11.2369
(2.000000,0.972000,0.000000); 11.2329
(2.000000,0.976000,0.000000); 11.2289
(2.000000,0.980000,0.000000); 11.2249
(2.000000,0.984000,0.000000); 11.2209
(2.000000,0.988000,0.000000); 11.2169
(2.000000,0.992000,0.000000); 11.2129
(2.000000,0.996000,0.000000); 11.2089
(2.000000,1.000000,0.000000); 11.2049
(2.000000,1.004000,0.000000); 11.2009
(2.000000,1.008000,0.000000); 11.1969
(2.000000,1.012000,0.000000); 11.1929
(2.000000,1.016000,0.000000); 11.1889
(2.000000,1.020000,0.000000); 11.1849
(2.000000,1.024000,0.000000); 11.1809
(2.000000,1.028000,0.000000); 11.1769
(2.000000,1.032000,0.000000); 11.1729
(2.000000,1.036000,0.000000); 11.1689
(2.000000,1.040000,0.000000); 11.1649
(2.000000,1.044000,0.000000); 11.1609
(2.000000,1.048000,0.000000); 11.1569
(2.000000,1.052000,0.000000); 11.1529
(2.000000,1.056000,0.000000); 11.149
(2.000000,1.060000,0.000000); 11.145
(2.000000,1.064000,0.000000); 11.141
(2.000000,1.068000,0.000000); 11.137
(2.000000,1.072000,0.000000); 11.133
(2.000000,1.076000,0.000000); 11.129
(2.000000,1.080000,0.000000); 11.125
(2.000000,1.084000,0.000000); 11.121
(2.000000,1.088000,0.000000); 11.117
(2.000000,1.092000,0.000000); 11.113
(2.000000,1.096000,0.000000); 11.109
(2.000000,1.100000,0.000000); 11.105
(2.000000,1.104000,0.000000); 11.101
(2.000000,1.108000,0.000000); 11.097
(2.000000,1.112000,0.000000); 11.093
(2.000000,1.116000,0.000000); 11.089
(2.000000,1.120000,0.000000); 11.085
(2.000000,1.124000,0.000000); 11.081
(2.000000,1.128000,0.000000); 11.077
(2.000000,1.132000,0.000000); 11.073
(2.000000,1.136000,0.000000); 11.069
(2.000000,1.140000,0.000000); 11.065
(2.000000,1.144000,0.000000); 11.061
(2.000000,1.148000,0.000000); 11.057
(2.000000,1.152000,0.000000); 11.053
(2.000000,1.156000,0.000000); 11.049
(2.000000,1.160000,0.000000); 11.045
(2.000000,1.164000,0.000000); 11.041
(2.000000,1.168000,0.000000); 11.037
(2.000000,1.172000,0.000000); 11.033
(2.000000,1.176000,0.000000); 11.029
(2.000000,1.180000,0.000000); 11.025
(2.000000,1.184000,0.000000); 11.021
(2.000000,1.188000,0.000000); 11.017
(2.000000,1.192000,0.000000); 11.013
(2.000000,1.196000,0.000000); 11.009
(2.000000,1.200000,0.000000); 11.005
(2.000000,1.204000,0.000000); 11.001
(2.000000,1.208000,0.000000); 10.9971
(2.000000,1.212000,0.000000); 10.9931
(2.000000,1.216000,0.000000); 10.9891
(2.000000,1.220000,0.000000); 10.9851
(2.000000,1.224000,0.000000); 10.9811
(2.000000,1.228000,0.000000); 10.9771
(2.000000,1.232000,0.000000); 10.9731
(2.000000,1.236000,0.000000); 10.9691
(2.000000,1.240000,0.000000); 10.9651
(2.000000,1.244000,0.000000); 10.9611
(2.000000,1.248000,0.000000); 10.9571
(2.000000,1.252000,0.000000); 10.9531
(2.000000,1.256000,0.000000); 10.9491
(2.000000,1.260000,0.000000); 10.9451
(2.000000,1.264000,0.000000); 10.9411
(2.000000,1.268000,0.000000); 10.9371
(2.000000,1.272000,0.000000); 10.9331
(2.000000,1.276000,0.000000); 10.9291
(2.000000,1.280000,0.000000); 10.9251
(2.000000,1.284000,0.000000); 10.9211
(2.000000,1.288000,0.000000); 10.9171
(2.000000,1.292000,0.000000); 10.9131
(2.000000,1.296000,0.000000); 10.9091
(2.000000,1.300000,0.000000); 10.9051
(2.000000,1.304000,0.000000); 10.9011
(2.000000,1.308000,0.000000); 10.8971
(2.000000,1.312000,0.000000); 10.8931
(2.000000,1.316000,0.000000); 10.8891
(2.000000,1.320000,0.000000); 10.8851
(2.000000,1.324000,0.000000); 10.8811
(2.000000,1.328000,0.000000); 10.8771
(2.000000,1.332000,0.000000); 10.8731
(2.000000,1.336000,0.000000); 10.8691
(2.000000,1.340000,0.000000); 10.8651
(2.000000,1.344000,0.000000); 10.8611
(2.000000,1.348000,0.000000); 10.8571
(2.000000,1.352000,0.000000); 10.8531
(2.000000,1.356000,0.000000); 10.8491
(2.000000,1.360000,0.000000); 10.8451
(2.000000,1.364000,0.000000); 10.8411
(2.000000,1.368000,0.000000); 10.8371
(2.000000,1.372000,0.000000); 10.8331
(2.000000,1.376000,0.000000); 10.8292
(2.000000,1.380000,0.000000); 10.8252
(2.000000,1.384000,0.000000); 10.8212
(2.000000,1.388000,0.000000); 10.8172
(2.000000,1.392000,0.000000); 10.8132
(2.000000,1.396000,0.000000); 10.8092
(2.000000,1.400000,0.000000); 10.8052
(2.000000,1.404000,0.000000); 10.8012
(2.000000,1.408000,0.000000); 10.7972
(2.000000,1.412000,0.000000); 10.7932
(2.000000,1.416000,0.000000); 10.7892
(2.000000,1.420000,0.000000); 10.7852
(2.000000,1.424000,0.000000); 10.7812
(2.000000,1.428000,0.000000); 10.7772
(2.000000,1.432000,0.000000); 10.7732
(2.000000,1.436000,0.000000); 10.7692
(2.000000,1.440000,0.000000); 10.7652
(2.000000,1.444000,0.000000); 10.7612
(2.000000,1.448000,0.000000); 10.7572
(2.000000,1.452000,0.000000); 10.7532
(2.000000,1.456000,0.000000); 10.7492
(2.000000,1.460000,0.000000); 10.7452
(2.000000,1.464000,0.000000); 10.7412
(2.000000,1.468000,0.000000); 10.7372
(2.000000,1.472000,0.000000); 10.7332
(2.000000,1.476000,0.000000); 10.7292
(2.000000,1.480000,0.000000); 10.7252
(2.000000,1.484000,0.000000); 10.7212
(2.000000,1.488000,0.000000); 10.7172
(2.000000,1.492000,0.000000); 10.7132
(2.000000,1.496000,0.000000); 10.7092
(2.000000,1.500000,0.000000); 10.7052
(2.000000,1.504000,0.000000); 10.7012
(2.000000,1.508000,0.000000); 10.6972
(2.000000,1.512000,0.000000); 10.6932
(2.000000,1.516000,0.000000); 10.6892
(2.000000,1.520000,0.000000); 10.6852
(2.000000,1.524000,0.000000); 10.6812
(2.000000,1.528000,0.000000); 10.6772
(2.000000,1.532000,0.000000); 10.6732
(2.000000,1.536000,0.000000); 10.6692
(2.000000,1.540000,0.000000); 10.6652
(2.000000,1.544000,0.000000); 10.6612
(2.000000,1.548000,0.000000); 10.6572
(2.000000,1.552000,0.000000); 10.6533
(2.000000,1.556000,0.000000); 10.6493
(2.000000,1.560000,0.000000); 10.6453
(2.000000,1.564000,0.000000); 10.6413
(2.000000,1.568000,0.000000); 10.6373
(2.000000,1.572000,0.000000); 10.6333
(2.000000,1.576000,0.000000); 10.6293
(2.000000,1.580000,0.000000); 10.6253
(2.000000,1.584000,0.000000); 10.6213
(2.000000,1.588000,0.000000); 10.6173
(2.000000,1.592000,0.000000); 10.6133
(2.000000,1.596000,0.000000); 10.6093
(2.000000,1.600000,0.000000); 10.6053
(2.000000,1.604000,0.000000); 10.6013
(2.000000,1.608000,0.000000); 10.5973
(2.000000,1.612000,0.000000); 10.5933
(2.000000,1.616000,0.000000); 10.5893
(2.000000,1.620000,0.000000); 10.5853
(2.000000,1.624000,0.000000); 10.5813
(2.000000,1.628000,0.000000); 10.5773
(2.000000,1.632000,0.000000); 10.5733
(2.000000,1.636000,0.000000); 10.5693
(2.000000,1.640000,0.000000); 10.5653
(2.000000,1.644000,0.000000); 10.5613
(2.000000,1.648000,0.000000); 10.5573
(2.000000,1.652000,0.000000); 10.5533
(2.000000,1.656000,0.000000); 10.5493
(2.000000,1.660000,0.000000); 10.5453
(2.000000,1.664000,0.000000); 10.5413
(2.000000,1.668000,0.000000); 10.5373
(2.000000,1.672000,0.000000); 10.5333
(2.000000,1.676000,0.000000); 10.5293
(2.000000,1.680000,0.000000); 10.5253
(2.000000,1.684000,0.000000); 10.5213
(2.000000,1.688000,0.000000); 10.5173
(2.000000,1.692000,0.000000); 10.5133
(2.000000,1.696000,0.000000); 10.5093
(2.000000,1.700000,0.000000); 10.5053
(2.000000,1.704000,0.000000); 10.5013
(2.000000,1.708000,0.000000); 10.4973
(2.000000,1.712000,0.000000); 10.4933
(2.000000,1.716000,0.000000); 10.4893
(2.000000,1.720000,0.000000); 10.4853
(2.000000,1.724000,0.000000); 10.4813
(2.000000,1.728000,0.000000); 10.4773
(2.000000,1.732000,0.000000); 10.4733
(2.000000,1.736000,0.000000); 10.4693
(2.000000,1.740000,0.000000); 10.4654
(2.000000,1.744000,0.000000); 10.4614
(2.000000,1.748000,0.000000); 10.4574
(2.000000,1.752000,0.000000); 10.4534
(2.000000,1.756000,0.000000); 10.4494
(2.000000,1.760000,0.000000); 10.4454
(2.000000,1.764000,0.000000); 10.4414
(2.000000,1.768000,0.000000); 10.4374
(2.000000,1.772000,0.000000); 10.4334
(2.000000,1.776000,0.000000); 10.4294
(2.000000,1.780000,0.000000); 10.4254
(2.000000,1.784000,0.000000); 10.4214
(2.000000,1.788000,0.000000); 10.4174
(2.000000,1.792000,0.000000); 10.4134
(2.000000,1.796000,0.000000); 10.4094
(2.000000,1.800000,0.000000); 10.4054
(2.000000,1.804000,0.000000); 10.4014
(2.000000,1.808000,0.000000); 10.3974
(2.000000,1.812000,0.000000); 10.3934
(2.000000,1.816000,0.000000); 10.3894
(2.000000,1.820000,0.000000); 10.3854
(2.000000,1.824000,0.000000); 10.3814
(2.000000,1.828000,0.000000); 10.3774
(2.000000,1.832000,0.000000); 10.3734
(2.000000,1.836000,0.000000); 10.3694
(2.000000,1.840000,0.000000); 10.3654
(2.000000,1.844000,0.000000); 10.3614
(2.000000,1.848000,0.000000); 10.3574
(2.000000,1.852000,0.000000); 10.3534
(2.000000,1.856000,0.000000); 10.3494
(2.000000,1.860000,0.000000); 10.3454
(2.000000,1.864000,0.000000); 10.3414
(2.000000,1.868000,0.000000); 10.3374
(2.000000,1.872000,0.000000); 10.3334
(2.000000,1.876000,0.000000); 10.3294
(2.000000,1.880000,0.000000); 10.3254
(2.000000,1.884000,0.000000); 10.3214
(2.000000,1.888000,0.000000); 10.3174
(2.000000,1.892000,0.000000); 10.3134
(2.000000,1.896000,0.000000); 10.3094
(2.000000,1.900000,0.000000); 10.3054
(2.000000,1.904000,0.000000); 10.3014
(2.000000,1.908000,0.000000); 10.2974
(2.000000,1.912000,0.000000); 10.2934
(2.000000,1.916000,0.000000); 10.2894
(2.000000,1.920000,0.000000); 10.2854
(2.000000,1.924000,0.000000); 10.2814
(2.000000,1.928000,0.000000); 10.2774
(2.000000,1.932000,0.000000); 10.2735
(2.000000,1.936000,0.000000); 10.2695
(2.000000,1.940000,0.000000); 10.2655
(2.000000,1.944000,0.000000); 10.2615
(2.000000,1.948000,0.000000); 10.2575
(2.000000,1.952000,0.000000); 10.2535
(2.000000,1.956000,0.000000); 10.2495
(2.000000,1.960000,0.000000); 10.2455
(2.000000,1.964000,0.000000); 10.2415
(2.000000,1.968000,0.000000); 10.2375
(2.000000,1.972000,0.000000); 10.2335
(2.000000,1.976000,0.000000); 10.2295
(2.000000,1.980000,0.000000); 10.2255
(2.000000,1.984000,0.000000); 10.2215
(2.000000,1.988000,0.000000); 10.2175
(2.000000,1.992000,0.000000); 10.2135
(2.000000,1.996000,0.000000); 10.2095
(2.000000,2.000000,0.000000); 10.2055
(2.000000,2.004000,0.000000); 10.2015
(2.000000,2.008000,0.000000); 10.1975
(2.000000,2.012000,0.000000); 10.1935
(2.000000,2.016000,0.000000); 10.1895
(2.000000,2.020000,0.000000); 10.1855
(2.000000,2.024000,0.000000); 10.1815
(2.000000,2.028000,0.000000); 10.1775
(2.000000,2.032000,0.000000); 10.1735
(2.000000,2.036000,0.000000); 10.1695
(2.000000,2.040000,0.000000); 10.1655
(2.000000,2.044000,0.000000); 10.1615
(2.000000,2.048000,0.000000); 10.1575
(2.000000,2.052000,0.000000); 10.1535
(2.000000,2.056000,0.000000); 10.1495
(2.000000,2.060000,0.000000); 10.1455
(2.000000,2.064000,0.000000); 10.1415
(2.000000,2.068000,0.000000); 10.1375
(2.000000,2.072000,0.000000); 10.1335
(2.000000,2.076000,0.000000); 10.1295
(2.000000,2.080000,0.000000); 10.1255
(2.000000,2.084000,0.000000); 10.1215
(2.000000,2.088000,0.000000); 10.1175
(2.000000,2.092000,0.000000); 10.1135
(2.000000,2.096000,0.000000); 10.1095
(2.000000,2.100000,0.000000); 10.1055
(2.000000,2.104000,0.000000); 10.1015
(2.000000,2.108000,0.000000); 10.0975
(2.000000,2.112000,0.000000); 10.0935
(2.000000,2.116000,0.000000); 10.0895
(2.000000,2.120000,0.000000); 10.0855
(2.000000,2.124000,0.000000); 10.0815
(2.000000,2.128000,0.000000); 10.0775
(2.000000,2.132000,0.000000); 10.0736
(2.000000,2.136000,0.000000); 10.0696
(2.000000,2.140000,0.000000); 10.0656
(2.000000,2.144000,0.000000); 10.0616
(2.000000,2.148000,0.000000); 10.0576
(2.000000,2.152000,0.000000); 10.0536
(2.000000,2.156000,0.000000); 10.0496
(2.000000,2.160000,0.000000); 10.0456
(2.000000,2.164000,0.000000); 10.0416
(2.000000,2.168000,0.000000); 10.0376
(2.000000,2.172000,0.000000); 10.0336
(2.000000,2.176000,0.000000); 10.0296
(2.000000,2.180000,0.000000); 10.0256
(2.000000,2.184000,0.000000); 10.0216
(2.000000,2.188000,0.000000); 10.0176
(2.000000,2.192000,0.000000); 10.0136
(2.000000,2.196000,0.000000); 10.0096
(2.000000,2.200000,0.000000); 10.0056
(2.000000,2.204000,0.000000); 10.0016
(2.000000,2.208000,0.000000); 9.99759
(2.000000,2.212000,0.000000); 9.99359
(2.000000,2.216000,0.000000); 9.98959
(2.000000,2.220000,0.000000); 9.98559
(2.000000,2.224000,0.000000); 9.9816
(2.000000,2.228000,0.000000); 9.9776
(2.000000,2.232000,0.000000); 9.9736
(2.000000,2.236000,0.000000); 9.9696
(2.000000,2.240000,0.000000); 9.9656
(2.000000,2.244000,0.000000); 9.96161
(2.000000,2.248000,0.000000); 9.95761
(2.000000,2.252000,0.000000); 9.95361
(2.000000,2.256000,0.000000); 9.94961
(2.000000,2.260000,0.000000); 9.94561
(2.000000,2.264000,0.000000); 9.94161
(2.000000,2.268000,0.000000); 9.93762
(2.000000,2.272000,0.000000); 9.93362
(2.000000,2.276000,0.000000); 9.92962
(2.000000,2.280000,0.000000); 9.92562
(2.000000,2.284000,0.000000); 9.92162
(2.000000,2.288000,0.000000); 9.91763
(2.000000,2.292000,0.000000); 9.91363
(2.000000,2.296000,0.000000); 9.90963
(2.000000,2.300000,0.000000); 9.90563
(2.000000,2.304000,0.000000); 9.90163
(2.000000,2.308000,0.000000); 9.89764
(2.000000,2.312000,0.000000); 9.89364
(2.000000,2.316000,0.000000); 9.88964
(2.000000,2.320000,0.000000); 9.88564
(2.000000,2.324000,0.000000); 9.88164
(2.000000,2.328000,0.000000); 9.87765
(2.000000,2.332000,0.000000); 9.87365
(2.000000,2.336000,0.000000); 9.86965
(2.000000,2.340000,0.000000); 9.86565
(2.000000,2.344000,0.000000); 9.86165
(2.000000,2.348000,0.000000); 9.85765
(2.000000,2.352000,0.000000); 9.85366
(2.000000,2.356000,0.000000); 9.84966
(2.000000,2.360000,0.000000); 9.84566
(2.000000,2.364000,0.000000); 9.84166
(2.000000,2.368000,0.000000); 9.83766
(2.000000,2.372000,0.000000); 9.83367
(2.000000,2.376000,0.000000); 9.82967
(2.000000,2.380000,0.000000); 9.82567
(2.000000,2.384000,0.000000); 9.82167
(2.000000,2.388000,0.000000); 9.81767
(2.000000,2.392000,0.000000); 9.81368
(2.000000,2.396000,0.000000); 9.80968
(2.000000,2.400000,0.000000); 9.80568
(2.000000,2.404000,0.000000); 9.80168
(2.000000,2.408000,0.000000); 9.79768
(2.000000,2.412000,0.000000); 9.79369
(2.000000,2.416000,0.000000); 9.78969
(2.000000,2.420000,0.000000); 9.78569
(2.000000,2.424000,0.000000); 9.78169
(2.000000,2.428000,0.000000); 9.77769
(2.000000,2.432000,0.000000); 9.7737
(2.000000,2.436000,0.000000); 9.7697
(2.000000,2.440000,0.000000); 9.7657
(2.000000,2.444000,0.000000); 9.7617
(2.000000,2.448000,0.000000); 9.75771
(2.000000,2.452000,0.000000); 9.75371
(2.000000,2.456000,0.000000); 9.74972
(2.000000,2.460000,0.000000); 9.74572
(2.000000,2.464000,0.000000); 9.74172
(2.000000,2.468000,0.000000); 9.73773
(2.000000,2.472000,0.000000); 9.73373
(2.000000,2.476000,0.000000); 9.72974
(2.000000,2.480000,0.000000); 9.72574
(2.000000,2.484000,0.000000); 9.72175
(2.000000,2.488000,0.000000); 9.71775
(2.000000,2.492000,0.000000); 9.71376
(2.000000,2.496000,0.000000); 9.70976
(2.000000,2.500000,0.000000); 9.70577
(2.000000,2.504000,0.000000); 9.70177
(2.000000,2.508000,0.000000); 9.69778
(2.000000,2.512000,0.000000); 9.69378
(2.000000,2.516000,0.000000); 9.68979
(2.000000,2.520000,0.000000); 9.6858
(2.000000,2.524000,0.000000); 9.6818
(2.000000,2.528000,0.000000); 9.67781
(2.000000,2.532000,0.000000); 9.67381
(2.000000,2.536000,0.000000); 9.66982
(2.000000,2.540000,0.000000); 9.66583
(2.000000,2.544000,0.000000); 9.66185
(2.000000,2.548000,0.000000); 9.65786
(2.000000,2.552000,0.000000); 9.65388
(2.000000,2.556000,0.000000); 9.64989
(2.000000,2.560000,0.000000); 9.64591
(2.000000,2.564000,0.000000); 9.64192
(2.000000,2.568000,0.000000); 9.63794
(2.000000,2.572000,0.000000); 9.63395
(2.000000,2.576000,0.000000); 9.62997
(2.000000,2.580000,0.000000); 9.62598
(2.000000,2.584000,0.000000); 9.622
(2.000000,2.588000,0.000000); 9.61801
(2.000000,2.592000,0.000000); 9.61403
(2.000000,2.596000,0.000000); 9.61004
(2.000000,2.600000,0.000000); 9.60606
(2.000000,2.604000,0.000000); 9.60207
(2.000000,2.608000,0.000000); 9.59809
(2.000000,2.612000,0.000000); 9.59411
(2.000000,2.616000,0.000000); 9.59012
(2.000000,2.620000,0.000000); 9.58614
(2.000000,2.624000,0.000000); 9.58215
(2.000000,2.628000,0.000000); 9.57817
(2.000000,2.632000,0.000000); 9.57421
(2.000000,2.636000,0.000000); 9.57027
(2.000000,2.640000,0.000000); 9.56634
(2.000000,2.644000,0.000000); 9.5624
(2.000000,2.648000,0.000000); 9.55847
(2.000000,2.652000,0.000000); 9.55454
(2.000000,2.656000,0.000000); 9.5506
(2.000000,2.660000,0.000000); 9.54667
(2.000000,2.664000,0.000000); 9.54273
(2.000000,2.668000,0.000000); 9.5388
(2.000000,2.672000,0.000000); 9.53486
(2.000000,2.676000,0.000000); 9.53093
(2.000000,2.680000,0.000000); 9.527
(2.000000,2.684000,0.000000); 9.52306
(2.000000,2.688000,0.000000); 9.51913
(2.000000,2.692000,0.000000); 9.51519
(2.000000,2.696000,0.000000); 9.51126
(2.000000,2.700000,0.000000); 9.50732
(2.000000,2.704000,0.000000); 9.50339
(2.000000,2.708000,0.000000); 9.49945
(2.000000,2.712000,0.000000); 9.49552
(2.000000,2.716000,0.000000); 9.49159
(2.000000,2.720000,0.000000); 9.48765
(2.000000,2.724000,0.000000); 9.48372
(2.000000,2.728000,0.000000); 9.47978
(2.000000,2.732000,0.000000); 9.47585
(2.000000,2.736000,0.000000); 9.47191
(2.000000,2.740000,0.000000); 9.46798
(2.000000,2.744000,0.000000); 9.46405
(2.000000,2.748000,0.000000); 9.46011
(2.000000,2.752000,0.000000); 9.45618
(2.000000,2.756000,0.000000); 9.45224
(2.000000,2.760000,0.000000); 9.44831
(2.000000,2.764000,0.000000); 9.44466
(2.000000,2.768000,0.000000); 9.44102
(2.000000,2.772000,0.000000); 9.43737
(2.000000,2.776000,0.000000); 9.43373
(2.000000,2.780000,0.000000); 9.43009
(2.000000,2.784000,0.000000); 9.42644
(2.000000,2.788000,0.000000); 9.4228
(2.000000,2.792000,0.000000); 9.41916
(2.000000,2.796000,0.000000); 9.41552
(2.000000,2.800000,0.000000); 9.41187
(2.000000,2.804000,0.000000); 9.40823
(2.000000,2.808000,0.000000); 9.40459
(2.000000,2.812000,0.000000); 9.40094
(2.000000,2.816000,0.000000); 9.3973
(2.000000,2.820000,0.000000); 9.39366
(2.000000,2.824000,0.000000); 9.39001
(2.000000,2.828000,0.000000); 9.38637
(2.000000,2.832000,0.000000); 9.38273
(2.000000,2.836000,0.000000); 9.37909
(2.000000,2.840000,0.000000); 9.37544
(2.000000,2.844000,0.000000); 9.3718
(2.000000,2.848000,0.000000); 9.36816
(2.000000,2.852000,0.000000); 9.36451
(2.000000,2.856000,0.000000); 9.36087
(2.000000,2.860000,0.000000); 9.35723
(2.000000,2.864000,0.000000); 9.35358
(2.000000,2.868000,0.000000); 9.34994
(2.000000,2.872000,0.000000); 9.3463
(2.000000,2.876000,0.000000); 9.34267
(2.000000,2.880000,0.000000); 9.33908
(2.000000,2.884000,0.000000); 9.33549
(2.000000,2.888000,0.000000); 9.3319
(2.000000,2.892000,0.000000); 9.32877
(2.000000,2.896000,0.000000); 9.32624
(2.000000,2.900000,0.000000); 9.3237
(2.000000,2.904000,0.000000); 9.32117
(2.000000,2.908000,0.000000); 9.31862
(2.000000,2.912000,0.000000); 9.31599
(2.000000,2.916000,0.000000); 9.31337
(2.000000,2.920000,0.000000); 9.31074
(2.000000,2.924000,0.000000); 9.30811
(2.000000,2.928000,0.000000); 9.30548
(2.000000,2.932000,0.000000); 9.30285
(2.000000,2.936000,0.000000); 9.30023
(2.000000,2.940000,0.000000); 9.2976
(2.000000,2.944000,0.000000); 9.29497
(2.000000,2.948000,0.000000); 9.29234
(2.000000,2.952000,0.000000); 9.28971
(2.000000,2.956000,0.000000); 9.28709
(2.000000,2.960000,0.000000); 9.28446
(2.000000,2.964000,0.000000); 9.28183
(2.000000,2.968000,0.000000); 9.2792
(2.000000,2.972000,0.000000); 9.27657
(2.000000,2.976000,0.000000); 9.27395
(2.000000,2.980000,0.000000); 9.27132
(2.000000,2.984000,0.000000); 9.26869
(2.000000,2.988000,0.000000); 9.26606
(2.000000,2.992000,0.000000); 9.26343
(2.000000,2.996000,0.000000); 9.26081
(2.000000,3.000000,0.000000); 9.25818
(2.000000,3.004000,0.000000); 9.25555
(2.000000,3.008000,0.000000); 9.25292
(2.000000,3.012000,0.000000); 9.25029
(2.000000,3.016000,0.000000); 9.24767
(2.000000,3.020000,0.000000); 9.24504
(2.000000,3.024000,0.000000); 9.24366
(2.000000,3.028000,0.000000); 9.24241
(2.000000,3.032000,0.000000); 9.24116
(2.000000,3.036000,0.000000); 9.23992
(2.000000,3.040000,0.000000); 9.23867
(2.000000,3.044000,0.000000); 9.23742
(2.000000,3.048000,0.000000); 9.23618
(2.000000,3.052000,0.000000); 9.23493
(2.000000,3.056000,0.000000); 9.23369
(2.000000,3.060000,0.000000); 9.23244
(2.000000,3.064000,0.000000); 9.23119
(2.000000,3.068000,0.000000); 9.22995
(2.000000,3.072000,0.000000); 9.2287
(2.000000,3.076000,0.000000); 9.22745
(2.000000,3.080000,0.000000); 9.22621
(2.000000,3.084000,0.000000); 9.22496
(2.000000,3.088000,0.000000); 9.22371
(2.000000,3.092000,0.000000); 9.22247
(2.000000,3.096000,0.000000); 9.22122
(2.000000,3.100000,0.000000); 9.21997
(2.000000,3.104000,0.000000); 9.21873
(2.000000,3.108000,0.000000); 9.21748
(2.000000,3.112000,0.000000); 9.21623
(2.000000,3.116000,0.000000); 9.21499
(2.000000,3.120000,0.000000); 9.21374
(2.000000,3.124000,0.000000); 9.21251
(2.000000,3.128000,0.000000); 9.21128
(2.000000,3.132000,0.000000); 9.21005
(2.000000,3.136000,0.000000); 9.20882
(2.000000,3.140000,0.000000); 9.20759
(2.000000,3.144000,0.000000); 9.2065
(2.000000,3.148000,0.000000); 9.20574
(2.000000,3.152000,0.000000); 9.20499
(2.000000,3.156000,0.000000); 9.20426
(2.000000,3.160000,0.000000); 9.20366
(2.000000,3.164000,0.000000); 9.20306
(2.000000,3.168000,0.000000); 9.20246
(2.000000,3.172000,0.000000); 9.20186
(2.000000,3.176000,0.000000); 9.20126
(2.000000,3.180000,0.000000); 9.20065
(2.000000,3.184000,0.000000); 9.20005
(2.000000,3.188000,0.000000); 9.19945
(2.000000,3.192000,0.000000); 9.19885
(2.000000,3.196000,0.000000); 9.19825
(2.000000,3.200000,0.000000); 9.19766
(2.000000,3.204000,0.000000); 9.19706
(2.000000,3.208000,0.000000); 9.19647
(2.000000,3.212000,0.000000); 9.19587
(2.000000,3.216000,0.000000); 9.19527
(2.000000,3.220000,0.000000); 9.19468
(2.000000,3.224000,0.000000); 9.19408
(2.000000,3.228000,0.000000); 9.19349
(2.000000,3.232000,0.000000); 9.19289
(2.000000,3.236000,0.000000); 9.1923
(2.000000,3.240000,0.000000); 9.1917
(2.000000,3.244000,0.000000); 9.19111
(2.000000,3.248000,0.000000); 9.19051
(2.000000,3.252000,0.000000); 9.18991
(2.000000,3.256000,0.000000); 9.18932
(2.000000,3.260000,0.000000); 9.18872
(2.000000,3.264000,0.000000); 9.18813
(2.000000,3.268000,0.000000); 9.18753
(2.000000,3.272000,0.000000); 9.18692
(2.000000,3.276000,0.000000); 9.18632
(2.000000,3.280000,0.000000); 9.18572
(2.000000,3.284000,0.000000); 9.18512
(2.000000,3.288000,0.000000); 9.18451
(2.000000,3.292000,0.000000); 9.18391
(2.000000,3.296000,0.000000); 9.18331
(2.000000,3.300000,0.000000); 9.18271
(2.000000,3.304000,0.000000); 9.1821
(2.000000,3.308000,0.000000); 9.1815
(2.000000,3.312000,0.000000); 9.1809
(2.000000,3.316000,0.000000); 9.1803
(2.000000,3.320000,0.000000); 9.1797
(2.000000,3.324000,0.000000); 9.1791
(2.000000,3.328000,0.000000); 9.1785
(2.000000,3.332000,0.000000); 9.1779
(2.000000,3.336000,0.000000); 9.1773
(2.000000,3.340000,0.000000); 9.1767
(2.000000,3.344000,0.000000); 9.1761
(2.000000,3.348000,0.000000); 9.1755
(2.000000,3.352000,0.000000); 9.1749
(2.000000,3.356000,0.000000); 9.1743
(2.000000,3.360000,0.000000); 9.1737
(2.000000,3.364000,0.000000); 9.1731
(2.000000,3.368000,0.000000); 9.1725
(2.000000,3.372000,0.000000); 9.1719
(2.000000,3.376000,0.000000); 9.1713
(2.000000,3.380000,0.000000); 9.1707
(2.000000,3.384000,0.000000); 9.17009
(2.000000,3.388000,0.000000); 9.1694
(2.000000,3.392000,0.000000); 9.16871
(2.000000,3.396000,0.000000); 9.16803
(2.000000,3.400000,0.000000); 9.16734
(2.000000,3.404000,0.000000); 9.16665
(2.000000,3.408000,0.000000); 9.16597
(2.000000,3.412000,0.000000); 9.16528
(2.000000,3.416000,0.000000); 9.1646
(2.000000,3.420000,0.000000); 9.16391
(2.000000,3.424000,0.000000); 9.16322
(2.000000,3.428000,0.000000); 9.16254
(2.000000,3.432000,0.000000); 9.16185
(2.000000,3.436000,0.000000); 9.16116
(2.000000,3.440000,0.000000); 9.16048
(2.000000,3.444000,0.000000); 9.15979
(2.000000,3.448000,0.000000); 9.1591
(2.000000,3.452000,0.000000); 9.15842
(2.000000,3.456000,0.000000); 9.15773
(2.000000,3.460000,0.000000); 9.15704
(2.000000,3.464000,0.000000); 9.15636
(2.000000,3.468000,0.000000); 9.15567
(2.000000,3.472000,0.000000); 9.15498
(2.000000,3.476000,0.000000); 9.1543
(2.000000,3.480000,0.000000); 9.15361
(2.000000,3.484000,0.000000); 9.15292
(2.000000,3.488000,0.000000); 9.15222
(2.000000,3.492000,0.000000); 9.15153
(2.000000,3.496000,0.000000); 9.15084
(2.000000,3.500000,0.000000); 9.15015
(2.000000,3.504000,0.000000); 9.14939
(2.000000,3.508000,0.000000); 9.14854
(2.000000,3.512000,0.000000); 9.14769
(2.000000,3.516000,0.000000); 9.14684
(2.000000,3.520000,0.000000); 9.14599
(2.000000,3.524000,0.000000); 9.14515
(2.000000,3.528000,0.000000); 9.14431
(2.000000,3.532000,0.000000); 9.14347
(2.000000,3.536000,0.000000); 9.14264
(2.000000,3.540000,0.000000); 9.1418
(2.000000,3.544000,0.000000); 9.14096
(2.000000,3.548000,0.000000); 9.14012
(2.000000,3.552000,0.000000); 9.13928
(2.000000,3.556000,0.000000); 9.13844
(2.000000,3.560000,0.000000); 9.1376
(2.000000,3.564000,0.000000); 9.13677
(2.000000,3.568000,0.000000); 9.13593
(2.000000,3.572000,0.000000); 9.13509
(2.000000,3.576000,0.000000); 9.13425
(2.000000,3.580000,0.000000); 9.13341
(2.000000,3.584000,0.000000); 9.13257
(2.000000,3.588000,0.000000); 9.13173
(2.000000,3.592000,0.000000); 9.1309
(2.000000,3.596000,0.000000); 9.13006
(2.000000,3.600000,0.000000); 9.12922
(2.000000,3.604000,0.000000); 9.12838
(2.000000,3.608000,0.000000); 9.12754
(2.000000,3.612000,0.000000); 9.1267
(2.000000,3.616000,0.000000); 9.12586
(2.000000,3.620000,0.000000); 9.12503
(2.000000,3.624000,0.000000); 9.12403
(2.000000,3.628000,0.000000); 9.12297
(2.000000,3.632000,0.000000); 9.12192
(2.000000,3.636000,0.000000); 9.12087
(2.000000,3.640000,0.000000); 9.11982
(2.000000,3.644000,0.000000); 9.11877
(2.000000,3.648000,0.000000); 9.11771
(2.000000,3.652000,0.000000); 9.11666
(2.000000,3.656000,0.000000); 9.11561
(2.000000,3.660000,0.000000); 9.11456
(2.000000,3.664000,0.000000); 9.11351
(2.000000,3.668000,0.000000); 9.11245
(2.000000,3.672000,0.000000); 9.1114
(2.000000,3.676000,0.000000); 9.11035
(2.000000,3.680000,0.000000); 9.1093
(2.000000,3.684000,0.000000); 9.10825
(2.000000,3.688000,0.000000); 9.10719
(2.000000,3.692000,0.000000); 9.10614
(2.000000,3.696000,0.000000); 9.10509
(2.000000,3.700000,0.000000); 9.10402
(2.000000,3.704000,0.000000); 9.10294
(2.000000,3.708000,0.000000); 9.10187
(2.000000,3.712000,0.000000); 9.1008
(2.000000,3.716000,0.000000); 9.0997
(2.000000,3.720000,0.000000); 9.09834
(2.000000,3.724000,0.000000); 9.09698
(2.000000,3.728000,0.000000); 9.09561
(2.000000,3.732000,0.000000); 9.09425
(2.000000,3.736000,0.000000); 9.09288
(2.000000,3.740000,0.000000); 9.09152
(2.000000,3.744000,0.000000); 9.09015
(2.000000,3.748000,0.000000); 9.08879
(2.000000,3.752000,0.000000); 9.08744
(2.000000,3.756000,0.000000); 9.0861
(2.000000,3.760000,0.000000); 9.08475
(2.000000,3.764000,0.000000); 9.08341
(2.000000,3.768000,0.000000); 9.08206
(2.000000,3.772000,0.000000); 9.08072
(2.000000,3.776000,0.000000); 9.07937
(2.000000,3.780000,0.000000); 9.07803
(2.000000,3.784000,0.000000); 9.07668
(2.000000,3.788000,0.000000); 9.07534
(2.000000,3.792000,0.000000); 9.07399
(2.000000,3.796000,0.000000); 9.07264
(2.000000,3.800000,0.000000); 9.0713
(2.000000,3.804000,0.000000); 9.06995
(2.000000,3.808000,0.000000); 9.06861
(2.000000,3.812000,0.000000); 9.06708
(2.000000,3.816000,0.000000); 9.06526
(2.000000,3.820000,0.000000); 9.06344
(2.000000,3.824000,0.000000); 9.06162
(2.000000,3.828000,0.000000); 9.0598
(2.000000,3.832000,0.000000); 9.05798
(2.000000,3.836000,0.000000); 9.05615
(2.000000,3.840000,0.000000); 9.05433
(2.000000,3.844000,0.000000); 9.05251
(2.000000,3.848000,0.000000); 9.05069
(2.000000,3.852000,0.000000); 9.04881
(2.000000,3.856000,0.000000); 9.04693
(2.000000,3.860000,0.000000); 9.04505
(2.000000,3.864000,0.000000); 9.04317
(2.000000,3.868000,0.000000); 9.04129
(2.000000,3.872000,0.000000); 9.03941
(2.000000,3.876000,0.000000); 9.03753
(2.000000,3.880000,0.000000); 9.03565
(2.000000,3.884000,0.000000); 9.03376
(2.000000,3.888000,0.000000); 9.03188
(2.000000,3.892000,0.000000); 9.03
(2.000000,3.896000,0.000000); 9.02812
(2.000000,3.900000,0.000000); 9.02624
(2.000000,3.904000,0.000000); 9.02436
(2.000000,3.908000,0.000000); 9.02176
(2.000000,3.912000,0.000000); 9.01883
(2.000000,3.916000,0.000000); 9.0159
(2.000000,3.920000,0.000000); 9.01298
(2.000000,3.924000,0.000000); 9.01005
(2.000000,3.928000,0.000000); 9.00712
(2.000000,3.932000,0.000000); 9.0042
(2.000000,3.936000,0.000000); 9.00127
(2.000000,3.940000,0.000000); 8.99834
(2.000000,3.944000,0.000000); 8.99542
(2.000000,3.948000,0.000000); 8.99249
(2.000000,3.952000,0.000000); 8.98956
(2.000000,3.956000,0.000000); 8.98663
(2.000000,3.960000,0.000000); 8.98371
(2.000000,3.964000,0.000000); 8.98078
(2.000000,3.968000,0.000000); 8.97785
(2.000000,3.972000,0.000000); 8.97493
(2.000000,3.976000,0.000000); 8.972
(2.000000,3.980000,0.000000); 8.96907
(2.000000,3.984000,0.000000); 8.96615
(2.000000,3.988000,0.000000); 8.96322
(2.000000,3.992000,0.000000); 8.96029
(2.000000,3.996000,0.000000); 8.95736
(2.000000,4.000000,0.000000); 8.95444
--
(2.000000,0.000000,0.000000); 14.2037
(2.000000,0.004000,0.000000); 14.196
(2.000000,0.008000,0.000000); 14.1883
(2.000000,0.012000,0.000000); 14.1805
(2.000000,0.016000,0.000000); 14.1728
(2.000000,0.020000,0.000000); 14.1651
(2.000000,0.024000,0.000000); 14.1574
(2.000000,0.028000,0.000000); 14.1497
(2.000000,0.032000,0.000000); 14.142
(2.000000,0.036000,0.000000); 14.1343
(2.000000,0.040000,0.000000); 14.1266
(2.000000,0.044000,0.000000); 14.1189
(2.000000,0.048000,0.000000); 14.1111
(2.000000,0.052000,0.000000); 14.1034
(2.000000,0.056000,0.000000); 14.0957
(2.000000,0.060000,0.000000); 14.088
(2.000000,0.064000,0.000000); 14.0803
(2.000000,0.068000,0.000000); 14.0726
(2.000000,0.072000,0.000000); 14.0649
(2.000000,0.076000,0.000000); 14.0572
(2.000000,0.080000,0.000000); 14.0495
(2.000000,0.084000,0.000000); 14.0417
(2.000000,0.088000,0.000000); 14.034
(2.000000,0.092000,0.000000); 14.0263
(2.000000,0.096000,0.000000); 14.0187
(2.000000,0.100000,0.000000); 14.0113
(2.000000,0.104000,0.000000); 14.004
(2.000000,0.108000,0.000000); 13.9966
(2.000000,0.112000,0.000000); 13.9893
(2.000000,0.116000,0.000000); 13.9819
(2.000000,0.120000,0.000000); 13.9745
(2.000000,0.124000,0.000000); 13.9672
(2.000000,0.128000,0.000000); 13.9598
(2.000000,0.132000,0.000000); 13.9524
(2.000000,0.136000,0.000000); 13.9451
(2.000000,0.140000,0.000000); 13.9377
(2.000000,0.144000,0.000000); 13.9303
(2.000000,0.148000,0.000000); 13.923
(2.000000,0.152000,0.000000); 13.9156
(2.000000,0.156000,0.000000); 13.9082
(2.000000,0.160000,0.000000); 13.9008
(2.000000,0.164000,0.000000); 13.8933
(2.000000,0.168000,0.000000); 13.8859
(2.000000,0.172000,0.000000); 13.8785
(2.000000,0.176000,0.000000); 13.8711
(2.000000,0.180000,0.000000); 13.8637
(2.000000,0.184000,0.000000); 13.8562
(2.000000,0.188000,0.000000); 13.8488
(2.000000,0.192000,0.000000); 13.8417
(2.000000,0.196000,0.000000); 13.8349
(2.000000,0.200000,0.000000); 13.828
(2.000000,0.204000,0.000000); 13.8211
(2.000000,0.208000,0.000000); 13.8142
(2.000000,0.212000,0.000000); 13.8073
(2.000000,0.216000,0.000000); 13.8005
(2.000000,0.220000,0.000000); 13.7936
(2.000000,0.224000,0.000000); 13.7867
(2.000000,0.228000,0.000000); 13.7798
(2.000000,0.232000,0.000000); 13.773
(2.000000,0.236000,0.000000); 13.7661
(2.000000,0.240000,0.000000); 13.7592
(2.000000,0.244000,0.000000); 13.7523
(2.000000,0.248000,0.000000); 13.7454
(2.000000,0.252000,0.000000); 13.7386
(2.000000,0.256000,0.000000); 13.7316
(2.000000,0.260000,0.000000); 13.7246
(2.000000,0.264000,0.000000); 13.7176
(2.000000,0.268000,0.000000); 13.7106
(2.000000,0.272000,0.000000); 13.7036
(2.000000,0.276000,0.000000); 13.6966
(2.000000,0.280000,0.000000); 13.6896
(2.000000,0.284000,0.000000); 13.6825
(2.000000,0.288000,0.000000); 13.676
(2.000000,0.292000,0.000000); 13.6695
(2.000000,0.296000,0.000000); 13.6631
(2.000000,0.300000,0.000000); 13.6566
(2.000000,0.304000,0.000000); 13.6501
(2.000000,0.308000,0.000000); 13.6435
(2.000000,0.312000,0.000000); 13.637
(2.000000,0.316000,0.000000); 13.6304
(2.000000,0.320000,0.000000); 13.6239
(2.000000,0.324000,0.000000); 13.6173
(2.000000,0.328000,0.000000); 13.6108
(2.000000,0.332000,0.000000); 13.6042
(2.000000,0.336000,0.000000); 13.5977
(2.000000,0.340000,0.000000); 13.5911
(2.000000,0.344000,0.000000); 13.5846
(2.000000,0.348000,0.000000); 13.578
(2.000000,0.352000,0.000000); 13.5715
(2.000000,0.356000,0.000000); 13.5649
(2.000000,0.360000,0.000000); 13.5584
(2.000000,0.364000,0.000000); 13.5518
(2.000000,0.368000,0.000000); 13.5453
(2.000000,0.372000,0.000000); 13.5387
(2.000000,0.376000,0.000000); 13.5322
(2.000000,0.380000,0.000000); 13.5257
(2.000000,0.384000,0.000000); 13.5196
(2.000000,0.388000,0.000000); 13.5135
(2.000000,0.392000,0.000000); 13.5074
(2.000000,0.396000,0.000000); 13.5013
(2.000000,0.400000,0.000000); 13.4952
(2.000000,0.404000,0.000000); 13.4891
(2.000000,0.408000,0.000000); 13.483
(2.000000,0.412000,0.000000); 13.4769
(2.000000,0.416000,0.000000); 13.4708
(2.000000,0.420000,0.000000); 13.4647
(2.000000,0.424000,0.000000); 13.4586
(2.000000,0.428000,0.000000); 13.4525
(2.000000,0.432000,0.000000); 13.4464
(2.000000,0.436000,0.000000); 13.4403
(2.000000,0.440000,0.000000); 13.4342
(2.000000,0.444000,0.000000); 13.4281
(2.000000,0.448000,0.000000); 13.422
(2.000000,0.452000,0.000000); 13.4159
(2.000000,0.456000,0.000000); 13.4098
(2.000000,0.460000,0.000000); 13.4037
(2.000000,0.464000,0.000000); 13.3976
(2.000000,0.468000,0.000000); 13.3915
(2.000000,0.472000,0.000000); 13.3854
(2.000000,0.476000,0.000000); 13.3793
(2.000000,0.480000,0.000000); 13.3732
(2.000000,0.484000,0.000000); 13.367
(2.000000,0.488000,0.000000); 13.3609
(2.000000,0.492000,0.000000); 13.3547
(2.000000,0.496000,0.000000); 13.3485
(2.000000,0.500000,0.000000); 13.3425
(2.000000,0.504000,0.000000); 13.3367
(2.000000,0.508000,0.000000); 13.3309
(2.000000,0.512000,0.000000); 13.3251
(2.000000,0.516000,0.000000); 13.3193
(2.000000,0.520000,0.000000); 13.3135
(2.000000,0.524000,0.000000); 13.3077
(2.000000,0.528000,0.000000); 13.3018
(2.000000,0.532000,0.000000); 13.296
(2.000000,0.536000,0.000000); 13.2901
(2.000000,0.540000,0.000000); 13.2843
(2.000000,0.544000,0.000000); 13.2785
(2.000000,0.548000,0.000000); 13.2726
(2.000000,0.552000,0.000000); 13.2668
(2.000000,0.556000,0.000000); 13.2609
(2.000000,0.560000,0.000000); 13.2551
(2.000000,0.564000,0.000000); 13.2492
(2.000000,0.568000,0.000000); 13.2434
(2.000000,0.572000,0.000000); 13.2376
(2.000000,0.576000,0.000000); 13.2317
(2.000000,0.580000,0.000000); 13.2259
(2.000000,0.584000,0.000000); 13.22
(2.000000,0.588000,0.000000); 13.2142
(2.000000,0.592000,0.000000); 13.2084
(2.000000,0.596000,0.000000); 13.2025
(2.000000,0.600000,0.000000); 13.1967
(2.000000,0.604000,0.000000); 13.1908
(2.000000,0.608000,0.000000); 13.185
(2.000000,0.612000,0.000000); 13.1791
(2.000000,0.616000,0.000000); 13.1733
(2.000000,0.620000,0.000000); 13.1677
(2.000000,0.624000,0.000000); 13.1621
(2.000000,0.628000,0.000000); 13.1565
(2.000000,0.632000,0.000000); 13.1509
(2.000000,0.636000,0.000000); 13.1454
(2.000000,0.640000,0.000000); 13.1398
(2.000000,0.644000,0.000000); 13.1342
(2.000000,0.648000,0.000000); 13.1286
(2.000000,0.652000,0.000000); 13.123
(2.000000,0.656000,0.000000); 13.1175
(2.000000,0.660000,0.000000); 13.1119
(2.000000,0.664000,0.000000); 13.1063
(2.000000,0.668000,0.000000); 13.1007
(2.000000,0.672000,0.000000); 13.0951
(2.000000,0.676000,0.000000); 13.0896
(2.000000,0.680000,0.000000); 13.084
(2.000000,0.684000,0.000000); 13.0784
(2.000000,0.688000,0.000000); 13.0728
(2.000000,0.692000,0.000000); 13.0672
(2.000000,0.696000,0.000000); 13.0616
(2.000000,0.700000,0.000000); 13.0559
(2.000000,0.704000,0.000000); 13.0503
(2.000000,0.708000,0.000000); 13.0447
(2.000000,0.712000,0.000000); 13.0391
(2.000000,0.716000,0.000000); 13.0335
(2.000000,0.720000,0.000000); 13.0278
(2.000000,0.724000,0.000000); 13.0222
(2.000000,0.728000,0.000000); 13.0166
(2.000000,0.732000,0.000000); 13.011
(2.000000,0.736000,0.000000); 13.0054
(2.000000,0.740000,0.000000); 13
(2.000000,0.744000,0.000000); 12.9945
(2.000000,0.748000,0.000000); 12.9891
(2.000000,0.752000,0.000000); 12.9837
(2.000000,0.756000,0.000000); 12.9783
(2.000000,0.760000,0.000000); 12.9728
(2.000000,0.764000,0.000000); 12.9674
(2.000000,0.768000,0.000000); 12.962
(2.000000,0.772000,0.000000); 12.9566
(2.000000,0.776000,0.000000); 12.9511
(2.000000,0.780000,0.000000); 12.9457
(2.000000,0.784000,0.000000); 12.9403
(2.000000,0.788000,0.000000); 12.9348
(2.000000,0.792000,0.000000); 12.9294
(2.000000,0.796000,0.000000); 12.924
(2.000000,0.800000,0.000000); 12.9186
(2.000000,0.804000,0.000000); 12.9131
(2.000000,0.808000,0.000000); 12.9077
(2.000000,0.812000,0.000000); 12.9022
(2.000000,0.816000,0.000000); 12.8968
(2.000000,0.820000,0.000000); 12.8913
(2.000000,0.824000,0.000000); 12.8858
(2.000000,0.828000,0.000000); 12.8804
(2.000000,0.832000,0.000000); 12.8749
(2.000000,0.836000,0.000000); 12.8694
(2.000000,0.840000,0.000000); 12.864
(2.000000,0.844000,0.000000); 12.8585
(2.000000,0.848000,0.000000); 12.8531
(2.000000,0.852000,0.000000); 12.8478
(2.000000,0.856000,0.000000); 12.8424
(2.000000,0.860000,0.000000); 12.8371
(2.000000,0.864000,0.000000); 12.8318
(2.000000,0.868000,0.000000); 12.8265
(2.000000,0.872000,0.000000); 12.8213
(2.000000,0.876000,0.000000); 12.816
(2.000000,0.880000,0.000000); 12.8107
(2.000000,0.884000,0.000000); 12.8054
(2.000000,0.888000,0.000000); 12.8001
(2.000000,0.892000,0.000000); 12.7948
(2.000000,0.896000,0.000000); 12.7894
(2.000000,0.900000,0.000000); 12.7841
(2.000000,0.904000,0.000000); 12.7788
(2.000000,0.908000,0.000000); 12.7735
(2.000000,0.912000,0.000000); 12.7682
(2.000000,0.916000,0.000000); 12.7629
(2.000000,0.920000,0.000000); 12.7575
(2.000000,0.924000,0.000000); 12.7522
(2.000000,0.928000,0.000000); 12.7469
(2.000000,0.932000,0.000000); 12.7416
(2.000000,0.936000,0.000000); 12.7363
(2.000000,0.940000,0.000000); 12.731
(2.000000,0.944000,0.000000); 12.7256
(2.000000,0.948000,0.000000); 12.7203
(2.000000,0.952000,0.000000); 12.715
(2.000000,0.956000,0.000000); 12.7097
(2.000000,0.960000,0.000000); 12.7044
(2.000000,0.964000,0.000000); 12.6991
(2.000000,0.968000,0.000000); 12.6937
(2.000000,0.972000,0.000000); 12.6884
(2.000000,0.976000,0.000000); 12.6831
(2.000000,0.980000,0.000000); 12.6778
(2.000000,0.984000,0.000000); 12.6726
(2.000000,0.988000,0.000000); 12.6674
(2.000000,0.992000,0.000000); 12.6622
(2.000000,0.996000,0.000000); 12.657
(2.000000,1.000000,0.000000); 12.6518
(2.000000,1.004000,0.000000); 12.6466
(2.000000,1.008000,0.000000); 12.6414
(2.000000,1.012000,0.000000); 12.6362
(2.000000,1.016000,0.000000); 12.631
(2.000000,1.020000,0.000000); 12.6258
(2.000000,1.024000,0.000000); 12.6207
(2.000000,1.028000,0.000000); 12.6155
(2.000000,1.032000,0.000000); 12.6103
(2.000000,1.036000,0.000000); 12.6051
(2.000000,1.040000,0.000000); 12.5999
(2.000000,1.044000,0.000000); 12.5947
(2.000000,1.048000,0.000000); 12.5895
(2.000000,1.052000,0.000000); 12.5843
(2.000000,1.056000,0.000000); 12.5791
(2.000000,1.060000,0.000000); 12.5739
(2.000000,1.064000,0.000000); 12.5687
(2.000000,1.068000,0.000000); 12.5636
(2.000000,1.072000,0.000000); 12.5584
(2.000000,1.076000,0.000000); 12.5532
(2.000000,1.080000,0.000000); 12.548
(2.000000,1.084000,0.000000); 12.5428
(2.000000,1.088000,0.000000); 12.5375
(2.000000,1.092000,0.000000); 12.5323
(2.000000,1.096000,0.000000); 12.5271
(2.000000,1.100000,0.000000); 12.5219
(2.000000,1.104000,0.000000); 12.5167
(2.000000,1.108000,0.000000); 12.5114
(2.000000,1.112000,0.000000); 12.5062
(2.000000,1.116000,0.000000); 12.501
(2.000000,1.120000,0.000000); 12.4959
(2.000000,1.124000,0.000000); 12.4908
(2.000000,1.128000,0.000000); 12.4857
(2.000000,1.132000,0.000000); 12.4806
(2.000000,1.136000,0.000000); 12.4754
(2.000000,1.140000,0.000000); 12.4703
(2.000000,1.144000,0.000000); 12.4652
(2.000000,1.148000,0.000000); 12.4601
(2.000000,1.152000,0.000000); 12.455
(2.000000,1.156000,0.000000); 12.4498
(2.000000,1.160000,0.000000); 12.4447
(2.000000,1.164000,0.000000); 12.4396
(2.000000,1.168000,0.000000); 12.4344
(2.000000,1.172000,0.000000); 12.4293
(2.000000,1.176000,0.000000); 12.4242
(2.000000,1.180000,0.000000); 12.4191
(2.000000,1.184000,0.000000); 12.4139
(2.000000,1.188000,0.000000); 12.4088
(2.000000,1.192000,0.000000); 12.4037
(2.000000,1.196000,0.000000); 12.3985
(2.000000,1.200000,0.000000); 12.3934
(2.000000,1.204000,0.000000); 12.3883
(2.000000,1.208000,0.000000); 12.3832
(2.000000,1.212000,0.000000); 12.378
(2.000000,1.216000,0.000000); 12.3729
(2.000000,1.220000,0.000000); 12.3678
(2.000000,1.224000,0.000000); 12.3626
(2.000000,1.228000,0.000000); 12.3575
(2.000000,1.232000,0.000000); 12.3524
(2.000000,1.236000,0.000000); 12.3473
(2.000000,1.240000,0.000000); 12.3421
(2.000000,1.244000,0.000000); 12.337
(2.000000,1.248000,0.000000); 12.3319
(2.000000,1.252000,0.000000); 12.3268
(2.000000,1.256000,0.000000); 12.3218
(2.000000,1.260000,0.000000); 12.3167
(2.000000,1.264000,0.000000); 12.3117
(2.000000,1.268000,0.000000); 12.3066
(2.000000,1.272000,0.000000); 12.3015
(2.000000,1.276000,0.000000); 12.2965
(2.000000,1.280000,0.000000); 12.2914
(2.000000,1.284000,0.000000); 12.2864
(2.000000,1.288000,0.000000); 12.2813
(2.000000,1.292000,0.000000); 12.2763
(2.000000,1.296000,0.000000); 12.2712
(2.000000,1.300000,0.000000); 12.2662
(2.000000,1.304000,0.000000); 12.2611
(2.000000,1.308000,0.000000); 12.2561
(2.000000,1.312000,0.000000); 12.251
(2.000000,1.316000,0.000000); 12.2459
(2.000000,1.320000,0.000000); 12.2409
(2.000000,1.324000,0.000000); 12.2358
(2.000000,1.328000,0.000000); 12.2308
(2.000000,1.332000,0.000000); 12.2257
(2.000000,1.336000,0.000000); 12.2207
(2.000000,1.340000,0.000000); 12.2156
(2.000000,1.344000,0.000000); 12.2105
(2.000000,1.348000,0.000000); 12.2055
(2.000000,1.352000,0.000000); 12.2004
(2.000000,1.356000,0.000000); 12.1953
(2.000000,1.360000,0.000000); 12.1903
(2.000000,1.364000,0.000000); 12.1852
(2.000000,1.368000,0.000000); 12.1801
(2.000000,1.372000,0.000000); 12.175
(2.000000,1.376000,0.000000); 12.17
(2.000000,1.380000,0.000000); 12.1649
(2.000000,1.384000,0.000000); 12.1599
(2.000000,1.388000,0.000000); 12.1549
(2.000000,1.392000,0.000000); 12.1498
(2.000000,1.396000,0.000000); 12.1448
(2.000000,1.400000,0.000000); 12.1398
(2.000000,1.404000,0.000000); 12.1347
(2.000000,1.408000,0.000000); 12.1297
(2.000000,1.412000,0.000000); 12.1247
(2.000000,1.416000,0.000000); 12.1196
(2.000000,1.420000,0.000000); 12.1146
(2.000000,1.424000,0.000000); 12.1096
(2.000000,1.428000,0.000000); 12.1045
(2.000000,1.432000,0.000000); 12.0995
(2.000000,1.436000,0.000000); 12.0945
(2.000000,1.440000,0.000000); 12.0894
(2.000000,1.444000,0.000000); 12.0844
(2.000000,1.448000,0.000000); 12.0794
(2.000000,1.452000,0.000000); 12.0744
(2.000000,1.456000,0.000000); 12.0694
(2.000000,1.460000,0.000000); 12.0644
(2.000000,1.464000,0.000000); 12.0594
(2.000000,1.468000,0.000000); 12.0544
(2.000000,1.472000,0.000000); 12.0494
(2.000000,1.476000,0.000000); 12.0444
(2.000000,1.480000,0.000000); 12.0394
(2.000000,1.484000,0.000000); 12.0344
(2.000000,1.488000,0.000000); 12.0294
(2.000000,1.492000,0.000000); 12.0244
(2.000000,1.496000,0.000000); 12.0194
(2.000000,1.500000,0.000000); 12.0144
(2.000000,1.504000,0.000000); 12.0094
(2.000000,1.508000,0.000000); 12.0044
(2.000000,1.512000,0.000000); 11.9994
(2.000000,1.516000,0.000000); 11.9944
(2.000000,1.520000,0.000000); 11.9894
(2.000000,1.524000,0.000000); 11.9844
(2.000000,1.528000,0.000000); 11.9794
(2.000000,1.532000,0.000000); 11.9744
(2.000000,1.536000,0.000000); 11.9694
(2.000000,1.540000,0.000000); 11.9644
(2.000000,1.544000,0.000000); 11.9595
(2.000000,1.548000,0.000000); 11.9545
(2.000000,1.552000,0.000000); 11.9495
(2.000000,1.556000,0.000000); 11.9445
(2.000000,1.560000,0.000000); 11.9395
(2.000000,1.564000,0.000000); 11.9345
(2.000000,1.568000,0.000000); 11.9295
(2.000000,1.572000,0.000000); 11.9245
(2.000000,1.576000,0.000000); 11.9195
(2.000000,1.580000,0.000000); 11.9145
(2.000000,1.584000,0.000000); 11.9095
(2.000000,1.588000,0.000000); 11.9046
(2.000000,1.592000,0.000000); 11.8996
(2.000000,1.596000,0.000000); 11.8946
(2.000000,1.600000,0.000000); 11.8897
(2.000000,1.604000,0.000000); 11.8847
(2.000000,1.608000,0.000000); 11.8797
(2.000000,1.612000,0.000000); 11.8748
(2.000000,1.616000,0.000000); 11.8698
(2.000000,1.620000,0.000000); 11.8648
(2.000000,1.624000,0.000000); 11.8599
(2.000000,1.628000,0.000000); 11.8549
(2.000000,1.632000,0.000000); 11.8499
(2.000000,1.636000,0.000000); 11.845
(2.000000,1.640000,0.000000); 11.84
(2.000000,1.644000,0.000000); 11.8351
(2.000000,1.648000,0.000000); 11.8301
(2.000000,1.652000,0.000000); 11.8251
(2.000000,1.656000,0.000000); 11.8202
(2.000000,1.660000,0.000000); 11.8152
(2.000000,1.664000,0.000000); 11.8102
(2.000000,1.668000,0.000000); 11.8053
(2.000000,1.672000,0.000000); 11.8003
(2.000000,1.676000,0.000000); 11.7954
(2.000000,1.680000,0.000000); 11.7904
(2.000000,1.684000,0.000000); 11.7855
(2.000000,1.688000,0.000000); 11.7805
(2.000000,1.692000,0.000000); 11.7755
(2.000000,1.696000,0.000000); 11.7706
(2.000000,1.700000,0.000000); 11.7656
(2.000000,1.704000,0.000000); 11.7607
(2.000000,1.708000,0.000000); 11.7557
(2.000000,1.712000,0.000000); 11.7508
(2.000000,1.716000,0.000000); 11.7458
(2.000000,1.720000,0.000000); 11.7409
(2.000000,1.724000,0.000000); 11.7359
(2.000000,1.728000,0.000000); 11.731
(2.000000,1.732000,0.000000); 11.726
(2.000000,1.736000,0.000000); 11.7211
(2.000000,1.740000,0.000000); 11.7161
(2.000000,1.744000,0.000000); 11.7112
(2.000000,1.748000,0.000000); 11.7062
(2.000000,1.752000,0.000000); 11.7013
(2.000000,1.756000,0.000000); 11.6964
(2.000000,1.760000,0.000000); 11.6914
(2.000000,1.764000,0.000000); 11.6865
(2.000000,1.768000,0.000000); 11.6815
(2.000000,1.772000,0.000000); 11.6766
(2.000000,1.776000,0.000000); 11.6717
(2.000000,1.780000,0.000000); 11.6667
(2.000000,1.784000,0.000000); 11.6618
(2.000000,1.788000,0.000000); 11.6568
(2.000000,1.792000,0.000000); 11.6519
(2.000000,1.796000,0.000000); 11.647
(2.000000,1.800000,0.000000); 11.642
(2.000000,1.804000,0.000000); 11.6371
(2.000000,1.808000,0.000000); 11.6322
(2.000000,1.812000,0.000000); 11.6272
(2.000000,1.816000,0.000000); 11.6223
(2.000000,1.820000,0.000000); 11.6174
(2.000000,1.824000,0.000000); 11.6124
(2.000000,1.828000,0.000000); 11.6075
(2.000000,1.832000,0.000000); 11.6026
(2.000000,1.836000,0.000000); 11.5977
(2.000000,1.840000,0.000000); 11.5927
(2.000000,1.844000,0.000000); 11.5878
(2.000000,1.848000,0.000000); 11.5829
(2.000000,1.852000,0.000000); 11.5779
(2.000000,1.856000,0.000000); 11.573
(2.000000,1.860000,0.000000); 11.5681
(2.000000,1.864000,0.000000); 11.5632
(2.000000,1.868000,0.000000); 11.5582
(2.000000,1.872000,0.000000); 11.5533
(2.000000,1.876000,0.000000); 11.5484
(2.000000,1.880000,0.000000); 11.5435
(2.000000,1.884000,0.000000); 11.5385
(2.000000,1.888000,0.000000); 11.5336
(2.000000,1.892000,0.000000); 11.5287
(2.000000,1.896000,0.000000); 11.5238
(2.000000,1.900000,0.000000); 11.5189
(2.000000,1.904000,0.000000); 11.5139
(2.000000,1.908000,0.000000); 11.509
(2.000000,1.912000,0.000000); 11.5041
(2.000000,1.916000,0.000000); 11.4992
(2.000000,1.920000,0.000000); 11.4943
(2.000000,1.924000,0.000000); 11.4894
(2.000000,1.928000,0.000000); 11.4844
(2.000000,1.932000,0.000000); 11.4795
(2.000000,1.936000,0.000000); 11.4746
(2.000000,1.940000,0.000000); 11.4697
(2.000000,1.944000,0.000000); 11.4648
(2.000000,1.948000,0.000000); 11.4599
(2.000000,1.952000,0.000000); 11.455
(2.000000,1.956000,0.000000); 11.4501
(2.000000,1.960000,0.000000); 11.4451
(2.000000,1.964000,0.000000); 11.4402
(2.000000,1.968000,0.000000); 11.4353
(2.000000,1.972000,0.000000); 11.4304
(2.000000,1.976000,0.000000); 11.4255
(2.000000,1.980000,0.000000); 11.4206
(2.000000,1.984000,0.000000); 11.4157
(2.000000,1.988000,0.000000); 11.4108
(2.000000,1.992000,0.000000); 11.4059
(2.000000,1.996000,0.000000); 11.401
(2.000000,2.000000,0.000000); 11.3961
(2.000000,2.004000,0.000000); 11.3912
(2.000000,2.008000,0.000000); 11.3863
(2.000000,2.012000,0.000000); 11.3813
(2.000000,2.016000,0.000000); 11.3764
(2.000000,2.020000,0.000000); 11.3715
(2.000000,2.024000,0.000000); 11.3666
(2.000000,2.028000,0.000000); 11.3617
(2.000000,2.032000,0.000000); 11.3568
(2.000000,2.036000,0.000000); 11.3519
(2.000000,2.040000,0.000000); 11.347
(2.000000,2.044000,0.000000); 11.3421
(2.000000,2.048000,0.000000); 11.3372
(2.000000,2.052000,0.000000); 11.3323
(2.000000,2.056000,0.000000); 11.3274
(2.000000,2.060000,0.000000); 11.3225
(2.000000,2.064000,0.000000); 11.3176
(2.000000,2.068000,0.000000); 11.3127
(2.000000,2.072000,0.000000); 11.3078
(2.000000,2.076000,0.000000); 11.3029
(2.000000,2.080000,0.000000); 11.298
(2.000000,2.084000,0.000000); 11.2931
(2.000000,2.088000,0.000000); 11.2882
(2.000000,2.092000,0.000000); 11.2833
(2.000000,2.096000,0.000000); 11.2784
(2.000000,2.100000,0.000000); 11.2735
(2.000000,2.104000,0.000000); 11.2686
(2.000000,2.108000,0.000000); 11.2637
(2.000000,2.112000,0.000000); 11.2588
(2.000000,2.116000,0.000000); 11.2539
(2.000000,2.120000,0.000000); 11.249
(2.000000,2.124000,0.000000); 11.2441
(2.000000,2.128000,0.000000); 11.2392
(2.000000,2.132000,0.000000); 11.2344
(2.000000,2.136000,0.000000); 11.2295
(2.000000,2.140000,0.000000); 11.2246
(2.000000,2.144000,0.000000); 11.2197
(2.000000,2.148000,0.000000); 11.2148
(2.000000,2.152000,0.000000); 11.2099
(2.000000,2.156000,0.000000); 11.205
(2.000000,2.160000,0.000000); 11.2001
(2.000000,2.164000,0.000000); 11.1952
(2.000000,2.168000,0.000000); 11.1903
(2.000000,2.172000,0.000000); 11.1855
(2.000000,2.176000,0.000000); 11.1806
(2.000000,2.180000,0.000000); 11.1757
(2.000000,2.184000,0.000000); 11.1708
(2.000000,2.188000,0.000000); 11.1659
(2.000000,2.192000,0.000000); 11.161
(2.000000,2.196000,0.000000); 11.1561
(2.000000,2.200000,0.000000); 11.1512
(2.000000,2.204000,0.000000); 11.1464
(2.000000,2.208000,0.000000); 11.1415
(2.000000,2.212000,0.000000); 11.1366
(2.000000,2.216000,0.000000); 11.1317
(2.000000,2.220000,0.000000); 11.1268
(2.000000,2.224000,0.000000); 11.1219
(2.000000,2.228000,0.000000); 11.1171
(2.000000,2.232000,0.000000); 11.1122
(2.000000,2.236000,0.000000); 11.1073
(2.000000,2.240000,0.000000); 11.1024
(2.000000,2.244000,0.000000); 11.0975
(2.000000,2.248000,0.000000); 11.0926
(2.000000,2.252000,0.000000); 11.0878
(2.000000,2.256000,0.000000); 11.0829
(2.000000,2.260000,0.000000); 11.078
(2.000000,2.264000,0.000000); 11.0731
(2.000000,2.268000,0.000000); 11.0682
(2.000000,2.272000,0.000000); 11.0634
(2.000000,2.276000,0.000000); 11.0585
(2.000000,2.280000,0.000000); 11.0536
(2.000000,2.284000,0.000000); 11.0487
(2.000000,2.288000,0.000000); 11.0438
(2.000000,2.292000,0.000000); 11.039
(2.000000,2.296000,0.000000); 11.0341
(2.000000,2.300000,0.000000); 11.0292
(2.000000,2.304000,0.000000); 11.0243
(2.000000,2.308000,0.000000); 11.0195
(2.000000,2.312000,0.000000); 11.0146
(2.000000,2.316000,0.000000); 11.0097
(2.000000,2.320000,0.000000); 11.0048
(2.000000,2.324000,0.000000); 10.9999
(2.000000,2.328000,0.000000); 10.9951
(2.000000,2.332000,0.000000); 10.9902
(2.000000,2.336000,0.000000); 10.9853
(2.000000,2.340000,0.000000); 10.9804
(2.000000,2.344000,0.000000); 10.9755
(2.000000,2.348000,0.000000); 10.9707
(2.000000,2.352000,0.000000); 10.9658
(2.000000,2.356000,0.000000); 10.9609
(2.000000,2.360000,0.000000); 10.956
(2.000000,2.364000,0.000000); 10.9512
(2.000000,2.368000,0.000000); 10.9463
(2.000000,2.372000,0.000000); 10.9414
(2.000000,2.376000,0.000000); 10.9366
(2.000000,2.380000,0.000000); 10.9317
(2.000000,2.384000,0.000000); 10.9268
(2.000000,2.388000,0.000000); 10.9219
(2.000000,2.392000,0.000000); 10.9171
(2.000000,2.396000,0.000000); 10.9122
(2.000000,2.400000,0.000000); 10.9073
(2.000000,2.404000,0.000000); 10.9025
(2.000000,2.408000,0.000000); 10.8976
(2.000000,2.412000,0.000000); 10.8927
(2.000000,2.416000,0.000000); 10.8878
(2.000000,2.420000,0.000000); 10.883
(2.000000,2.424000,0.000000); 10.8781
(2.000000,2.428000,0.000000); 10.8732
(2.000000,2.432000,0.000000); 10.8684
(2.000000,2.436000,0.000000); 10.8635
(2.000000,2.440000,0.000000); 10.8586
(2.000000,2.444000,0.000000); 10.8537
(2.000000,2.448000,0.000000); 10.8489
(2.000000,2.452000,0.000000); 10.844
(2.000000,2.456000,0.000000); 10.8391
(2.000000,2.460000,0.000000); 10.8343
(2.000000,2.464000,0.000000); 10.8294
(2.000000,2.468000,0.000000); 10.8245
(2.000000,2.472000,0.000000); 10.8197
(2.000000,2.476000,0.000000); 10.8148
(2.000000,2.480000,0.000000); 10.81
(2.000000,2.484000,0.000000); 10.8051
(2.000000,2.488000,0.000000); 10.8002
(2.000000,2.492000,0.000000); 10.7954
(2.000000,2.496000,0.000000); 10.7905
(2.000000,2.500000,0.000000); 10.7856
(2.000000,2.504000,0.000000); 10.7808
(2.000000,2.508000,0.000000); 10.7759
(2.000000,2.512000,0.000000); 10.771
(2.000000,2.516000,0.000000); 10.7662
(2.000000,2.520000,0.000000); 10.7613
(2.000000,2.524000,0.000000); 10.7564
(2.000000,2.528000,0.000000); 10.7516
(2.000000,2.532000,0.000000); 10.7467
(2.000000,2.536000,0.000000); 10.7418
(2.000000,2.540000,0.000000); 10.737
(2.000000,2.544000,0.000000); 10.7321
(2.000000,2.548000,0.000000); 10.7273
(2.000000,2.552000,0.000000); 10.7224
(2.000000,2.556000,0.000000); 10.7175
(2.000000,2.560000,0.000000); 10.7127
(2.000000,2.564000,0.000000); 10.7078
(2.000000,2.568000,0.000000); 10.703
(2.000000,2.572000,0.000000); 10.6981
(2.000000,2.576000,0.000000); 10.6932
(2.000000,2.580000,0.000000); 10.6884
(2.000000,2.584000,0.000000); 10.6835
(2.000000,2.588000,0.000000); 10.6787
(2.000000,2.592000,0.000000); 10.6738
(2.000000,2.596000,0.000000); 10.6689
(2.000000,2.600000,0.000000); 10.6641
(2.000000,2.604000,0.000000); 10.6592
(2.000000,2.608000,0.000000); 10.6544
(2.000000,2.612000,0.000000); 10.6495
(2.000000,2.616000,0.000000); 10.6446
(2.000000,2.620000,0.000000); 10.6398
(2.000000,2.624000,0.000000); 10.6349
(2.000000,2.628000,0.000000); 10.6301
(2.000000,2.632000,0.000000); 10.6252
(2.000000,2.636000,0.000000); 10.6203
(2.000000,2.640000,0.000000); 10.6155
(2.000000,2.644000,0.000000); 10.6106
(2.000000,2.648000,0.000000); 10.6058
(2.000000,2.652000,0.000000); 10.6009
(2.000000,2.656000,0.000000); 10.5961
(2.000000,2.660000,0.000000); 10.5912
(2.000000,2.664000,0.000000); 10.5864
(2.000000,2.668000,0.000000); 10.5815
(2.000000,2.672000,0.000000); 10.5766
(2.000000,2.676000,0.000000); 10.5718
(2.000000,2.680000,0.000000); 10.5669
(2.000000,2.684000,0.000000); 10.5621
(2.000000,2.688000,0.000000); 10.5572
(2.000000,2.692000,0.000000); 10.5524
(2.000000,2.696000,0.000000); 10.5475
(2.000000,2.700000,0.000000); 10.5427
(2.000000,2.704000,0.000000); 10.5378
(2.000000,2.708000,0.000000); 10.5329
(2.000000,2.712000,0.000000); 10.5281
(2.000000,2.716000,0.000000); 10.5232
(2.000000,2.720000,0.000000); 10.5184
(2.000000,2.724000,0.000000); 10.5135
(2.000000,2.728000,0.000000); 10.5087
(2.000000,2.732000,0.000000); 10.5038
(2.000000,2.736000,0.000000); 10.499
(2.000000,2.740000,0.000000); 10.4941
(2.000000,2.744000,0.000000); 10.4892
(2.000000,2.748000,0.000000); 10.4844
(2.000000,2.752000,0.000000); 10.4795
(2.000000,2.756000,0.000000); 10.4747
(2.000000,2.760000,0.000000); 10.4698
(2.000000,2.764000,0.000000); 10.465
(2.000000,2.768000,0.000000); 10.4601
(2.000000,2.772000,0.000000); 10.4553
(2.000000,2.776000,0.000000); 10.4504
(2.000000,2.780000,0.000000); 10.4456
(2.000000,2.784000,0.000000); 10.4407
(2.000000,2.788000,0.000000); 10.4359
(2.000000,2.792000,0.000000); 10.431
(2.000000,2.796000,0.000000); 10.4262
(2.000000,2.800000,0.000000); 10.4213
(2.000000,2.804000,0.000000); 10.4165
(2.000000,2.808000,0.000000); 10.4116
(2.000000,2.812000,0.000000); 10.4068
(2.000000,2.816000,0.000000); 10.4019
(2.000000,2.820000,0.000000); 10.3971
(2.000000,2.824000,0.000000); 10.3922
(2.000000,2.828000,0.000000); 10.3874
(2.000000,2.832000,0.000000); 10.3825
(2.000000,2.836000,0.000000); 10.3777
(2.000000,2.840000,0.000000); 10.3728
(2.000000,2.844000,0.000000); 10.368
(2.000000,2.848000,0.000000); 10.3631
(2.000000,2.852000,0.000000); 10.3583
(2.000000,2.856000,0.000000); 10.3534
(2.000000,2.860000,0.000000); 10.3486
(2.000000,2.864000,0.000000); 10.3438
(2.000000,2.868000,0.000000); 10.3389
(2.000000,2.872000,0.000000); 10.3341
(2.000000,2.876000,0.000000); 10.3292
(2.000000,2.880000,0.000000); 10.3244
(2.000000,2.884000,0.000000); 10.3195
(2.000000,2.888000,0.000000); 10.3147
(2.000000,2.892000,0.000000); 10.3098
(2.000000,2.896000,0.000000); 10.305
(2.000000,2.900000,0.000000); 10.3001
(2.000000,2.904000,0.000000); 10.2953
(2.000000,2.908000,0.000000); 10.2904
(2.000000,2.912000,0.000000); 10.2856
(2.000000,2.916000,0.000000); 10.2807
(2.000000,2.920000,0.000000); 10.2759
(2.000000,2.924000,0.000000); 10.2711
(2.000000,2.928000,0.000000); 10.2662
(2.000000,2.932000,0.000000); 10.2614
(2.000000,2.936000,0.000000); 10.2565
(2.000000,2.940000,0.000000); 10.2517
(2.000000,2.944000,0.000000); 10.2468
(2.000000,2.948000,0.000000); 10.242
(2.000000,2.952000,0.000000); 10.2371
(2.000000,2.956000,0.000000); 10.2323
(2.000000,2.960000,0.000000); 10.2275
(2.000000,2.964000,0.000000); 10.2226
(2.000000,2.968000,0.000000); 10.2178
(2.000000,2.972000,0.000000); 10.2129
(2.000000,2.976000,0.000000); 10.2081
(2.000000,2.980000,0.000000); 10.2032
(2.000000,2.984000,0.000000); 10.1984
(2.000000,2.988000,0.000000); 10.1935
(2.000000,2.992000,0.000000); 10.1887
(2.000000,2.996000,0.000000); 10.1839
(2.000000,3.000000,0.000000); 10.179
(2.000000,3.004000,0.000000); 10.1742
(2.000000,3.008000,0.000000); 10.1693
(2.000000,3.012000,0.000000); 10.1645
(2.000000,3.016000,0.000000); 10.1596
(2.000000,3.020000,0.000000); 10.1548
(2.000000,3.024000,0.000000); 10.1499
(2.000000,3.028000,0.000000); 10.1451
(2.000000,3.032000,0.000000); 10.1403
(2.000000,3.036000,0.000000); 10.1354
(2.000000,3.040000,0.000000); 10.1306
(2.000000,3.044000,0.000000); 10.1258
(2.000000,3.048000,0.000000); 10.1209
(2.000000,3.052000,0.000000); 10.1161
(2.000000,3.056000,0.000000); 10.1112
(2.000000,3.060000,0.000000); 10.1064
(2.000000,3.064000,0.000000); 10.1016
(2.000000,3.068000,0.000000); 10.0967
(2.000000,3.072000,0.000000); 10.0919
(2.000000,3.076000,0.000000); 10.087
(2.000000,3.080000,0.000000); 10.0822
(2.000000,3.084000,0.000000); 10.0774
(2.000000,3.088000,0.000000); 10.0725
(2.000000,3.092000,0.000000); 10.0677
(2.000000,3.096000,0.000000); 10.0629
(2.000000,3.100000,0.000000); 10.058
(2.000000,3.104000,0.000000); 10.0532
(2.000000,3.108000,0.000000); 10.0483
(2.000000,3.112000,0.000000); 10.0435
(2.000000,3.116000,0.000000); 10.0387
(2.000000,3.120000,0.000000); 10.0338
(2.000000,3.124000,0.000000); 10.029
(2.000000,3.128000,0.000000); 10.0241
(2.000000,3.132000,0.000000); 10.0193
(2.000000,3.136000,0.000000); 10.0145
(2.000000,3.140000,0.000000); 10.0096
(2.000000,3.144000,0.000000); 10.0048
(2.000000,3.148000,0.000000); 9.99995
(2.000000,3.152000,0.000000); 9.99511
(2.000000,3.156000,0.000000); 9.99028
(2.000000,3.160000,0.000000); 9.98544
(2.000000,3.164000,0.000000); 9.98061
(2.000000,3.168000,0.000000); 9.97578
(2.000000,3.172000,0.000000); 9.97095
(2.000000,3.176000,0.000000); 9.96612
(2.000000,3.180000,0.000000); 9.96129
(2.000000,3.184000,0.000000); 9.95645
(2.000000,3.188000,0.000000); 9.95162
(2.000000,3.192000,0.000000); 9.94679
(2.000000,3.196000,0.000000); 9.94196
(2.000000,3.200000,0.000000); 9.93712
(2.000000,3.204000,0.000000); 9.93228
(2.000000,3.208000,0.000000); 9.92744
(2.000000,3.212000,0.000000); 9.9226
(2.000000,3.216000,0.000000); 9.91777
(2.000000,3.220000,0.000000); 9.91293
(2.000000,3.224000,0.000000); 9.90809
(2.000000,3.228000,0.000000); 9.90325
(2.000000,3.232000,0.000000); 9.89841
(2.000000,3.236000,0.000000); 9.89358
(2.000000,3.240000,0.000000); 9.88874
(2.000000,3.244000,0.000000); 9.8839
(2.000000,3.248000,0.000000); 9.87906
(2.000000,3.252000,0.000000); 9.87422
(2.000000,3.256000,0.000000); 9.86939
(2.000000,3.260000,0.000000); 9.86455
(2.000000,3.264000,0.000000); 9.85971
(2.000000,3.268000,0.000000); 9.85449
(2.000000,3.272000,0.000000); 9.84919
(2.000000,3.276000,0.000000); 9.84389
(2.000000,3.280000,0.000000); 9.8386
(2.000000,3.284000,0.000000); 9.8333
(2.000000,3.288000,0.000000); 9.828
(2.000000,3.292000,0.000000); 9.8227
(2.000000,3.296000,0.000000); 9.81741
(2.000000,3.300000,0.000000); 9.81211
(2.000000,3.304000,0.000000); 9.80681
(2.000000,3.308000,0.000000); 9.80151
(2.000000,3.312000,0.000000); 9.79622
(2.000000,3.316000,0.000000); 9.79093
(2.000000,3.320000,0.000000); 9.7857
(2.000000,3.324000,0.000000); 9.78046
(2.000000,3.328000,0.000000); 9.77522
(2.000000,3.332000,0.000000); 9.76999
(2.000000,3.336000,0.000000); 9.76475
(2.000000,3.340000,0.000000); 9.75952
(2.000000,3.344000,0.000000); 9.75428
(2.000000,3.348000,0.000000); 9.74904
(2.000000,3.352000,0.000000); 9.74381
(2.000000,3.356000,0.000000); 9.73857
(2.000000,3.360000,0.000000); 9.73334
(2.000000,3.364000,0.000000); 9.7281
(2.000000,3.368000,0.000000); 9.72286
(2.000000,3.372000,0.000000); 9.71763
(2.000000,3.376000,0.000000); 9.71239
(2.000000,3.380000,0.000000); 9.70716
(2.000000,3.384000,0.000000); 9.70155
(2.000000,3.388000,0.000000); 9.69373
(2.000000,3.392000,0.000000); 9.68591
(2.000000,3.396000,0.000000); 9.67808
(2.000000,3.400000,0.000000); 9.67026
(2.000000,3.404000,0.000000); 9.66243
(2.000000,3.408000,0.000000); 9.65461
(2.000000,3.412000,0.000000); 9.64678
(2.000000,3.416000,0.000000); 9.63896
(2.000000,3.420000,0.000000); 9.63114
(2.000000,3.424000,0.000000); 9.62331
(2.000000,3.428000,0.000000); 9.61549
(2.000000,3.432000,0.000000); 9.60766
(2.000000,3.436000,0.000000); 9.59984
(2.000000,3.440000,0.000000); 9.59202
(2.000000,3.444000,0.000000); 9.58419
(2.000000,3.448000,0.000000); 9.57637
(2.000000,3.452000,0.000000); 9.56854
(2.000000,3.456000,0.000000); 9.56072
(2.000000,3.460000,0.000000); 9.5529
(2.000000,3.464000,0.000000); 9.54507
(2.000000,3.468000,0.000000); 9.53725
(2.000000,3.472000,0.000000); 9.52942
(2.000000,3.476000,0.000000); 9.5216
(2.000000,3.480000,0.000000); 9.51362
(2.000000,3.484000,0.000000); 9.50546
(2.000000,3.488000,0.000000); 9.4973
(2.000000,3.492000,0.000000); 9.48914
(2.000000,3.496000,0.000000); 9.48098
(2.000000,3.500000,0.000000); 9.47282
(2.000000,3.504000,0.000000); 9.46167
(2.000000,3.508000,0.000000); 9.44684
(2.000000,3.512000,0.000000); 9.43202
(2.000000,3.516000,0.000000); 9.41719
(2.000000,3.520000,0.000000); 9.40228
(2.000000,3.524000,0.000000); 9.38678
(2.000000,3.528000,0.000000); 9.37128
(2.000000,3.532000,0.000000); 9.35578
(2.000000,3.536000,0.000000); 9.34028
(2.000000,3.540000,0.000000); 9.32477
(2.000000,3.544000,0.000000); 9.30927
(2.000000,3.548000,0.000000); 9.29377
(2.000000,3.552000,0.000000); 9.27827
(2.000000,3.556000,0.000000); 9.26277
(2.000000,3.560000,0.000000); 9.24727
(2.000000,3.564000,0.000000); 9.23177
(2.000000,3.568000,0.000000); 9.21627
(2.000000,3.572000,0.000000); 9.20076
(2.000000,3.576000,0.000000); 9.18526
(2.000000,3.580000,0.000000); 9.16976
(2.000000,3.584000,0.000000); 9.15426
(2.000000,3.588000,0.000000); 9.13876
(2.000000,3.592000,0.000000); 9.12326
(2.000000,3.596000,0.000000); 9.10776
(2.000000,3.600000,0.000000); 9.09225
(2.000000,3.604000,0.000000); 9.07675
(2.000000,3.608000,0.000000); 9.06125
(2.000000,3.612000,0.000000); 9.04575
(2.000000,3.616000,0.000000); 9.03025
(2.000000,3.620000,0.000000); 9.01475
(2.000000,3.624000,0.000000); 9.01424
(2.000000,3.628000,0.000000); 9.01861
(2.000000,3.632000,0.000000); 9.02299
(2.000000,3.636000,0.000000); 9.02736
(2.000000,3.640000,0.000000); 9.03174
(2.000000,3.644000,0.000000); 9.03611
(2.000000,3.648000,0.000000); 9.04048
(2.000000,3.652000,0.000000); 9.04486
(2.000000,3.656000,0.000000); 9.04923
(2.000000,3.660000,0.000000); 9.0536
(2.000000,3.664000,0.000000); 9.05798
(2.000000,3.668000,0.000000); 9.06235
(2.000000,3.672000,0.000000); 9.06672
(2.000000,3.676000,0.000000); 9.0711
(2.000000,3.680000,0.000000); 9.07547
(2.000000,3.684000,0.000000); 9.07984
(2.000000,3.688000,0.000000); 9.08422
(2.000000,3.692000,0.000000); 9.08859
(2.000000,3.696000,0.000000); 9.09297
(2.000000,3.700000,0.000000); 9.09751
(2.000000,3.704000,0.000000); 9.10206
(2.000000,3.708000,0.000000); 9.10662
(2.000000,3.712000,0.000000); 9.11118
(2.000000,3.716000,0.000000); 9.11525
(2.000000,3.720000,0.000000); 9.11247
(2.000000,3.724000,0.000000); 9.10968
(2.000000,3.728000,0.000000); 9.1069
(2.000000,3.732000,0.000000); 9.10411
(2.000000,3.736000,0.000000); 9.10132
(2.000000,3.740000,0.000000); 9.09854
(2.000000,3.744000,0.000000); 9.09575
(2.000000,3.748000,0.000000); 9.09297
(2.000000,3.752000,0.000000); 9.09027
(2.000000,3.756000,0.000000); 9.08756
(2.000000,3.760000,0.000000); 9.08486
(2.000000,3.764000,0.000000); 9.08216
(2.000000,3.768000,0.000000); 9.07946
(2.000000,3.772000,0.000000); 9.07675
(2.000000,3.776000,0.000000); 9.07405
(2.000000,3.780000,0.000000); 9.07135
(2.000000,3.784000,0.000000); 9.06864
(2.000000,3.788000,0.000000); 9.06594
(2.000000,3.792000,0.000000); 9.06324
(2.000000,3.796000,0.000000); 9.06054
(2.000000,3.800000,0.000000); 9.05783
(2.000000,3.804000,0.000000); 9.05513
(2.000000,3.808000,0.000000); 9.05243
(2.000000,3.812000,0.000000); 9.05018
(2.000000,3.816000,0.000000); 9.04869
(2.000000,3.820000,0.000000); 9.04719
(2.000000,3.824000,0.000000); 9.0457
(2.000000,3.828000,0.000000); 9.0442
(2.000000,3.832000,0.000000); 9.04271
(2.000000,3.836000,0.000000); 9.04121
(2.000000,3.840000,0.000000); 9.03972
(2.000000,3.844000,0.000000); 9.03823
(2.000000,3.848000,0.000000); 9.03673
(2.000000,3.852000,0.000000); 9.03522
(2.000000,3.856000,0.000000); 9.03371
(2.000000,3.860000,0.000000); 9.03219
(2.000000,3.864000,0.000000); 9.03068
(2.000000,3.868000,0.000000); 9.02917
(2.000000,3.872000,0.000000); 9.02765
(2.000000,3.876000,0.000000); 9.02614
(2.000000,3.880000,0.000000); 9.02463
(2.000000,3.884000,0.000000); 9.02311
(2.000000,3.888000,0.000000); 9.0216
(2.000000,3.892000,0.000000); 9.02009
(2.000000,3.896000,0.000000); 9.01857
(2.000000,3.900000,0.000000); 9.01706
(2.000000,3.904000,0.000000); 9.01554
(2.000000,3.908000,0.000000); 9.01298
(2.000000,3.912000,0.000000); 9.00993
(2.000000,3.916000,0.000000); 9.00689
(2.000000,3.920000,0.000000); 9.00384
(2.000000,3.924000,0.000000); 9.0008
(2.000000,3.928000,0.000000); 8.99775
(2.000000,3.932000,0.000000); 8.99471
(2.000000,3.936000,0.000000); 8.99166
(2.000000,3.940000,0.000000); 8.98862
(2.000000,3.944000,0.000000); 8.98557
(2.000000,3.948000,0.000000); 8.98252
(2.000000,3.952000,0.000000); 8.97948
(2.000000,3.956000,0.000000); 8.97643
(2.000000,3.960000,0.000000); 8.97339
(2.000000,3.964000,0.000000); 8.97034
(2.000000,3.968000,0.000000); 8.9673
(2.000000,3.972000,0.000000); 8.96425
(2.000000,3.976000,0.000000); 8.96121
(2.000000,3.980000,0.000000); 8.95816
(2.000000,3.984000,0.000000); 8.95512
(2.000000,3.988000,0.000000); 8.95207
(2.000000,3.992000,0.000000); 8.94903
(2.000000,3.996000,0.000000); 8.94598
(2.000000,4.000000,0.000000); 8.94294
--
