LOGFILE

(2.000000,0.000000,0.000000); 13.4829
(2.000000,0.004000,0.000000); 13.4789
(2.000000,0.008000,0.000000); 13.4749
(2.000000,0.012000,0.000000); 13.4709
(2.000000,0.016000,0.000000); 13.4669
(2.000000,0.020000,0.000000); 13.4629
(2.000000,0.024000,0.000000); 13.4589
(2.000000,0.028000,0.000000); 13.4548
(2.000000,0.032000,0.000000); 13.4508
(2.000000,0.036000,0.000000); 13.4468
(2.000000,0.040000,0.000000); 13.4428
(2.000000,0.044000,0.000000); 13.4388
(2.000000,0.048000,0.000000); 13.4348
(2.000000,0.052000,0.000000); 13.4308
(2.000000,0.056000,0.000000); 13.4268
(2.000000,0.060000,0.000000); 13.4228
(2.000000,0.064000,0.000000); 13.4188
(2.000000,0.068000,0.000000); 13.4147
(2.000000,0.072000,0.000000); 13.4107
(2.000000,0.076000,0.000000); 13.4067
(2.000000,0.080000,0.000000); 13.4027
(2.000000,0.084000,0.000000); 13.3987
(2.000000,0.088000,0.000000); 13.3947
(2.000000,0.092000,0.000000); 13.3907
(2.000000,0.096000,0.000000); 13.3867
(2.000000,0.100000,0.000000); 13.3827
(2.000000,0.104000,0.000000); 13.3787
(2.000000,0.108000,0.000000); 13.3746
(2.000000,0.112000,0.000000); 13.3706
(2.000000,0.116000,0.000000); 13.3666
(2.000000,0.120000,0.000000); 13.3626
(2.000000,0.124000,0.000000); 13.3586
(2.000000,0.128000,0.000000); 13.3546
(2.000000,0.132000,0.000000); 13.3506
(2.000000,0.136000,0.000000); 13.3466
(2.000000,0.140000,0.000000); 13.3426
(2.000000,0.144000,0.000000); 13.3386
(2.000000,0.148000,0.000000); 13.3345
(2.000000,0.152000,0.000000); 13.3305
(2.000000,0.156000,0.000000); 13.3265
(2.000000,0.160000,0.000000); 13.3225
(2.000000,0.164000,0.000000); 13.3185
(2.000000,0.168000,0.000000); 13.3145
(2.000000,0.172000,0.000000); 13.3105
(2.000000,0.176000,0.000000); 13.3065
(2.000000,0.180000,0.000000); 13.3025
(2.000000,0.184000,0.000000); 13.2985
(2.000000,0.188000,0.000000); 13.2944
(2.000000,0.192000,0.000000); 13.2904
(2.000000,0.196000,0.000000); 13.2864
(2.000000,0.200000,0.000000); 13.2824
(2.000000,0.204000,0.000000); 13.2784
(2.000000,0.208000,0.000000); 13.2744
(2.000000,0.212000,0.000000); 13.2704
(2.000000,0.216000,0.000000); 13.2664
(2.000000,0.220000,0.000000); 13.2624
(2.000000,0.224000,0.000000); 13.2584
(2.000000,0.228000,0.000000); 13.2543
(2.000000,0.232000,0.000000); 13.2503
(2.000000,0.236000,0.000000); 13.2463
(2.000000,0.240000,0.000000); 13.2423
(2.000000,0.244000,0.000000); 13.2383
(2.000000,0.248000,0.000000); 13.2343
(2.000000,0.252000,0.000000); 13.2303
(2.000000,0.256000,0.000000); 13.2263
(2.000000,0.260000,0.000000); 13.2223
(2.000000,0.264000,0.000000); 13.2183
(2.000000,0.268000,0.000000); 13.2142
(2.000000,0.272000,0.000000); 13.2102
(2.000000,0.276000,0.000000); 13.2062
(2.000000,0.280000,0.000000); 13.2022
(2.000000,0.284000,0.000000); 13.1982
(2.000000,0.288000,0.000000); 13.1942
(2.000000,0.292000,0.000000); 13.1902
(2.000000,0.296000,0.000000); 13.1862
(2.000000,0.300000,0.000000); 13.1822
(2.000000,0.304000,0.000000); 13.1782
(2.000000,0.308000,0.000000); 13.1741
(2.000000,0.312000,0.000000); 13.1701
(2.000000,0.316000,0.000000); 13.1661
(2.000000,0.320000,0.000000); 13.1621
(2.000000,0.324000,0.000000); 13.1581
(2.000000,0.328000,0.000000); 13.1541
(2.000000,0.332000,0.000000); 13.1501
(2.000000,0.336000,0.000000); 13.1461
(2.000000,0.340000,0.000000); 13.1421
(2.000000,0.344000,0.000000); 13.1381
(2.000000,0.348000,0.000000); 13.134
(2.000000,0.352000,0.000000); 13.13
(2.000000,0.356000,0.000000); 13.126
(2.000000,0.360000,0.000000); 13.122
(2.000000,0.364000,0.000000); 13.118
(2.000000,0.368000,0.000000); 13.114
(2.000000,0.372000,0.000000); 13.11
(2.000000,0.376000,0.000000); 13.106
(2.000000,0.380000,0.000000); 13.102
(2.000000,0.384000,0.000000); 13.098
(2.000000,0.388000,0.000000); 13.0939
(2.000000,0.392000,0.000000); 13.0899
(2.000000,0.396000,0.000000); 13.0859
(2.000000,0.400000,0.000000); 13.0819
(2.000000,0.404000,0.000000); 13.0779
(2.000000,0.408000,0.000000); 13.0739
(2.000000,0.412000,0.000000); 13.0699
(2.000000,0.416000,0.000000); 13.0659
(2.000000,0.420000,0.000000); 13.0619
(2.000000,0.424000,0.000000); 13.0579
(2.000000,0.428000,0.000000); 13.0538
(2.000000,0.432000,0.000000); 13.0498
(2.000000,0.436000,0.000000); 13.0458
(2.000000,0.440000,0.000000); 13.0418
(2.000000,0.444000,0.000000); 13.0378
(2.000000,0.448000,0.000000); 13.0338
(2.000000,0.452000,0.000000); 13.0298
(2.000000,0.456000,0.000000); 13.0258
(2.000000,0.460000,0.000000); 13.0218
(2.000000,0.464000,0.000000); 13.0178
(2.000000,0.468000,0.000000); 13.0137
(2.000000,0.472000,0.000000); 13.0097
(2.000000,0.476000,0.000000); 13.0057
(2.000000,0.480000,0.000000); 13.0017
(2.000000,0.484000,0.000000); 12.9977
(2.000000,0.488000,0.000000); 12.9937
(2.000000,0.492000,0.000000); 12.9897
(2.000000,0.496000,0.000000); 12.9857
(2.000000,0.500000,0.000000); 12.9817
(2.000000,0.504000,0.000000); 12.9777
(2.000000,0.508000,0.000000); 12.9736
(2.000000,0.512000,0.000000); 12.9696
(2.000000,0.516000,0.000000); 12.9656
(2.000000,0.520000,0.000000); 12.9616
(2.000000,0.524000,0.000000); 12.9576
(2.000000,0.528000,0.000000); 12.9536
(2.000000,0.532000,0.000000); 12.9496
(2.000000,0.536000,0.000000); 12.9456
(2.000000,0.540000,0.000000); 12.9416
(2.000000,0.544000,0.000000); 12.9376
(2.000000,0.548000,0.000000); 12.9335
(2.000000,0.552000,0.000000); 12.9295
(2.000000,0.556000,0.000000); 12.9255
(2.000000,0.560000,0.000000); 12.9215
(2.000000,0.564000,0.000000); 12.9175
(2.000000,0.568000,0.000000); 12.9135
(2.000000,0.572000,0.000000); 12.9095
(2.000000,0.576000,0.000000); 12.9055
(2.000000,0.580000,0.000000); 12.9015
(2.000000,0.584000,0.000000); 12.8975
(2.000000,0.588000,0.000000); 12.8934
(2.000000,0.592000,0.000000); 12.8894
(2.000000,0.596000,0.000000); 12.8854
(2.000000,0.600000,0.000000); 12.8814
(2.000000,0.604000,0.000000); 12.8774
(2.000000,0.608000,0.000000); 12.8734
(2.000000,0.612000,0.000000); 12.8694
(2.000000,0.616000,0.000000); 12.8654
(2.000000,0.620000,0.000000); 12.8614
(2.000000,0.624000,0.000000); 12.8574
(2.000000,0.628000,0.000000); 12.8533
(2.000000,0.632000,0.000000); 12.8493
(2.000000,0.636000,0.000000); 12.8453
(2.000000,0.640000,0.000000); 12.8413
(2.000000,0.644000,0.000000); 12.8373
(2.000000,0.648000,0.000000); 12.8333
(2.000000,0.652000,0.000000); 12.8293
(2.000000,0.656000,0.000000); 12.8253
(2.000000,0.660000,0.000000); 12.8213
(2.000000,0.664000,0.000000); 12.8173
(2.000000,0.668000,0.000000); 12.8132
(2.000000,0.672000,0.000000); 12.8092
(2.000000,0.676000,0.000000); 12.8052
(2.000000,0.680000,0.000000); 12.8012
(2.000000,0.684000,0.000000); 12.7972
(2.000000,0.688000,0.000000); 12.7932
(2.000000,0.692000,0.000000); 12.7892
(2.000000,0.696000,0.000000); 12.7852
(2.000000,0.700000,0.000000); 12.7812
(2.000000,0.704000,0.000000); 12.7772
(2.000000,0.708000,0.000000); 12.7731
(2.000000,0.712000,0.000000); 12.7691
(2.000000,0.716000,0.000000); 12.7651
(2.000000,0.720000,0.000000); 12.7611
(2.000000,0.724000,0.000000); 12.7571
(2.000000,0.728000,0.000000); 12.7531
(2.000000,0.732000,0.000000); 12.7491
(2.000000,0.736000,0.000000); 12.7451
(2.000000,0.740000,0.000000); 12.7411
(2.000000,0.744000,0.000000); 12.7371
(2.000000,0.748000,0.000000); 12.733
(2.000000,0.752000,0.000000); 12.729
(2.000000,0.756000,0.000000); 12.725
(2.000000,0.760000,0.000000); 12.721
(2.000000,0.764000,0.000000); 12.717
(2.000000,0.768000,0.000000); 12.713
(2.000000,0.772000,0.000000); 12.709
(2.000000,0.776000,0.000000); 12.705
(2.000000,0.780000,0.000000); 12.701
(2.000000,0.784000,0.000000); 12.697
(2.000000,0.788000,0.000000); 12.6929
(2.000000,0.792000,0.000000); 12.6889
(2.000000,0.796000,0.000000); 12.6849
(2.000000,0.800000,0.000000); 12.6809
(2.000000,0.804000,0.000000); 12.6769
(2.000000,0.808000,0.000000); 12.6729
(2.000000,0.812000,0.000000); 12.6689
(2.000000,0.816000,0.000000); 12.6649
(2.000000,0.820000,0.000000); 12.6609
(2.000000,0.824000,0.000000); 12.6569
(2.000000,0.828000,0.000000); 12.6528
(2.000000,0.832000,0.000000); 12.6488
(2.000000,0.836000,0.000000); 12.6448
(2.000000,0.840000,0.000000); 12.6408
(2.000000,0.844000,0.000000); 12.6368
(2.000000,0.848000,0.000000); 12.6328
(2.000000,0.852000,0.000000); 12.6288
(2.000000,0.856000,0.000000); 12.6248
(2.000000,0.860000,0.000000); 12.6208
(2.000000,0.864000,0.000000); 12.6168
(2.000000,0.868000,0.000000); 12.6127
(2.000000,0.872000,0.000000); 12.6087
(2.000000,0.876000,0.000000); 12.6047
(2.000000,0.880000,0.000000); 12.6007
(2.000000,0.884000,0.000000); 12.5967
(2.000000,0.888000,0.000000); 12.5927
(2.000000,0.892000,0.000000); 12.5887
(2.000000,0.896000,0.000000); 12.5847
(2.000000,0.900000,0.000000); 12.5807
(2.000000,0.904000,0.000000); 12.5767
(2.000000,0.908000,0.000000); 12.5726
(2.000000,0.912000,0.000000); 12.5686
(2.000000,0.916000,0.000000); 12.5646
(2.000000,0.920000,0.000000); 12.5606
(2.000000,0.924000,0.000000); 12.5566
(2.000000,0.928000,0.000000); 12.5526
(2.000000,0.932000,0.000000); 12.5486
(2.000000,0.936000,0.000000); 12.5446
(2.000000,0.940000,0.000000); 12.5406
(2.000000,0.944000,0.000000); 12.5366
(2.000000,0.948000,0.000000); 12.5325
(2.000000,0.952000,0.000000); 12.5285
(2.000000,0.956000,0.000000); 12.5245
(2.000000,0.960000,0.000000); 12.5205
(2.000000,0.964000,0.000000); 12.5165
(2.000000,0.968000,0.000000); 12.5125
(2.000000,0.972000,0.000000); 12.5085
(2.000000,0.976000,0.000000); 12.5045
(2.000000,0.980000,0.000000); 12.5005
(2.000000,0.984000,0.000000); 12.4965
(2.000000,0.988000,0.000000); 12.4924
(2.000000,0.992000,0.000000); 12.4884
(2.000000,0.996000,0.000000); 12.4844
(2.000000,1.000000,0.000000); 12.4804
(2.000000,1.004000,0.000000); 12.4764
(2.000000,1.008000,0.000000); 12.4724
(2.000000,1.012000,0.000000); 12.4684
(2.000000,1.016000,0.000000); 12.4644
(2.000000,1.020000,0.000000); 12.4604
(2.000000,1.024000,0.000000); 12.4564
(2.000000,1.028000,0.000000); 12.4523
(2.000000,1.032000,0.000000); 12.4483
(2.000000,1.036000,0.000000); 12.4443
(2.000000,1.040000,0.000000); 12.4403
(2.000000,1.044000,0.000000); 12.4363
(2.000000,1.048000,0.000000); 12.4323
(2.000000,1.052000,0.000000); 12.4283
(2.000000,1.056000,0.000000); 12.4243
(2.000000,1.060000,0.000000); 12.4203
(2.000000,1.064000,0.000000); 12.4163
(2.000000,1.068000,0.000000); 12.4122
(2.000000,1.072000,0.000000); 12.4082
(2.000000,1.076000,0.000000); 12.4042
(2.000000,1.080000,0.000000); 12.4002
(2.000000,1.084000,0.000000); 12.3962
(2.000000,1.088000,0.000000); 12.3922
(2.000000,1.092000,0.000000); 12.3882
(2.000000,1.096000,0.000000); 12.3842
(2.000000,1.100000,0.000000); 12.3802
(2.000000,1.104000,0.000000); 12.3762
(2.000000,1.108000,0.000000); 12.3721
(2.000000,1.112000,0.000000); 12.3681
(2.000000,1.116000,0.000000); 12.3641
(2.000000,1.120000,0.000000); 12.3601
(2.000000,1.124000,0.000000); 12.3561
(2.000000,1.128000,0.000000); 12.3521
(2.000000,1.132000,0.000000); 12.3481
(2.000000,1.136000,0.000000); 12.3441
(2.000000,1.140000,0.000000); 12.3401
(2.000000,1.144000,0.000000); 12.3361
(2.000000,1.148000,0.000000); 12.332
(2.000000,1.152000,0.000000); 12.328
(2.000000,1.156000,0.000000); 12.324
(2.000000,1.160000,0.000000); 12.32
(2.000000,1.164000,0.000000); 12.316
(2.000000,1.168000,0.000000); 12.312
(2.000000,1.172000,0.000000); 12.308
(2.000000,1.176000,0.000000); 12.304
(2.000000,1.180000,0.000000); 12.3
(2.000000,1.184000,0.000000); 12.296
(2.000000,1.188000,0.000000); 12.2919
(2.000000,1.192000,0.000000); 12.2879
(2.000000,1.196000,0.000000); 12.2839
(2.000000,1.200000,0.000000); 12.2799
(2.000000,1.204000,0.000000); 12.2759
(2.000000,1.208000,0.000000); 12.2719
(2.000000,1.212000,0.000000); 12.2679
(2.000000,1.216000,0.000000); 12.2639
(2.000000,1.220000,0.000000); 12.2599
(2.000000,1.224000,0.000000); 12.2559
(2.000000,1.228000,0.000000); 12.2518
(2.000000,1.232000,0.000000); 12.2478
(2.000000,1.236000,0.000000); 12.2438
(2.000000,1.240000,0.000000); 12.2398
(2.000000,1.244000,0.000000); 12.2358
(2.000000,1.248000,0.000000); 12.2318
(2.000000,1.252000,0.000000); 12.2278
(2.000000,1.256000,0.000000); 12.2238
(2.000000,1.260000,0.000000); 12.2198
(2.000000,1.264000,0.000000); 12.2158
(2.000000,1.268000,0.000000); 12.2117
(2.000000,1.272000,0.000000); 12.2077
(2.000000,1.276000,0.000000); 12.2037
(2.000000,1.280000,0.000000); 12.1997
(2.000000,1.284000,0.000000); 12.1957
(2.000000,1.288000,0.000000); 12.1917
(2.000000,1.292000,0.000000); 12.1877
(2.000000,1.296000,0.000000); 12.1837
(2.000000,1.300000,0.000000); 12.1797
(2.000000,1.304000,0.000000); 12.1757
(2.000000,1.308000,0.000000); 12.1716
(2.000000,1.312000,0.000000); 12.1676
(2.000000,1.316000,0.000000); 12.1636
(2.000000,1.320000,0.000000); 12.1596
(2.000000,1.324000,0.000000); 12.1556
(2.000000,1.328000,0.000000); 12.1516
(2.000000,1.332000,0.000000); 12.1476
(2.000000,1.336000,0.000000); 12.1436
(2.000000,1.340000,0.000000); 12.1396
(2.000000,1.344000,0.000000); 12.1356
(2.000000,1.348000,0.000000); 12.1315
(2.000000,1.352000,0.000000); 12.1275
(2.000000,1.356000,0.000000); 12.1235
(2.000000,1.360000,0.000000); 12.1195
(2.000000,1.364000,0.000000); 12.1155
(2.000000,1.368000,0.000000); 12.1115
(2.000000,1.372000,0.000000); 12.1075
(2.000000,1.376000,0.000000); 12.1035
(2.000000,1.380000,0.000000); 12.0995
(2.000000,1.384000,0.000000); 12.0955
(2.000000,1.388000,0.000000); 12.0914
(2.000000,1.392000,0.000000); 12.0874
(2.000000,1.396000,0.000000); 12.0834
(2.000000,1.400000,0.000000); 12.0794
(2.000000,1.404000,0.000000); 12.0754
(2.000000,1.408000,0.000000); 12.0714
(2.000000,1.412000,0.000000); 12.0674
(2.000000,1.416000,0.000000); 12.0634
(2.000000,1.420000,0.000000); 12.0594
(2.000000,1.424000,0.000000); 12.0554
(2.000000,1.428000,0.000000); 12.0513
(2.000000,1.432000,0.000000); 12.0473
(2.000000,1.436000,0.000000); 12.0433
(2.000000,1.440000,0.000000); 12.0393
(2.000000,1.444000,0.000000); 12.0353
(2.000000,1.448000,0.000000); 12.0313
(2.000000,1.452000,0.000000); 12.0273
(2.000000,1.456000,0.000000); 12.0233
(2.000000,1.460000,0.000000); 12.0193
(2.000000,1.464000,0.000000); 12.0153
(2.000000,1.468000,0.000000); 12.0112
(2.000000,1.472000,0.000000); 12.0072
(2.000000,1.476000,0.000000); 12.0032
(2.000000,1.480000,0.000000); 11.9992
(2.000000,1.484000,0.000000); 11.9952
(2.000000,1.488000,0.000000); 11.9912
(2.000000,1.492000,0.000000); 11.9872
(2.000000,1.496000,0.000000); 11.9832
(2.000000,1.500000,0.000000); 11.9792
(2.000000,1.504000,0.000000); 11.9752
(2.000000,1.508000,0.000000); 11.9711
(2.000000,1.512000,0.000000); 11.9671
(2.000000,1.516000,0.000000); 11.9631
(2.000000,1.520000,0.000000); 11.9591
(2.000000,1.524000,0.000000); 11.9551
(2.000000,1.528000,0.000000); 11.9511
(2.000000,1.532000,0.000000); 11.9471
(2.000000,1.536000,0.000000); 11.9431
(2.000000,1.540000,0.000000); 11.9391
(2.000000,1.544000,0.000000); 11.9351
(2.000000,1.548000,0.000000); 11.931
(2.000000,1.552000,0.000000); 11.927
(2.000000,1.556000,0.000000); 11.923
(2.000000,1.560000,0.000000); 11.919
(2.000000,1.564000,0.000000); 11.915
(2.000000,1.568000,0.000000); 11.911
(2.000000,1.572000,0.000000); 11.907
(2.000000,1.576000,0.000000); 11.903
(2.000000,1.580000,0.000000); 11.899
(2.000000,1.584000,0.000000); 11.895
(2.000000,1.588000,0.000000); 11.8909
(2.000000,1.592000,0.000000); 11.8869
(2.000000,1.596000,0.000000); 11.8829
(2.000000,1.600000,0.000000); 11.8789
(2.000000,1.604000,0.000000); 11.8749
(2.000000,1.608000,0.000000); 11.8709
(2.000000,1.612000,0.000000); 11.8669
(2.000000,1.616000,0.000000); 11.8629
(2.000000,1.620000,0.000000); 11.8589
(2.000000,1.624000,0.000000); 11.8549
(2.000000,1.628000,0.000000); 11.8508
(2.000000,1.632000,0.000000); 11.8468
(2.000000,1.636000,0.000000); 11.8428
(2.000000,1.640000,0.000000); 11.8388
(2.000000,1.644000,0.000000); 11.8348
(2.000000,1.648000,0.000000); 11.8308
(2.000000,1.652000,0.000000); 11.8268
(2.000000,1.656000,0.000000); 11.8228
(2.000000,1.660000,0.000000); 11.8188
(2.000000,1.664000,0.000000); 11.8148
(2.000000,1.668000,0.000000); 11.8107
(2.000000,1.672000,0.000000); 11.8067
(2.000000,1.676000,0.000000); 11.8027
(2.000000,1.680000,0.000000); 11.7987
(2.000000,1.684000,0.000000); 11.7947
(2.000000,1.688000,0.000000); 11.7907
(2.000000,1.692000,0.000000); 11.7867
(2.000000,1.696000,0.000000); 11.7827
(2.000000,1.700000,0.000000); 11.7787
(2.000000,1.704000,0.000000); 11.7747
(2.000000,1.708000,0.000000); 11.7706
(2.000000,1.712000,0.000000); 11.7666
(2.000000,1.716000,0.000000); 11.7626
(2.000000,1.720000,0.000000); 11.7586
(2.000000,1.724000,0.000000); 11.7546
(2.000000,1.728000,0.000000); 11.7506
(2.000000,1.732000,0.000000); 11.7466
(2.000000,1.736000,0.000000); 11.7426
(2.000000,1.740000,0.000000); 11.7386
(2.000000,1.744000,0.000000); 11.7346
(2.000000,1.748000,0.000000); 11.7305
(2.000000,1.752000,0.000000); 11.7265
(2.000000,1.756000,0.000000); 11.7225
(2.000000,1.760000,0.000000); 11.7185
(2.000000,1.764000,0.000000); 11.7145
(2.000000,1.768000,0.000000); 11.7105
(2.000000,1.772000,0.000000); 11.7065
(2.000000,1.776000,0.000000); 11.7025
(2.000000,1.780000,0.000000); 11.6985
(2.000000,1.784000,0.000000); 11.6945
(2.000000,1.788000,0.000000); 11.6904
(2.000000,1.792000,0.000000); 11.6864
(2.000000,1.796000,0.000000); 11.6824
(2.000000,1.800000,0.000000); 11.6784
(2.000000,1.804000,0.000000); 11.6744
(2.000000,1.808000,0.000000); 11.6704
(2.000000,1.812000,0.000000); 11.6664
(2.000000,1.816000,0.000000); 11.6624
(2.000000,1.820000,0.000000); 11.6584
(2.000000,1.824000,0.000000); 11.6544
(2.000000,1.828000,0.000000); 11.6503
(2.000000,1.832000,0.000000); 11.6463
(2.000000,1.836000,0.000000); 11.6423
(2.000000,1.840000,0.000000); 11.6383
(2.000000,1.844000,0.000000); 11.6343
(2.000000,1.848000,0.000000); 11.6303
(2.000000,1.852000,0.000000); 11.6263
(2.000000,1.856000,0.000000); 11.6223
(2.000000,1.860000,0.000000); 11.6183
(2.000000,1.864000,0.000000); 11.6143
(2.000000,1.868000,0.000000); 11.6102
(2.000000,1.872000,0.000000); 11.6062
(2.000000,1.876000,0.000000); 11.6022
(2.000000,1.880000,0.000000); 11.5982
(2.000000,1.884000,0.000000); 11.5942
(2.000000,1.888000,0.000000); 11.5902
(2.000000,1.892000,0.000000); 11.5862
(2.000000,1.896000,0.000000); 11.5822
(2.000000,1.900000,0.000000); 11.5782
(2.000000,1.904000,0.000000); 11.5742
(2.000000,1.908000,0.000000); 11.5701
(2.000000,1.912000,0.000000); 11.5661
(2.000000,1.916000,0.000000); 11.5621
(2.000000,1.920000,0.000000); 11.5581
(2.000000,1.924000,0.000000); 11.5541
(2.000000,1.928000,0.000000); 11.5501
(2.000000,1.932000,0.000000); 11.5461
(2.000000,1.936000,0.000000); 11.5421
(2.000000,1.940000,0.000000); 11.5381
(2.000000,1.944000,0.000000); 11.5341
(2.000000,1.948000,0.000000); 11.53
(2.000000,1.952000,0.000000); 11.526
(2.000000,1.956000,0.000000); 11.522
(2.000000,1.960000,0.000000); 11.518
(2.000000,1.964000,0.000000); 11.514
(2.000000,1.968000,0.000000); 11.51
(2.000000,1.972000,0.000000); 11.506
(2.000000,1.976000,0.000000); 11.502
(2.000000,1.980000,0.000000); 11.498
(2.000000,1.984000,0.000000); 11.494
(2.000000,1.988000,0.000000); 11.4899
(2.000000,1.992000,0.000000); 11.4859
(2.000000,1.996000,0.000000); 11.4819
(2.000000,2.000000,0.000000); 11.4779
(2.000000,2.004000,0.000000); 11.4739
(2.000000,2.008000,0.000000); 11.4699
(2.000000,2.012000,0.000000); 11.4659
(2.000000,2.016000,0.000000); 11.4619
(2.000000,2.020000,0.000000); 11.4579
(2.000000,2.024000,0.000000); 11.4539
(2.000000,2.028000,0.000000); 11.4498
(2.000000,2.032000,0.000000); 11.4458
(2.000000,2.036000,0.000000); 11.4418
(2.000000,2.040000,0.000000); 11.4378
(2.000000,2.044000,0.000000); 11.4338
(2.000000,2.048000,0.000000); 11.4298
(2.000000,2.052000,0.000000); 11.4258
(2.000000,2.056000,0.000000); 11.4218
(2.000000,2.060000,0.000000); 11.4178
(2.000000,2.064000,0.000000); 11.4138
(2.000000,2.068000,0.000000); 11.4097
(2.000000,2.072000,0.000000); 11.4057
(2.000000,2.076000,0.000000); 11.4017
(2.000000,2.080000,0.000000); 11.3977
(2.000000,2.084000,0.000000); 11.3937
(2.000000,2.088000,0.000000); 11.3897
(2.000000,2.092000,0.000000); 11.3857
(2.000000,2.096000,0.000000); 11.3817
(2.000000,2.100000,0.000000); 11.3777
(2.000000,2.104000,0.000000); 11.3737
(2.000000,2.108000,0.000000); 11.3696
(2.000000,2.112000,0.000000); 11.3656
(2.000000,2.116000,0.000000); 11.3616
(2.000000,2.120000,0.000000); 11.3576
(2.000000,2.124000,0.000000); 11.3536
(2.000000,2.128000,0.000000); 11.3496
(2.000000,2.132000,0.000000); 11.3456
(2.000000,2.136000,0.000000); 11.3416
(2.000000,2.140000,0.000000); 11.3376
(2.000000,2.144000,0.000000); 11.3336
(2.000000,2.148000,0.000000); 11.3295
(2.000000,2.152000,0.000000); 11.3255
(2.000000,2.156000,0.000000); 11.3215
(2.000000,2.160000,0.000000); 11.3175
(2.000000,2.164000,0.000000); 11.3135
(2.000000,2.168000,0.000000); 11.3095
(2.000000,2.172000,0.000000); 11.3055
(2.000000,2.176000,0.000000); 11.3015
(2.000000,2.180000,0.000000); 11.2975
(2.000000,2.184000,0.000000); 11.2935
(2.000000,2.188000,0.000000); 11.2894
(2.000000,2.192000,0.000000); 11.2854
(2.000000,2.196000,0.000000); 11.2814
(2.000000,2.200000,0.000000); 11.2774
(2.000000,2.204000,0.000000); 11.2734
(2.000000,2.208000,0.000000); 11.2694
(2.000000,2.212000,0.000000); 11.2654
(2.000000,2.216000,0.000000); 11.2614
(2.000000,2.220000,0.000000); 11.2574
(2.000000,2.224000,0.000000); 11.2534
(2.000000,2.228000,0.000000); 11.2493
(2.000000,2.232000,0.000000); 11.2453
(2.000000,2.236000,0.000000); 11.2413
(2.000000,2.240000,0.000000); 11.2373
(2.000000,2.244000,0.000000); 11.2333
(2.000000,2.248000,0.000000); 11.2293
(2.000000,2.252000,0.000000); 11.2253
(2.000000,2.256000,0.000000); 11.2213
(2.000000,2.260000,0.000000); 11.2173
(2.000000,2.264000,0.000000); 11.2133
(2.000000,2.268000,0.000000); 11.2092
(2.000000,2.272000,0.000000); 11.2052
(2.000000,2.276000,0.000000); 11.2012
(2.000000,2.280000,0.000000); 11.1972
(2.000000,2.284000,0.000000); 11.1932
(2.000000,2.288000,0.000000); 11.1892
(2.000000,2.292000,0.000000); 11.1852
(2.000000,2.296000,0.000000); 11.1812
(2.000000,2.300000,0.000000); 11.1772
(2.000000,2.304000,0.000000); 11.1732
(2.000000,2.308000,0.000000); 11.1691
(2.000000,2.312000,0.000000); 11.1651
(2.000000,2.316000,0.000000); 11.1611
(2.000000,2.320000,0.000000); 11.1571
(2.000000,2.324000,0.000000); 11.1531
(2.000000,2.328000,0.000000); 11.1491
(2.000000,2.332000,0.000000); 11.1451
(2.000000,2.336000,0.000000); 11.1411
(2.000000,2.340000,0.000000); 11.1371
(2.000000,2.344000,0.000000); 11.1331
(2.000000,2.348000,0.000000); 11.129
(2.000000,2.352000,0.000000); 11.125
(2.000000,2.356000,0.000000); 11.121
(2.000000,2.360000,0.000000); 11.117
(2.000000,2.364000,0.000000); 11.113
(2.000000,2.368000,0.000000); 11.109
(2.000000,2.372000,0.000000); 11.105
(2.000000,2.376000,0.000000); 11.101
(2.000000,2.380000,0.000000); 11.097
(2.000000,2.384000,0.000000); 11.093
(2.000000,2.388000,0.000000); 11.0889
(2.000000,2.392000,0.000000); 11.0849
(2.000000,2.396000,0.000000); 11.0809
(2.000000,2.400000,0.000000); 11.0769
(2.000000,2.404000,0.000000); 11.0729
(2.000000,2.408000,0.000000); 11.0689
(2.000000,2.412000,0.000000); 11.0649
(2.000000,2.416000,0.000000); 11.0609
(2.000000,2.420000,0.000000); 11.0569
(2.000000,2.424000,0.000000); 11.0529
(2.000000,2.428000,0.000000); 11.0488
(2.000000,2.432000,0.000000); 11.0448
(2.000000,2.436000,0.000000); 11.0408
(2.000000,2.440000,0.000000); 11.0368
(2.000000,2.444000,0.000000); 11.0328
(2.000000,2.448000,0.000000); 11.0288
(2.000000,2.452000,0.000000); 11.0248
(2.000000,2.456000,0.000000); 11.0208
(2.000000,2.460000,0.000000); 11.0168
(2.000000,2.464000,0.000000); 11.0128
(2.000000,2.468000,0.000000); 11.0087
(2.000000,2.472000,0.000000); 11.0047
(2.000000,2.476000,0.000000); 11.0007
(2.000000,2.480000,0.000000); 10.9967
(2.000000,2.484000,0.000000); 10.9927
(2.000000,2.488000,0.000000); 10.9887
(2.000000,2.492000,0.000000); 10.9847
(2.000000,2.496000,0.000000); 10.9807
(2.000000,2.500000,0.000000); 10.9767
(2.000000,2.504000,0.000000); 10.9727
(2.000000,2.508000,0.000000); 10.9686
(2.000000,2.512000,0.000000); 10.9646
(2.000000,2.516000,0.000000); 10.9606
(2.000000,2.520000,0.000000); 10.9566
(2.000000,2.524000,0.000000); 10.9526
(2.000000,2.528000,0.000000); 10.9486
(2.000000,2.532000,0.000000); 10.9446
(2.000000,2.536000,0.000000); 10.9406
(2.000000,2.540000,0.000000); 10.9366
(2.000000,2.544000,0.000000); 10.9326
(2.000000,2.548000,0.000000); 10.9285
(2.000000,2.552000,0.000000); 10.9245
(2.000000,2.556000,0.000000); 10.9205
(2.000000,2.560000,0.000000); 10.9165
(2.000000,2.564000,0.000000); 10.9125
(2.000000,2.568000,0.000000); 10.9085
(2.000000,2.572000,0.000000); 10.9045
(2.000000,2.576000,0.000000); 10.9005
(2.000000,2.580000,0.000000); 10.8965
(2.000000,2.584000,0.000000); 10.8925
(2.000000,2.588000,0.000000); 10.8884
(2.000000,2.592000,0.000000); 10.8844
(2.000000,2.596000,0.000000); 10.8804
(2.000000,2.600000,0.000000); 10.8764
(2.000000,2.604000,0.000000); 10.8724
(2.000000,2.608000,0.000000); 10.8684
(2.000000,2.612000,0.000000); 10.8644
(2.000000,2.616000,0.000000); 10.8604
(2.000000,2.620000,0.000000); 10.8564
(2.000000,2.624000,0.000000); 10.8524
(2.000000,2.628000,0.000000); 10.8483
(2.000000,2.632000,0.000000); 10.8443
(2.000000,2.636000,0.000000); 10.8403
(2.000000,2.640000,0.000000); 10.8363
(2.000000,2.644000,0.000000); 10.8323
(2.000000,2.648000,0.000000); 10.8283
(2.000000,2.652000,0.000000); 10.8243
(2.000000,2.656000,0.000000); 10.8203
(2.000000,2.660000,0.000000); 10.8163
(2.000000,2.664000,0.000000); 10.8123
(2.000000,2.668000,0.000000); 10.8082
(2.000000,2.672000,0.000000); 10.8042
(2.000000,2.676000,0.000000); 10.8002
(2.000000,2.680000,0.000000); 10.7962
(2.000000,2.684000,0.000000); 10.7922
(2.000000,2.688000,0.000000); 10.7882
(2.000000,2.692000,0.000000); 10.7842
(2.000000,2.696000,0.000000); 10.7802
(2.000000,2.700000,0.000000); 10.7762
(2.000000,2.704000,0.000000); 10.7722
(2.000000,2.708000,0.000000); 10.7681
(2.000000,2.712000,0.000000); 10.7641
(2.000000,2.716000,0.000000); 10.7601
(2.000000,2.720000,0.000000); 10.7561
(2.000000,2.724000,0.000000); 10.7521
(2.000000,2.728000,0.000000); 10.7481
(2.000000,2.732000,0.000000); 10.7441
(2.000000,2.736000,0.000000); 10.7401
(2.000000,2.740000,0.000000); 10.7361
(2.000000,2.744000,0.000000); 10.7321
(2.000000,2.748000,0.000000); 10.728
(2.000000,2.752000,0.000000); 10.724
(2.000000,2.756000,0.000000); 10.72
(2.000000,2.760000,0.000000); 10.716
(2.000000,2.764000,0.000000); 10.712
(2.000000,2.768000,0.000000); 10.708
(2.000000,2.772000,0.000000); 10.704
(2.000000,2.776000,0.000000); 10.7
(2.000000,2.780000,0.000000); 10.696
(2.000000,2.784000,0.000000); 10.692
(2.000000,2.788000,0.000000); 10.6879
(2.000000,2.792000,0.000000); 10.6839
(2.000000,2.796000,0.000000); 10.6799
(2.000000,2.800000,0.000000); 10.6759
(2.000000,2.804000,0.000000); 10.6719
(2.000000,2.808000,0.000000); 10.6679
(2.000000,2.812000,0.000000); 10.6639
(2.000000,2.816000,0.000000); 10.6599
(2.000000,2.820000,0.000000); 10.6559
(2.000000,2.824000,0.000000); 10.6519
(2.000000,2.828000,0.000000); 10.6478
(2.000000,2.832000,0.000000); 10.6438
(2.000000,2.836000,0.000000); 10.6398
(2.000000,2.840000,0.000000); 10.6358
(2.000000,2.844000,0.000000); 10.6318
(2.000000,2.848000,0.000000); 10.6278
(2.000000,2.852000,0.000000); 10.6238
(2.000000,2.856000,0.000000); 10.6198
(2.000000,2.860000,0.000000); 10.6158
(2.000000,2.864000,0.000000); 10.6118
(2.000000,2.868000,0.000000); 10.6077
(2.000000,2.872000,0.000000); 10.6037
(2.000000,2.876000,0.000000); 10.5997
(2.000000,2.880000,0.000000); 10.5957
(2.000000,2.884000,0.000000); 10.5917
(2.000000,2.888000,0.000000); 10.5877
(2.000000,2.892000,0.000000); 10.5837
(2.000000,2.896000,0.000000); 10.5797
(2.000000,2.900000,0.000000); 10.5757
(2.000000,2.904000,0.000000); 10.5717
(2.000000,2.908000,0.000000); 10.5676
(2.000000,2.912000,0.000000); 10.5636
(2.000000,2.916000,0.000000); 10.5596
(2.000000,2.920000,0.000000); 10.5556
(2.000000,2.924000,0.000000); 10.5516
(2.000000,2.928000,0.000000); 10.5476
(2.000000,2.932000,0.000000); 10.5436
(2.000000,2.936000,0.000000); 10.5396
(2.000000,2.940000,0.000000); 10.5356
(2.000000,2.944000,0.000000); 10.5316
(2.000000,2.948000,0.000000); 10.5275
(2.000000,2.952000,0.000000); 10.5235
(2.000000,2.956000,0.000000); 10.5195
(2.000000,2.960000,0.000000); 10.5155
(2.000000,2.964000,0.000000); 10.5115
(2.000000,2.968000,0.000000); 10.5075
(2.000000,2.972000,0.000000); 10.5035
(2.000000,2.976000,0.000000); 10.4995
(2.000000,2.980000,0.000000); 10.4955
(2.000000,2.984000,0.000000); 10.4914
(2.000000,2.988000,0.000000); 10.4874
(2.000000,2.992000,0.000000); 10.4834
(2.000000,2.996000,0.000000); 10.4794
(2.000000,3.000000,0.000000); 10.4754
(2.000000,3.004000,0.000000); 10.4714
(2.000000,3.008000,0.000000); 10.4674
(2.000000,3.012000,0.000000); 10.4634
(2.000000,3.016000,0.000000); 10.4594
(2.000000,3.020000,0.000000); 10.4554
(2.000000,3.024000,0.000000); 10.4513
(2.000000,3.028000,0.000000); 10.4473
(2.000000,3.032000,0.000000); 10.4433
(2.000000,3.036000,0.000000); 10.4393
(2.000000,3.040000,0.000000); 10.4353
(2.000000,3.044000,0.000000); 10.4313
(2.000000,3.048000,0.000000); 10.4273
(2.000000,3.052000,0.000000); 10.4233
(2.000000,3.056000,0.000000); 10.4193
(2.000000,3.060000,0.000000); 10.4153
(2.000000,3.064000,0.000000); 10.4113
(2.000000,3.068000,0.000000); 10.4073
(2.000000,3.072000,0.000000); 10.4032
(2.000000,3.076000,0.000000); 10.3992
(2.000000,3.080000,0.000000); 10.3952
(2.000000,3.084000,0.000000); 10.3912
(2.000000,3.088000,0.000000); 10.3872
(2.000000,3.092000,0.000000); 10.3832
(2.000000,3.096000,0.000000); 10.3792
(2.000000,3.100000,0.000000); 10.3752
(2.000000,3.104000,0.000000); 10.3712
(2.000000,3.108000,0.000000); 10.3672
(2.000000,3.112000,0.000000); 10.3632
(2.000000,3.116000,0.000000); 10.3591
(2.000000,3.120000,0.000000); 10.3551
(2.000000,3.124000,0.000000); 10.3511
(2.000000,3.128000,0.000000); 10.3471
(2.000000,3.132000,0.000000); 10.3431
(2.000000,3.136000,0.000000); 10.3391
(2.000000,3.140000,0.000000); 10.3351
(2.000000,3.144000,0.000000); 10.3311
(2.000000,3.148000,0.000000); 10.3271
(2.000000,3.152000,0.000000); 10.3231
(2.000000,3.156000,0.000000); 10.319
(2.000000,3.160000,0.000000); 10.315
(2.000000,3.164000,0.000000); 10.311
(2.000000,3.168000,0.000000); 10.307
(2.000000,3.172000,0.000000); 10.303
(2.000000,3.176000,0.000000); 10.299
(2.000000,3.180000,0.000000); 10.295
(2.000000,3.184000,0.000000); 10.2909
(2.000000,3.188000,0.000000); 10.2869
(2.000000,3.192000,0.000000); 10.2829
(2.000000,3.196000,0.000000); 10.2789
(2.000000,3.200000,0.000000); 10.2749
(2.000000,3.204000,0.000000); 10.2709
(2.000000,3.208000,0.000000); 10.2668
(2.000000,3.212000,0.000000); 10.2628
(2.000000,3.216000,0.000000); 10.2588
(2.000000,3.220000,0.000000); 10.2548
(2.000000,3.224000,0.000000); 10.2508
(2.000000,3.228000,0.000000); 10.2468
(2.000000,3.232000,0.000000); 10.2428
(2.000000,3.236000,0.000000); 10.2387
(2.000000,3.240000,0.000000); 10.2347
(2.000000,3.244000,0.000000); 10.2307
(2.000000,3.248000,0.000000); 10.2267
(2.000000,3.252000,0.000000); 10.2227
(2.000000,3.256000,0.000000); 10.2187
(2.000000,3.260000,0.000000); 10.2147
(2.000000,3.264000,0.000000); 10.2106
(2.000000,3.268000,0.000000); 10.2066
(2.000000,3.272000,0.000000); 10.2026
(2.000000,3.276000,0.000000); 10.1986
(2.000000,3.280000,0.000000); 10.1946
(2.000000,3.284000,0.000000); 10.1906
(2.000000,3.288000,0.000000); 10.1866
(2.000000,3.292000,0.000000); 10.1826
(2.000000,3.296000,0.000000); 10.1786
(2.000000,3.300000,0.000000); 10.1746
(2.000000,3.304000,0.000000); 10.1706
(2.000000,3.308000,0.000000); 10.1666
(2.000000,3.312000,0.000000); 10.1626
(2.000000,3.316000,0.000000); 10.1586
(2.000000,3.320000,0.000000); 10.1546
(2.000000,3.324000,0.000000); 10.1506
(2.000000,3.328000,0.000000); 10.1466
(2.000000,3.332000,0.000000); 10.1426
(2.000000,3.336000,0.000000); 10.1386
(2.000000,3.340000,0.000000); 10.1347
(2.000000,3.344000,0.000000); 10.1307
(2.000000,3.348000,0.000000); 10.1267
(2.000000,3.352000,0.000000); 10.1227
(2.000000,3.356000,0.000000); 10.1187
(2.000000,3.360000,0.000000); 10.1147
(2.000000,3.364000,0.000000); 10.1107
(2.000000,3.368000,0.000000); 10.1067
(2.000000,3.372000,0.000000); 10.1027
(2.000000,3.376000,0.000000); 10.0987
(2.000000,3.380000,0.000000); 10.0947
(2.000000,3.384000,0.000000); 10.0907
(2.000000,3.388000,0.000000); 10.0867
(2.000000,3.392000,0.000000); 10.0826
(2.000000,3.396000,0.000000); 10.0786
(2.000000,3.400000,0.000000); 10.0745
(2.000000,3.404000,0.000000); 10.0705
(2.000000,3.408000,0.000000); 10.0664
(2.000000,3.412000,0.000000); 10.0624
(2.000000,3.416000,0.000000); 10.0583
(2.000000,3.420000,0.000000); 10.0543
(2.000000,3.424000,0.000000); 10.0502
(2.000000,3.428000,0.000000); 10.0462
(2.000000,3.432000,0.000000); 10.0421
(2.000000,3.436000,0.000000); 10.0381
(2.000000,3.440000,0.000000); 10.0341
(2.000000,3.444000,0.000000); 10.03
(2.000000,3.448000,0.000000); 10.026
(2.000000,3.452000,0.000000); 10.0219
(2.000000,3.456000,0.000000); 10.0179
(2.000000,3.460000,0.000000); 10.0138
(2.000000,3.464000,0.000000); 10.0098
(2.000000,3.468000,0.000000); 10.0057
(2.000000,3.472000,0.000000); 10.0017
(2.000000,3.476000,0.000000); 9.99763
(2.000000,3.480000,0.000000); 9.99358
(2.000000,3.484000,0.000000); 9.98954
(2.000000,3.488000,0.000000); 9.9855
(2.000000,3.492000,0.000000); 9.98146
(2.000000,3.496000,0.000000); 9.97742
(2.000000,3.500000,0.000000); 9.97337
(2.000000,3.504000,0.000000); 9.96941
(2.000000,3.508000,0.000000); 9.96553
(2.000000,3.512000,0.000000); 9.96166
(2.000000,3.516000,0.000000); 9.95778
(2.000000,3.520000,0.000000); 9.95391
(2.000000,3.524000,0.000000); 9.95004
(2.000000,3.528000,0.000000); 9.94617
(2.000000,3.532000,0.000000); 9.9423
(2.000000,3.536000,0.000000); 9.93843
(2.000000,3.540000,0.000000); 9.93456
(2.000000,3.544000,0.000000); 9.93069
(2.000000,3.548000,0.000000); 9.92682
(2.000000,3.552000,0.000000); 9.92295
(2.000000,3.556000,0.000000); 9.91908
(2.000000,3.560000,0.000000); 9.91521
(2.000000,3.564000,0.000000); 9.91134
(2.000000,3.568000,0.000000); 9.90747
(2.000000,3.572000,0.000000); 9.9036
(2.000000,3.576000,0.000000); 9.89973
(2.000000,3.580000,0.000000); 9.89586
(2.000000,3.584000,0.000000); 9.89199
(2.000000,3.588000,0.000000); 9.88812
(2.000000,3.592000,0.000000); 9.88425
(2.000000,3.596000,0.000000); 9.88038
(2.000000,3.600000,0.000000); 9.87651
(2.000000,3.604000,0.000000); 9.87265
(2.000000,3.608000,0.000000); 9.86878
(2.000000,3.612000,0.000000); 9.86491
(2.000000,3.616000,0.000000); 9.86104
(2.000000,3.620000,0.000000); 9.85717
(2.000000,3.624000,0.000000); 9.85264
(2.000000,3.628000,0.000000); 9.8479
(2.000000,3.632000,0.000000); 9.84317
(2.000000,3.636000,0.000000); 9.83843
(2.000000,3.640000,0.000000); 9.83369
(2.000000,3.644000,0.000000); 9.82895
(2.000000,3.648000,0.000000); 9.82421
(2.000000,3.652000,0.000000); 9.81947
(2.000000,3.656000,0.000000); 9.81474
(2.000000,3.660000,0.000000); 9.81
(2.000000,3.664000,0.000000); 9.80526
(2.000000,3.668000,0.000000); 9.80052
(2.000000,3.672000,0.000000); 9.79578
(2.000000,3.676000,0.000000); 9.79104
(2.000000,3.680000,0.000000); 9.78631
(2.000000,3.684000,0.000000); 9.78157
(2.000000,3.688000,0.000000); 9.77683
(2.000000,3.692000,0.000000); 9.77209
(2.000000,3.696000,0.000000); 9.76735
(2.000000,3.700000,0.000000); 9.76263
(2.000000,3.704000,0.000000); 9.75792
(2.000000,3.708000,0.000000); 9.7532
(2.000000,3.712000,0.000000); 9.74848
(2.000000,3.716000,0.000000); 9.74399
(2.000000,3.720000,0.000000); 9.74267
(2.000000,3.724000,0.000000); 9.74135
(2.000000,3.728000,0.000000); 9.74003
(2.000000,3.732000,0.000000); 9.73871
(2.000000,3.736000,0.000000); 9.73739
(2.000000,3.740000,0.000000); 9.73607
(2.000000,3.744000,0.000000); 9.73475
(2.000000,3.748000,0.000000); 9.73343
(2.000000,3.752000,0.000000); 9.7322
(2.000000,3.756000,0.000000); 9.73097
(2.000000,3.760000,0.000000); 9.72974
(2.000000,3.764000,0.000000); 9.72851
(2.000000,3.768000,0.000000); 9.72727
(2.000000,3.772000,0.000000); 9.72604
(2.000000,3.776000,0.000000); 9.72481
(2.000000,3.780000,0.000000); 9.72358
(2.000000,3.784000,0.000000); 9.72235
(2.000000,3.788000,0.000000); 9.72111
(2.000000,3.792000,0.000000); 9.71988
(2.000000,3.796000,0.000000); 9.71865
(2.000000,3.800000,0.000000); 9.71742
(2.000000,3.804000,0.000000); 9.71619
(2.000000,3.808000,0.000000); 9.71495
(2.000000,3.812000,0.000000); 9.70875
(2.000000,3.816000,0.000000); 9.69435
(2.000000,3.820000,0.000000); 9.67994
(2.000000,3.824000,0.000000); 9.66554
(2.000000,3.828000,0.000000); 9.65113
(2.000000,3.832000,0.000000); 9.63673
(2.000000,3.836000,0.000000); 9.62232
(2.000000,3.840000,0.000000); 9.60792
(2.000000,3.844000,0.000000); 9.59352
(2.000000,3.848000,0.000000); 9.57911
(2.000000,3.852000,0.000000); 9.56506
(2.000000,3.856000,0.000000); 9.55103
(2.000000,3.860000,0.000000); 9.537
(2.000000,3.864000,0.000000); 9.52296
(2.000000,3.868000,0.000000); 9.50893
(2.000000,3.872000,0.000000); 9.4949
(2.000000,3.876000,0.000000); 9.48087
(2.000000,3.880000,0.000000); 9.46683
(2.000000,3.884000,0.000000); 9.4528
(2.000000,3.888000,0.000000); 9.43877
(2.000000,3.892000,0.000000); 9.42474
(2.000000,3.896000,0.000000); 9.41071
(2.000000,3.900000,0.000000); 9.39667
(2.000000,3.904000,0.000000); 9.38264
(2.000000,3.908000,0.000000); 9.40198
(2.000000,3.912000,0.000000); 9.4364
(2.000000,3.916000,0.000000); 9.47082
(2.000000,3.920000,0.000000); 9.50524
(2.000000,3.924000,0.000000); 9.53966
(2.000000,3.928000,0.000000); 9.57409
(2.000000,3.932000,0.000000); 9.60851
(2.000000,3.936000,0.000000); 9.64293
(2.000000,3.940000,0.000000); 9.67735
(2.000000,3.944000,0.000000); 9.71177
(2.000000,3.948000,0.000000); 9.74619
(2.000000,3.952000,0.000000); 9.78062
(2.000000,3.956000,0.000000); 9.81504
(2.000000,3.960000,0.000000); 9.84946
(2.000000,3.964000,0.000000); 9.88388
(2.000000,3.968000,0.000000); 9.9183
(2.000000,3.972000,0.000000); 9.95273
(2.000000,3.976000,0.000000); 9.98715
(2.000000,3.980000,0.000000); 10.0216
(2.000000,3.984000,0.000000); 10.056
(2.000000,3.988000,0.000000); 10.0904
(2.000000,3.992000,0.000000); 10.1248
(2.000000,3.996000,0.000000); 10.1593
(2.000000,4.000000,0.000000); 10.1937
