LOGFILE

(2.000000,0.000000,0.000000); 13.4829
(2.000000,0.004000,0.000000); 13.4789
(2.000000,0.008000,0.000000); 13.4749
(2.000000,0.012000,0.000000); 13.4709
(2.000000,0.016000,0.000000); 13.4669
(2.000000,0.020000,0.000000); 13.4629
(2.000000,0.024000,0.000000); 13.4589
(2.000000,0.028000,0.000000); 13.4548
(2.000000,0.032000,0.000000); 13.4508
(2.000000,0.036000,0.000000); 13.4468
(2.000000,0.040000,0.000000); 13.4428
(2.000000,0.044000,0.000000); 13.4388
(2.000000,0.048000,0.000000); 13.4348
(2.000000,0.052000,0.000000); 13.4308
(2.000000,0.056000,0.000000); 13.4268
(2.000000,0.060000,0.000000); 13.4228
(2.000000,0.064000,0.000000); 13.4188
(2.000000,0.068000,0.000000); 13.4148
(2.000000,0.072000,0.000000); 13.4107
(2.000000,0.076000,0.000000); 13.4067
(2.000000,0.080000,0.000000); 13.4027
(2.000000,0.084000,0.000000); 13.3987
(2.000000,0.088000,0.000000); 13.3947
(2.000000,0.092000,0.000000); 13.3907
(2.000000,0.096000,0.000000); 13.3867
(2.000000,0.100000,0.000000); 13.3827
(2.000000,0.104000,0.000000); 13.3787
(2.000000,0.108000,0.000000); 13.3747
(2.000000,0.112000,0.000000); 13.3707
(2.000000,0.116000,0.000000); 13.3666
(2.000000,0.120000,0.000000); 13.3626
(2.000000,0.124000,0.000000); 13.3586
(2.000000,0.128000,0.000000); 13.3546
(2.000000,0.132000,0.000000); 13.3506
(2.000000,0.136000,0.000000); 13.3466
(2.000000,0.140000,0.000000); 13.3426
(2.000000,0.144000,0.000000); 13.3386
(2.000000,0.148000,0.000000); 13.3346
(2.000000,0.152000,0.000000); 13.3306
(2.000000,0.156000,0.000000); 13.3266
(2.000000,0.160000,0.000000); 13.3225
(2.000000,0.164000,0.000000); 13.3185
(2.000000,0.168000,0.000000); 13.3145
(2.000000,0.172000,0.000000); 13.3105
(2.000000,0.176000,0.000000); 13.3065
(2.000000,0.180000,0.000000); 13.3025
(2.000000,0.184000,0.000000); 13.2985
(2.000000,0.188000,0.000000); 13.2945
(2.000000,0.192000,0.000000); 13.2905
(2.000000,0.196000,0.000000); 13.2865
(2.000000,0.200000,0.000000); 13.2825
(2.000000,0.204000,0.000000); 13.2784
(2.000000,0.208000,0.000000); 13.2744
(2.000000,0.212000,0.000000); 13.2704
(2.000000,0.216000,0.000000); 13.2664
(2.000000,0.220000,0.000000); 13.2624
(2.000000,0.224000,0.000000); 13.2584
(2.000000,0.228000,0.000000); 13.2544
(2.000000,0.232000,0.000000); 13.2504
(2.000000,0.236000,0.000000); 13.2464
(2.000000,0.240000,0.000000); 13.2424
(2.000000,0.244000,0.000000); 13.2384
(2.000000,0.248000,0.000000); 13.2343
(2.000000,0.252000,0.000000); 13.2303
(2.000000,0.256000,0.000000); 13.2263
(2.000000,0.260000,0.000000); 13.2223
(2.000000,0.264000,0.000000); 13.2183
(2.000000,0.268000,0.000000); 13.2143
(2.000000,0.272000,0.000000); 13.2103
(2.000000,0.276000,0.000000); 13.2063
(2.000000,0.280000,0.000000); 13.2023
(2.000000,0.284000,0.000000); 13.1983
(2.000000,0.288000,0.000000); 13.1943
(2.000000,0.292000,0.000000); 13.1902
(2.000000,0.296000,0.000000); 13.1862
(2.000000,0.300000,0.000000); 13.1822
(2.000000,0.304000,0.000000); 13.1782
(2.000000,0.308000,0.000000); 13.1742
(2.000000,0.312000,0.000000); 13.1702
(2.000000,0.316000,0.000000); 13.1662
(2.000000,0.320000,0.000000); 13.1622
(2.000000,0.324000,0.000000); 13.1582
(2.000000,0.328000,0.000000); 13.1542
(2.000000,0.332000,0.000000); 13.1502
(2.000000,0.336000,0.000000); 13.1461
(2.000000,0.340000,0.000000); 13.1421
(2.000000,0.344000,0.000000); 13.1381
(2.000000,0.348000,0.000000); 13.1341
(2.000000,0.352000,0.000000); 13.1301
(2.000000,0.356000,0.000000); 13.1261
(2.000000,0.360000,0.000000); 13.1221
(2.000000,0.364000,0.000000); 13.1181
(2.000000,0.368000,0.000000); 13.1141
(2.000000,0.372000,0.000000); 13.1101
(2.000000,0.376000,0.000000); 13.1061
(2.000000,0.380000,0.000000); 13.102
(2.000000,0.384000,0.000000); 13.098
(2.000000,0.388000,0.000000); 13.094
(2.000000,0.392000,0.000000); 13.09
(2.000000,0.396000,0.000000); 13.086
(2.000000,0.400000,0.000000); 13.082
(2.000000,0.404000,0.000000); 13.078
(2.000000,0.408000,0.000000); 13.074
(2.000000,0.412000,0.000000); 13.07
(2.000000,0.416000,0.000000); 13.066
(2.000000,0.420000,0.000000); 13.062
(2.000000,0.424000,0.000000); 13.0579
(2.000000,0.428000,0.000000); 13.0539
(2.000000,0.432000,0.000000); 13.0499
(2.000000,0.436000,0.000000); 13.0459
(2.000000,0.440000,0.000000); 13.0419
(2.000000,0.444000,0.000000); 13.0379
(2.000000,0.448000,0.000000); 13.0339
(2.000000,0.452000,0.000000); 13.0299
(2.000000,0.456000,0.000000); 13.0259
(2.000000,0.460000,0.000000); 13.0219
(2.000000,0.464000,0.000000); 13.0179
(2.000000,0.468000,0.000000); 13.0138
(2.000000,0.472000,0.000000); 13.0098
(2.000000,0.476000,0.000000); 13.0058
(2.000000,0.480000,0.000000); 13.0018
(2.000000,0.484000,0.000000); 12.9978
(2.000000,0.488000,0.000000); 12.9938
(2.000000,0.492000,0.000000); 12.9898
(2.000000,0.496000,0.000000); 12.9858
(2.000000,0.500000,0.000000); 12.9818
(2.000000,0.504000,0.000000); 12.9778
(2.000000,0.508000,0.000000); 12.9738
(2.000000,0.512000,0.000000); 12.9697
(2.000000,0.516000,0.000000); 12.9657
(2.000000,0.520000,0.000000); 12.9617
(2.000000,0.524000,0.000000); 12.9577
(2.000000,0.528000,0.000000); 12.9537
(2.000000,0.532000,0.000000); 12.9497
(2.000000,0.536000,0.000000); 12.9457
(2.000000,0.540000,0.000000); 12.9417
(2.000000,0.544000,0.000000); 12.9377
(2.000000,0.548000,0.000000); 12.9337
(2.000000,0.552000,0.000000); 12.9297
(2.000000,0.556000,0.000000); 12.9256
(2.000000,0.560000,0.000000); 12.9216
(2.000000,0.564000,0.000000); 12.9176
(2.000000,0.568000,0.000000); 12.9136
(2.000000,0.572000,0.000000); 12.9096
(2.000000,0.576000,0.000000); 12.9056
(2.000000,0.580000,0.000000); 12.9016
(2.000000,0.584000,0.000000); 12.8976
(2.000000,0.588000,0.000000); 12.8936
(2.000000,0.592000,0.000000); 12.8896
(2.000000,0.596000,0.000000); 12.8856
(2.000000,0.600000,0.000000); 12.8815
(2.000000,0.604000,0.000000); 12.8775
(2.000000,0.608000,0.000000); 12.8735
(2.000000,0.612000,0.000000); 12.8695
(2.000000,0.616000,0.000000); 12.8655
(2.000000,0.620000,0.000000); 12.8615
(2.000000,0.624000,0.000000); 12.8575
(2.000000,0.628000,0.000000); 12.8535
(2.000000,0.632000,0.000000); 12.8495
(2.000000,0.636000,0.000000); 12.8455
(2.000000,0.640000,0.000000); 12.8415
(2.000000,0.644000,0.000000); 12.8374
(2.000000,0.648000,0.000000); 12.8334
(2.000000,0.652000,0.000000); 12.8294
(2.000000,0.656000,0.000000); 12.8254
(2.000000,0.660000,0.000000); 12.8214
(2.000000,0.664000,0.000000); 12.8174
(2.000000,0.668000,0.000000); 12.8134
(2.000000,0.672000,0.000000); 12.8094
(2.000000,0.676000,0.000000); 12.8054
(2.000000,0.680000,0.000000); 12.8014
(2.000000,0.684000,0.000000); 12.7973
(2.000000,0.688000,0.000000); 12.7933
(2.000000,0.692000,0.000000); 12.7893
(2.000000,0.696000,0.000000); 12.7853
(2.000000,0.700000,0.000000); 12.7813
(2.000000,0.704000,0.000000); 12.7773
(2.000000,0.708000,0.000000); 12.7733
(2.000000,0.712000,0.000000); 12.7693
(2.000000,0.716000,0.000000); 12.7653
(2.000000,0.720000,0.000000); 12.7613
(2.000000,0.724000,0.000000); 12.7573
(2.000000,0.728000,0.000000); 12.7532
(2.000000,0.732000,0.000000); 12.7492
(2.000000,0.736000,0.000000); 12.7452
(2.000000,0.740000,0.000000); 12.7412
(2.000000,0.744000,0.000000); 12.7372
(2.000000,0.748000,0.000000); 12.7332
(2.000000,0.752000,0.000000); 12.7292
(2.000000,0.756000,0.000000); 12.7252
(2.000000,0.760000,0.000000); 12.7212
(2.000000,0.764000,0.000000); 12.7172
(2.000000,0.768000,0.000000); 12.7132
(2.000000,0.772000,0.000000); 12.7091
(2.000000,0.776000,0.000000); 12.7051
(2.000000,0.780000,0.000000); 12.7011
(2.000000,0.784000,0.000000); 12.6971
(2.000000,0.788000,0.000000); 12.6931
(2.000000,0.792000,0.000000); 12.6891
(2.000000,0.796000,0.000000); 12.6851
(2.000000,0.800000,0.000000); 12.6811
(2.000000,0.804000,0.000000); 12.6771
(2.000000,0.808000,0.000000); 12.6731
(2.000000,0.812000,0.000000); 12.6691
(2.000000,0.816000,0.000000); 12.665
(2.000000,0.820000,0.000000); 12.661
(2.000000,0.824000,0.000000); 12.657
(2.000000,0.828000,0.000000); 12.653
(2.000000,0.832000,0.000000); 12.649
(2.000000,0.836000,0.000000); 12.645
(2.000000,0.840000,0.000000); 12.641
(2.000000,0.844000,0.000000); 12.637
(2.000000,0.848000,0.000000); 12.633
(2.000000,0.852000,0.000000); 12.629
(2.000000,0.856000,0.000000); 12.625
(2.000000,0.860000,0.000000); 12.6209
(2.000000,0.864000,0.000000); 12.6169
(2.000000,0.868000,0.000000); 12.6129
(2.000000,0.872000,0.000000); 12.6089
(2.000000,0.876000,0.000000); 12.6049
(2.000000,0.880000,0.000000); 12.6009
(2.000000,0.884000,0.000000); 12.5969
(2.000000,0.888000,0.000000); 12.5929
(2.000000,0.892000,0.000000); 12.5889
(2.000000,0.896000,0.000000); 12.5849
(2.000000,0.900000,0.000000); 12.5809
(2.000000,0.904000,0.000000); 12.5768
(2.000000,0.908000,0.000000); 12.5728
(2.000000,0.912000,0.000000); 12.5688
(2.000000,0.916000,0.000000); 12.5648
(2.000000,0.920000,0.000000); 12.5608
(2.000000,0.924000,0.000000); 12.5568
(2.000000,0.928000,0.000000); 12.5528
(2.000000,0.932000,0.000000); 12.5488
(2.000000,0.936000,0.000000); 12.5448
(2.000000,0.940000,0.000000); 12.5408
(2.000000,0.944000,0.000000); 12.5368
(2.000000,0.948000,0.000000); 12.5327
(2.000000,0.952000,0.000000); 12.5287
(2.000000,0.956000,0.000000); 12.5247
(2.000000,0.960000,0.000000); 12.5207
(2.000000,0.964000,0.000000); 12.5167
(2.000000,0.968000,0.000000); 12.5127
(2.000000,0.972000,0.000000); 12.5087
(2.000000,0.976000,0.000000); 12.5047
(2.000000,0.980000,0.000000); 12.5007
(2.000000,0.984000,0.000000); 12.4967
(2.000000,0.988000,0.000000); 12.4927
(2.000000,0.992000,0.000000); 12.4886
(2.000000,0.996000,0.000000); 12.4846
(2.000000,1.000000,0.000000); 12.4806
(2.000000,1.004000,0.000000); 12.4766
(2.000000,1.008000,0.000000); 12.4726
(2.000000,1.012000,0.000000); 12.4686
(2.000000,1.016000,0.000000); 12.4646
(2.000000,1.020000,0.000000); 12.4606
(2.000000,1.024000,0.000000); 12.4566
(2.000000,1.028000,0.000000); 12.4526
(2.000000,1.032000,0.000000); 12.4486
(2.000000,1.036000,0.000000); 12.4445
(2.000000,1.040000,0.000000); 12.4405
(2.000000,1.044000,0.000000); 12.4365
(2.000000,1.048000,0.000000); 12.4325
(2.000000,1.052000,0.000000); 12.4285
(2.000000,1.056000,0.000000); 12.4245
(2.000000,1.060000,0.000000); 12.4205
(2.000000,1.064000,0.000000); 12.4165
(2.000000,1.068000,0.000000); 12.4125
(2.000000,1.072000,0.000000); 12.4085
(2.000000,1.076000,0.000000); 12.4045
(2.000000,1.080000,0.000000); 12.4004
(2.000000,1.084000,0.000000); 12.3964
(2.000000,1.088000,0.000000); 12.3924
(2.000000,1.092000,0.000000); 12.3884
(2.000000,1.096000,0.000000); 12.3844
(2.000000,1.100000,0.000000); 12.3804
(2.000000,1.104000,0.000000); 12.3764
(2.000000,1.108000,0.000000); 12.3724
(2.000000,1.112000,0.000000); 12.3684
(2.000000,1.116000,0.000000); 12.3644
(2.000000,1.120000,0.000000); 12.3604
(2.000000,1.124000,0.000000); 12.3563
(2.000000,1.128000,0.000000); 12.3523
(2.000000,1.132000,0.000000); 12.3483
(2.000000,1.136000,0.000000); 12.3443
(2.000000,1.140000,0.000000); 12.3403
(2.000000,1.144000,0.000000); 12.3363
(2.000000,1.148000,0.000000); 12.3323
(2.000000,1.152000,0.000000); 12.3283
(2.000000,1.156000,0.000000); 12.3243
(2.000000,1.160000,0.000000); 12.3203
(2.000000,1.164000,0.000000); 12.3163
(2.000000,1.168000,0.000000); 12.3122
(2.000000,1.172000,0.000000); 12.3082
(2.000000,1.176000,0.000000); 12.3042
(2.000000,1.180000,0.000000); 12.3002
(2.000000,1.184000,0.000000); 12.2962
(2.000000,1.188000,0.000000); 12.2922
(2.000000,1.192000,0.000000); 12.2882
(2.000000,1.196000,0.000000); 12.2842
(2.000000,1.200000,0.000000); 12.2802
(2.000000,1.204000,0.000000); 12.2762
(2.000000,1.208000,0.000000); 12.2722
(2.000000,1.212000,0.000000); 12.2681
(2.000000,1.216000,0.000000); 12.2641
(2.000000,1.220000,0.000000); 12.2601
(2.000000,1.224000,0.000000); 12.2561
(2.000000,1.228000,0.000000); 12.2521
(2.000000,1.232000,0.000000); 12.2481
(2.000000,1.236000,0.000000); 12.2441
(2.000000,1.240000,0.000000); 12.2401
(2.000000,1.244000,0.000000); 12.2361
(2.000000,1.248000,0.000000); 12.2321
(2.000000,1.252000,0.000000); 12.2281
(2.000000,1.256000,0.000000); 12.224
(2.000000,1.260000,0.000000); 12.22
(2.000000,1.264000,0.000000); 12.216
(2.000000,1.268000,0.000000); 12.212
(2.000000,1.272000,0.000000); 12.208
(2.000000,1.276000,0.000000); 12.204
(2.000000,1.280000,0.000000); 12.2
(2.000000,1.284000,0.000000); 12.196
(2.000000,1.288000,0.000000); 12.192
(2.000000,1.292000,0.000000); 12.188
(2.000000,1.296000,0.000000); 12.184
(2.000000,1.300000,0.000000); 12.1799
(2.000000,1.304000,0.000000); 12.1759
(2.000000,1.308000,0.000000); 12.1719
(2.000000,1.312000,0.000000); 12.1679
(2.000000,1.316000,0.000000); 12.1639
(2.000000,1.320000,0.000000); 12.1599
(2.000000,1.324000,0.000000); 12.1559
(2.000000,1.328000,0.000000); 12.1519
(2.000000,1.332000,0.000000); 12.1479
(2.000000,1.336000,0.000000); 12.1439
(2.000000,1.340000,0.000000); 12.1399
(2.000000,1.344000,0.000000); 12.1358
(2.000000,1.348000,0.000000); 12.1318
(2.000000,1.352000,0.000000); 12.1278
(2.000000,1.356000,0.000000); 12.1238
(2.000000,1.360000,0.000000); 12.1198
(2.000000,1.364000,0.000000); 12.1158
(2.000000,1.368000,0.000000); 12.1118
(2.000000,1.372000,0.000000); 12.1078
(2.000000,1.376000,0.000000); 12.1038
(2.000000,1.380000,0.000000); 12.0998
(2.000000,1.384000,0.000000); 12.0958
(2.000000,1.388000,0.000000); 12.0917
(2.000000,1.392000,0.000000); 12.0877
(2.000000,1.396000,0.000000); 12.0837
(2.000000,1.400000,0.000000); 12.0797
(2.000000,1.404000,0.000000); 12.0757
(2.000000,1.408000,0.000000); 12.0717
(2.000000,1.412000,0.000000); 12.0677
(2.000000,1.416000,0.000000); 12.0637
(2.000000,1.420000,0.000000); 12.0597
(2.000000,1.424000,0.000000); 12.0557
(2.000000,1.428000,0.000000); 12.0517
(2.000000,1.432000,0.000000); 12.0476
(2.000000,1.436000,0.000000); 12.0436
(2.000000,1.440000,0.000000); 12.0396
(2.000000,1.444000,0.000000); 12.0356
(2.000000,1.448000,0.000000); 12.0316
(2.000000,1.452000,0.000000); 12.0276
(2.000000,1.456000,0.000000); 12.0236
(2.000000,1.460000,0.000000); 12.0196
(2.000000,1.464000,0.000000); 12.0156
(2.000000,1.468000,0.000000); 12.0116
(2.000000,1.472000,0.000000); 12.0076
(2.000000,1.476000,0.000000); 12.0035
(2.000000,1.480000,0.000000); 11.9995
(2.000000,1.484000,0.000000); 11.9955
(2.000000,1.488000,0.000000); 11.9915
(2.000000,1.492000,0.000000); 11.9875
(2.000000,1.496000,0.000000); 11.9835
(2.000000,1.500000,0.000000); 11.9795
(2.000000,1.504000,0.000000); 11.9755
(2.000000,1.508000,0.000000); 11.9715
(2.000000,1.512000,0.000000); 11.9675
(2.000000,1.516000,0.000000); 11.9635
(2.000000,1.520000,0.000000); 11.9594
(2.000000,1.524000,0.000000); 11.9554
(2.000000,1.528000,0.000000); 11.9514
(2.000000,1.532000,0.000000); 11.9474
(2.000000,1.536000,0.000000); 11.9434
(2.000000,1.540000,0.000000); 11.9394
(2.000000,1.544000,0.000000); 11.9354
(2.000000,1.548000,0.000000); 11.9314
(2.000000,1.552000,0.000000); 11.9274
(2.000000,1.556000,0.000000); 11.9234
(2.000000,1.560000,0.000000); 11.9194
(2.000000,1.564000,0.000000); 11.9153
(2.000000,1.568000,0.000000); 11.9113
(2.000000,1.572000,0.000000); 11.9073
(2.000000,1.576000,0.000000); 11.9033
(2.000000,1.580000,0.000000); 11.8993
(2.000000,1.584000,0.000000); 11.8953
(2.000000,1.588000,0.000000); 11.8913
(2.000000,1.592000,0.000000); 11.8873
(2.000000,1.596000,0.000000); 11.8833
(2.000000,1.600000,0.000000); 11.8793
(2.000000,1.604000,0.000000); 11.8753
(2.000000,1.608000,0.000000); 11.8712
(2.000000,1.612000,0.000000); 11.8672
(2.000000,1.616000,0.000000); 11.8632
(2.000000,1.620000,0.000000); 11.8592
(2.000000,1.624000,0.000000); 11.8552
(2.000000,1.628000,0.000000); 11.8512
(2.000000,1.632000,0.000000); 11.8472
(2.000000,1.636000,0.000000); 11.8432
(2.000000,1.640000,0.000000); 11.8392
(2.000000,1.644000,0.000000); 11.8352
(2.000000,1.648000,0.000000); 11.8312
(2.000000,1.652000,0.000000); 11.8271
(2.000000,1.656000,0.000000); 11.8231
(2.000000,1.660000,0.000000); 11.8191
(2.000000,1.664000,0.000000); 11.8151
(2.000000,1.668000,0.000000); 11.8111
(2.000000,1.672000,0.000000); 11.8071
(2.000000,1.676000,0.000000); 11.8031
(2.000000,1.680000,0.000000); 11.7991
(2.000000,1.684000,0.000000); 11.7951
(2.000000,1.688000,0.000000); 11.7911
(2.000000,1.692000,0.000000); 11.7871
(2.000000,1.696000,0.000000); 11.783
(2.000000,1.700000,0.000000); 11.779
(2.000000,1.704000,0.000000); 11.775
(2.000000,1.708000,0.000000); 11.771
(2.000000,1.712000,0.000000); 11.767
(2.000000,1.716000,0.000000); 11.763
(2.000000,1.720000,0.000000); 11.759
(2.000000,1.724000,0.000000); 11.755
(2.000000,1.728000,0.000000); 11.751
(2.000000,1.732000,0.000000); 11.747
(2.000000,1.736000,0.000000); 11.743
(2.000000,1.740000,0.000000); 11.7389
(2.000000,1.744000,0.000000); 11.7349
(2.000000,1.748000,0.000000); 11.7309
(2.000000,1.752000,0.000000); 11.7269
(2.000000,1.756000,0.000000); 11.7229
(2.000000,1.760000,0.000000); 11.7189
(2.000000,1.764000,0.000000); 11.7149
(2.000000,1.768000,0.000000); 11.7109
(2.000000,1.772000,0.000000); 11.7069
(2.000000,1.776000,0.000000); 11.7029
(2.000000,1.780000,0.000000); 11.6989
(2.000000,1.784000,0.000000); 11.6948
(2.000000,1.788000,0.000000); 11.6908
(2.000000,1.792000,0.000000); 11.6868
(2.000000,1.796000,0.000000); 11.6828
(2.000000,1.800000,0.000000); 11.6788
(2.000000,1.804000,0.000000); 11.6748
(2.000000,1.808000,0.000000); 11.6708
(2.000000,1.812000,0.000000); 11.6668
(2.000000,1.816000,0.000000); 11.6628
(2.000000,1.820000,0.000000); 11.6588
(2.000000,1.824000,0.000000); 11.6548
(2.000000,1.828000,0.000000); 11.6507
(2.000000,1.832000,0.000000); 11.6467
(2.000000,1.836000,0.000000); 11.6427
(2.000000,1.840000,0.000000); 11.6387
(2.000000,1.844000,0.000000); 11.6347
(2.000000,1.848000,0.000000); 11.6307
(2.000000,1.852000,0.000000); 11.6267
(2.000000,1.856000,0.000000); 11.6227
(2.000000,1.860000,0.000000); 11.6187
(2.000000,1.864000,0.000000); 11.6147
(2.000000,1.868000,0.000000); 11.6107
(2.000000,1.872000,0.000000); 11.6067
(2.000000,1.876000,0.000000); 11.6026
(2.000000,1.880000,0.000000); 11.5986
(2.000000,1.884000,0.000000); 11.5946
(2.000000,1.888000,0.000000); 11.5906
(2.000000,1.892000,0.000000); 11.5866
(2.000000,1.896000,0.000000); 11.5826
(2.000000,1.900000,0.000000); 11.5786
(2.000000,1.904000,0.000000); 11.5746
(2.000000,1.908000,0.000000); 11.5706
(2.000000,1.912000,0.000000); 11.5666
(2.000000,1.916000,0.000000); 11.5626
(2.000000,1.920000,0.000000); 11.5585
(2.000000,1.924000,0.000000); 11.5545
(2.000000,1.928000,0.000000); 11.5505
(2.000000,1.932000,0.000000); 11.5465
(2.000000,1.936000,0.000000); 11.5425
(2.000000,1.940000,0.000000); 11.5385
(2.000000,1.944000,0.000000); 11.5345
(2.000000,1.948000,0.000000); 11.5305
(2.000000,1.952000,0.000000); 11.5265
(2.000000,1.956000,0.000000); 11.5225
(2.000000,1.960000,0.000000); 11.5185
(2.000000,1.964000,0.000000); 11.5144
(2.000000,1.968000,0.000000); 11.5104
(2.000000,1.972000,0.000000); 11.5064
(2.000000,1.976000,0.000000); 11.5024
(2.000000,1.980000,0.000000); 11.4984
(2.000000,1.984000,0.000000); 11.4944
(2.000000,1.988000,0.000000); 11.4904
(2.000000,1.992000,0.000000); 11.4864
(2.000000,1.996000,0.000000); 11.4824
(2.000000,2.000000,0.000000); 11.4784
(2.000000,2.004000,0.000000); 11.4744
(2.000000,2.008000,0.000000); 11.4703
(2.000000,2.012000,0.000000); 11.4663
(2.000000,2.016000,0.000000); 11.4623
(2.000000,2.020000,0.000000); 11.4583
(2.000000,2.024000,0.000000); 11.4543
(2.000000,2.028000,0.000000); 11.4503
(2.000000,2.032000,0.000000); 11.4463
(2.000000,2.036000,0.000000); 11.4423
(2.000000,2.040000,0.000000); 11.4383
(2.000000,2.044000,0.000000); 11.4343
(2.000000,2.048000,0.000000); 11.4303
(2.000000,2.052000,0.000000); 11.4262
(2.000000,2.056000,0.000000); 11.4222
(2.000000,2.060000,0.000000); 11.4182
(2.000000,2.064000,0.000000); 11.4142
(2.000000,2.068000,0.000000); 11.4102
(2.000000,2.072000,0.000000); 11.4062
(2.000000,2.076000,0.000000); 11.4022
(2.000000,2.080000,0.000000); 11.3982
(2.000000,2.084000,0.000000); 11.3942
(2.000000,2.088000,0.000000); 11.3902
(2.000000,2.092000,0.000000); 11.3862
(2.000000,2.096000,0.000000); 11.3821
(2.000000,2.100000,0.000000); 11.3781
(2.000000,2.104000,0.000000); 11.3741
(2.000000,2.108000,0.000000); 11.3701
(2.000000,2.112000,0.000000); 11.3661
(2.000000,2.116000,0.000000); 11.3621
(2.000000,2.120000,0.000000); 11.3581
(2.000000,2.124000,0.000000); 11.3541
(2.000000,2.128000,0.000000); 11.3501
(2.000000,2.132000,0.000000); 11.3461
(2.000000,2.136000,0.000000); 11.3421
(2.000000,2.140000,0.000000); 11.338
(2.000000,2.144000,0.000000); 11.334
(2.000000,2.148000,0.000000); 11.33
(2.000000,2.152000,0.000000); 11.326
(2.000000,2.156000,0.000000); 11.322
(2.000000,2.160000,0.000000); 11.318
(2.000000,2.164000,0.000000); 11.314
(2.000000,2.168000,0.000000); 11.31
(2.000000,2.172000,0.000000); 11.306
(2.000000,2.176000,0.000000); 11.302
(2.000000,2.180000,0.000000); 11.298
(2.000000,2.184000,0.000000); 11.294
(2.000000,2.188000,0.000000); 11.2899
(2.000000,2.192000,0.000000); 11.2859
(2.000000,2.196000,0.000000); 11.2819
(2.000000,2.200000,0.000000); 11.2779
(2.000000,2.204000,0.000000); 11.2739
(2.000000,2.208000,0.000000); 11.2699
(2.000000,2.212000,0.000000); 11.2659
(2.000000,2.216000,0.000000); 11.2619
(2.000000,2.220000,0.000000); 11.2579
(2.000000,2.224000,0.000000); 11.2539
(2.000000,2.228000,0.000000); 11.2499
(2.000000,2.232000,0.000000); 11.2458
(2.000000,2.236000,0.000000); 11.2418
(2.000000,2.240000,0.000000); 11.2378
(2.000000,2.244000,0.000000); 11.2338
(2.000000,2.248000,0.000000); 11.2298
(2.000000,2.252000,0.000000); 11.2258
(2.000000,2.256000,0.000000); 11.2218
(2.000000,2.260000,0.000000); 11.2178
(2.000000,2.264000,0.000000); 11.2138
(2.000000,2.268000,0.000000); 11.2098
(2.000000,2.272000,0.000000); 11.2058
(2.000000,2.276000,0.000000); 11.2017
(2.000000,2.280000,0.000000); 11.1977
(2.000000,2.284000,0.000000); 11.1937
(2.000000,2.288000,0.000000); 11.1897
(2.000000,2.292000,0.000000); 11.1857
(2.000000,2.296000,0.000000); 11.1817
(2.000000,2.300000,0.000000); 11.1777
(2.000000,2.304000,0.000000); 11.1737
(2.000000,2.308000,0.000000); 11.1697
(2.000000,2.312000,0.000000); 11.1657
(2.000000,2.316000,0.000000); 11.1617
(2.000000,2.320000,0.000000); 11.1577
(2.000000,2.324000,0.000000); 11.1536
(2.000000,2.328000,0.000000); 11.1496
(2.000000,2.332000,0.000000); 11.1456
(2.000000,2.336000,0.000000); 11.1416
(2.000000,2.340000,0.000000); 11.1376
(2.000000,2.344000,0.000000); 11.1336
(2.000000,2.348000,0.000000); 11.1296
(2.000000,2.352000,0.000000); 11.1256
(2.000000,2.356000,0.000000); 11.1216
(2.000000,2.360000,0.000000); 11.1176
(2.000000,2.364000,0.000000); 11.1136
(2.000000,2.368000,0.000000); 11.1095
(2.000000,2.372000,0.000000); 11.1055
(2.000000,2.376000,0.000000); 11.1015
(2.000000,2.380000,0.000000); 11.0975
(2.000000,2.384000,0.000000); 11.0935
(2.000000,2.388000,0.000000); 11.0895
(2.000000,2.392000,0.000000); 11.0855
(2.000000,2.396000,0.000000); 11.0815
(2.000000,2.400000,0.000000); 11.0775
(2.000000,2.404000,0.000000); 11.0735
(2.000000,2.408000,0.000000); 11.0695
(2.000000,2.412000,0.000000); 11.0654
(2.000000,2.416000,0.000000); 11.0614
(2.000000,2.420000,0.000000); 11.0574
(2.000000,2.424000,0.000000); 11.0534
(2.000000,2.428000,0.000000); 11.0494
(2.000000,2.432000,0.000000); 11.0454
(2.000000,2.436000,0.000000); 11.0414
(2.000000,2.440000,0.000000); 11.0374
(2.000000,2.444000,0.000000); 11.0334
(2.000000,2.448000,0.000000); 11.0294
(2.000000,2.452000,0.000000); 11.0254
(2.000000,2.456000,0.000000); 11.0214
(2.000000,2.460000,0.000000); 11.0173
(2.000000,2.464000,0.000000); 11.0133
(2.000000,2.468000,0.000000); 11.0093
(2.000000,2.472000,0.000000); 11.0053
(2.000000,2.476000,0.000000); 11.0013
(2.000000,2.480000,0.000000); 10.9973
(2.000000,2.484000,0.000000); 10.9933
(2.000000,2.488000,0.000000); 10.9893
(2.000000,2.492000,0.000000); 10.9853
(2.000000,2.496000,0.000000); 10.9813
(2.000000,2.500000,0.000000); 10.9773
(2.000000,2.504000,0.000000); 10.9732
(2.000000,2.508000,0.000000); 10.9692
(2.000000,2.512000,0.000000); 10.9652
(2.000000,2.516000,0.000000); 10.9612
(2.000000,2.520000,0.000000); 10.9572
(2.000000,2.524000,0.000000); 10.9532
(2.000000,2.528000,0.000000); 10.9492
(2.000000,2.532000,0.000000); 10.9452
(2.000000,2.536000,0.000000); 10.9412
(2.000000,2.540000,0.000000); 10.9372
(2.000000,2.544000,0.000000); 10.9332
(2.000000,2.548000,0.000000); 10.9292
(2.000000,2.552000,0.000000); 10.9251
(2.000000,2.556000,0.000000); 10.9211
(2.000000,2.560000,0.000000); 10.9171
(2.000000,2.564000,0.000000); 10.9131
(2.000000,2.568000,0.000000); 10.9091
(2.000000,2.572000,0.000000); 10.9051
(2.000000,2.576000,0.000000); 10.9011
(2.000000,2.580000,0.000000); 10.8971
(2.000000,2.584000,0.000000); 10.8931
(2.000000,2.588000,0.000000); 10.8891
(2.000000,2.592000,0.000000); 10.8851
(2.000000,2.596000,0.000000); 10.881
(2.000000,2.600000,0.000000); 10.877
(2.000000,2.604000,0.000000); 10.873
(2.000000,2.608000,0.000000); 10.869
(2.000000,2.612000,0.000000); 10.865
(2.000000,2.616000,0.000000); 10.861
(2.000000,2.620000,0.000000); 10.857
(2.000000,2.624000,0.000000); 10.853
(2.000000,2.628000,0.000000); 10.849
(2.000000,2.632000,0.000000); 10.845
(2.000000,2.636000,0.000000); 10.841
(2.000000,2.640000,0.000000); 10.837
(2.000000,2.644000,0.000000); 10.8329
(2.000000,2.648000,0.000000); 10.8289
(2.000000,2.652000,0.000000); 10.8249
(2.000000,2.656000,0.000000); 10.8209
(2.000000,2.660000,0.000000); 10.8169
(2.000000,2.664000,0.000000); 10.8129
(2.000000,2.668000,0.000000); 10.8089
(2.000000,2.672000,0.000000); 10.8049
(2.000000,2.676000,0.000000); 10.8009
(2.000000,2.680000,0.000000); 10.7969
(2.000000,2.684000,0.000000); 10.7929
(2.000000,2.688000,0.000000); 10.7889
(2.000000,2.692000,0.000000); 10.7848
(2.000000,2.696000,0.000000); 10.7808
(2.000000,2.700000,0.000000); 10.7768
(2.000000,2.704000,0.000000); 10.7728
(2.000000,2.708000,0.000000); 10.7688
(2.000000,2.712000,0.000000); 10.7648
(2.000000,2.716000,0.000000); 10.7608
(2.000000,2.720000,0.000000); 10.7568
(2.000000,2.724000,0.000000); 10.7528
(2.000000,2.728000,0.000000); 10.7488
(2.000000,2.732000,0.000000); 10.7448
(2.000000,2.736000,0.000000); 10.7407
(2.000000,2.740000,0.000000); 10.7367
(2.000000,2.744000,0.000000); 10.7327
(2.000000,2.748000,0.000000); 10.7287
(2.000000,2.752000,0.000000); 10.7247
(2.000000,2.756000,0.000000); 10.7207
(2.000000,2.760000,0.000000); 10.7167
(2.000000,2.764000,0.000000); 10.7127
(2.000000,2.768000,0.000000); 10.7087
(2.000000,2.772000,0.000000); 10.7047
(2.000000,2.776000,0.000000); 10.7007
(2.000000,2.780000,0.000000); 10.6967
(2.000000,2.784000,0.000000); 10.6926
(2.000000,2.788000,0.000000); 10.6886
(2.000000,2.792000,0.000000); 10.6846
(2.000000,2.796000,0.000000); 10.6806
(2.000000,2.800000,0.000000); 10.6766
(2.000000,2.804000,0.000000); 10.6726
(2.000000,2.808000,0.000000); 10.6686
(2.000000,2.812000,0.000000); 10.6646
(2.000000,2.816000,0.000000); 10.6606
(2.000000,2.820000,0.000000); 10.6566
(2.000000,2.824000,0.000000); 10.6526
(2.000000,2.828000,0.000000); 10.6486
(2.000000,2.832000,0.000000); 10.6445
(2.000000,2.836000,0.000000); 10.6405
(2.000000,2.840000,0.000000); 10.6365
(2.000000,2.844000,0.000000); 10.6325
(2.000000,2.848000,0.000000); 10.6285
(2.000000,2.852000,0.000000); 10.6245
(2.000000,2.856000,0.000000); 10.6205
(2.000000,2.860000,0.000000); 10.6165
(2.000000,2.864000,0.000000); 10.6125
(2.000000,2.868000,0.000000); 10.6085
(2.000000,2.872000,0.000000); 10.6045
(2.000000,2.876000,0.000000); 10.6005
(2.000000,2.880000,0.000000); 10.5964
(2.000000,2.884000,0.000000); 10.5924
(2.000000,2.888000,0.000000); 10.5884
(2.000000,2.892000,0.000000); 10.5844
(2.000000,2.896000,0.000000); 10.5804
(2.000000,2.900000,0.000000); 10.5764
(2.000000,2.904000,0.000000); 10.5724
(2.000000,2.908000,0.000000); 10.5684
(2.000000,2.912000,0.000000); 10.5644
(2.000000,2.916000,0.000000); 10.5604
(2.000000,2.920000,0.000000); 10.5564
(2.000000,2.924000,0.000000); 10.5524
(2.000000,2.928000,0.000000); 10.5483
(2.000000,2.932000,0.000000); 10.5443
(2.000000,2.936000,0.000000); 10.5403
(2.000000,2.940000,0.000000); 10.5363
(2.000000,2.944000,0.000000); 10.5323
(2.000000,2.948000,0.000000); 10.5283
(2.000000,2.952000,0.000000); 10.5243
(2.000000,2.956000,0.000000); 10.5203
(2.000000,2.960000,0.000000); 10.5163
(2.000000,2.964000,0.000000); 10.5123
(2.000000,2.968000,0.000000); 10.5083
(2.000000,2.972000,0.000000); 10.5043
(2.000000,2.976000,0.000000); 10.5002
(2.000000,2.980000,0.000000); 10.4962
(2.000000,2.984000,0.000000); 10.4922
(2.000000,2.988000,0.000000); 10.4882
(2.000000,2.992000,0.000000); 10.4842
(2.000000,2.996000,0.000000); 10.4802
(2.000000,3.000000,0.000000); 10.4762
(2.000000,3.004000,0.000000); 10.4722
(2.000000,3.008000,0.000000); 10.4682
(2.000000,3.012000,0.000000); 10.4642
(2.000000,3.016000,0.000000); 10.4602
(2.000000,3.020000,0.000000); 10.4562
(2.000000,3.024000,0.000000); 10.4521
(2.000000,3.028000,0.000000); 10.4481
(2.000000,3.032000,0.000000); 10.4441
(2.000000,3.036000,0.000000); 10.4401
(2.000000,3.040000,0.000000); 10.4361
(2.000000,3.044000,0.000000); 10.4321
(2.000000,3.048000,0.000000); 10.4281
(2.000000,3.052000,0.000000); 10.4241
(2.000000,3.056000,0.000000); 10.4201
(2.000000,3.060000,0.000000); 10.4161
(2.000000,3.064000,0.000000); 10.4121
(2.000000,3.068000,0.000000); 10.4081
(2.000000,3.072000,0.000000); 10.4041
(2.000000,3.076000,0.000000); 10.4001
(2.000000,3.080000,0.000000); 10.3961
(2.000000,3.084000,0.000000); 10.392
(2.000000,3.088000,0.000000); 10.388
(2.000000,3.092000,0.000000); 10.384
(2.000000,3.096000,0.000000); 10.38
(2.000000,3.100000,0.000000); 10.376
(2.000000,3.104000,0.000000); 10.372
(2.000000,3.108000,0.000000); 10.368
(2.000000,3.112000,0.000000); 10.364
(2.000000,3.116000,0.000000); 10.36
(2.000000,3.120000,0.000000); 10.356
(2.000000,3.124000,0.000000); 10.352
(2.000000,3.128000,0.000000); 10.348
(2.000000,3.132000,0.000000); 10.344
(2.000000,3.136000,0.000000); 10.34
(2.000000,3.140000,0.000000); 10.3359
(2.000000,3.144000,0.000000); 10.3319
(2.000000,3.148000,0.000000); 10.3279
(2.000000,3.152000,0.000000); 10.3239
(2.000000,3.156000,0.000000); 10.3199
(2.000000,3.160000,0.000000); 10.3159
(2.000000,3.164000,0.000000); 10.3119
(2.000000,3.168000,0.000000); 10.3079
(2.000000,3.172000,0.000000); 10.3039
(2.000000,3.176000,0.000000); 10.2999
(2.000000,3.180000,0.000000); 10.2958
(2.000000,3.184000,0.000000); 10.2918
(2.000000,3.188000,0.000000); 10.2878
(2.000000,3.192000,0.000000); 10.2838
(2.000000,3.196000,0.000000); 10.2798
(2.000000,3.200000,0.000000); 10.2758
(2.000000,3.204000,0.000000); 10.2718
(2.000000,3.208000,0.000000); 10.2678
(2.000000,3.212000,0.000000); 10.2637
(2.000000,3.216000,0.000000); 10.2597
(2.000000,3.220000,0.000000); 10.2557
(2.000000,3.224000,0.000000); 10.2517
(2.000000,3.228000,0.000000); 10.2477
(2.000000,3.232000,0.000000); 10.2437
(2.000000,3.236000,0.000000); 10.2397
(2.000000,3.240000,0.000000); 10.2357
(2.000000,3.244000,0.000000); 10.2316
(2.000000,3.248000,0.000000); 10.2276
(2.000000,3.252000,0.000000); 10.2236
(2.000000,3.256000,0.000000); 10.2196
(2.000000,3.260000,0.000000); 10.2156
(2.000000,3.264000,0.000000); 10.2116
(2.000000,3.268000,0.000000); 10.2076
(2.000000,3.272000,0.000000); 10.2036
(2.000000,3.276000,0.000000); 10.1996
(2.000000,3.280000,0.000000); 10.1956
(2.000000,3.284000,0.000000); 10.1916
(2.000000,3.288000,0.000000); 10.1876
(2.000000,3.292000,0.000000); 10.1836
(2.000000,3.296000,0.000000); 10.1796
(2.000000,3.300000,0.000000); 10.1756
(2.000000,3.304000,0.000000); 10.1716
(2.000000,3.308000,0.000000); 10.1676
(2.000000,3.312000,0.000000); 10.1636
(2.000000,3.316000,0.000000); 10.1596
(2.000000,3.320000,0.000000); 10.1556
(2.000000,3.324000,0.000000); 10.1516
(2.000000,3.328000,0.000000); 10.1476
(2.000000,3.332000,0.000000); 10.1436
(2.000000,3.336000,0.000000); 10.1396
(2.000000,3.340000,0.000000); 10.1356
(2.000000,3.344000,0.000000); 10.1317
(2.000000,3.348000,0.000000); 10.1277
(2.000000,3.352000,0.000000); 10.1237
(2.000000,3.356000,0.000000); 10.1197
(2.000000,3.360000,0.000000); 10.1157
(2.000000,3.364000,0.000000); 10.1117
(2.000000,3.368000,0.000000); 10.1077
(2.000000,3.372000,0.000000); 10.1037
(2.000000,3.376000,0.000000); 10.0997
(2.000000,3.380000,0.000000); 10.0957
(2.000000,3.384000,0.000000); 10.0917
(2.000000,3.388000,0.000000); 10.0877
(2.000000,3.392000,0.000000); 10.0836
(2.000000,3.396000,0.000000); 10.0796
(2.000000,3.400000,0.000000); 10.0756
(2.000000,3.404000,0.000000); 10.0715
(2.000000,3.408000,0.000000); 10.0675
(2.000000,3.412000,0.000000); 10.0634
(2.000000,3.416000,0.000000); 10.0594
(2.000000,3.420000,0.000000); 10.0553
(2.000000,3.424000,0.000000); 10.0513
(2.000000,3.428000,0.000000); 10.0473
(2.000000,3.432000,0.000000); 10.0432
(2.000000,3.436000,0.000000); 10.0392
(2.000000,3.440000,0.000000); 10.0351
(2.000000,3.444000,0.000000); 10.0311
(2.000000,3.448000,0.000000); 10.027
(2.000000,3.452000,0.000000); 10.023
(2.000000,3.456000,0.000000); 10.0189
(2.000000,3.460000,0.000000); 10.0149
(2.000000,3.464000,0.000000); 10.0109
(2.000000,3.468000,0.000000); 10.0068
(2.000000,3.472000,0.000000); 10.0028
(2.000000,3.476000,0.000000); 9.99873
(2.000000,3.480000,0.000000); 9.99469
(2.000000,3.484000,0.000000); 9.99065
(2.000000,3.488000,0.000000); 9.98661
(2.000000,3.492000,0.000000); 9.98258
(2.000000,3.496000,0.000000); 9.97854
(2.000000,3.500000,0.000000); 9.9745
(2.000000,3.504000,0.000000); 9.97054
(2.000000,3.508000,0.000000); 9.96667
(2.000000,3.512000,0.000000); 9.96279
(2.000000,3.516000,0.000000); 9.95892
(2.000000,3.520000,0.000000); 9.95505
(2.000000,3.524000,0.000000); 9.95119
(2.000000,3.528000,0.000000); 9.94732
(2.000000,3.532000,0.000000); 9.94346
(2.000000,3.536000,0.000000); 9.93959
(2.000000,3.540000,0.000000); 9.93572
(2.000000,3.544000,0.000000); 9.93186
(2.000000,3.548000,0.000000); 9.92799
(2.000000,3.552000,0.000000); 9.92413
(2.000000,3.556000,0.000000); 9.92026
(2.000000,3.560000,0.000000); 9.9164
(2.000000,3.564000,0.000000); 9.91253
(2.000000,3.568000,0.000000); 9.90866
(2.000000,3.572000,0.000000); 9.9048
(2.000000,3.576000,0.000000); 9.90093
(2.000000,3.580000,0.000000); 9.89707
(2.000000,3.584000,0.000000); 9.8932
(2.000000,3.588000,0.000000); 9.88934
(2.000000,3.592000,0.000000); 9.88547
(2.000000,3.596000,0.000000); 9.8816
(2.000000,3.600000,0.000000); 9.87774
(2.000000,3.604000,0.000000); 9.87387
(2.000000,3.608000,0.000000); 9.87001
(2.000000,3.612000,0.000000); 9.86614
(2.000000,3.616000,0.000000); 9.86228
(2.000000,3.620000,0.000000); 9.85841
(2.000000,3.624000,0.000000); 9.85389
(2.000000,3.628000,0.000000); 9.84916
(2.000000,3.632000,0.000000); 9.84443
(2.000000,3.636000,0.000000); 9.8397
(2.000000,3.640000,0.000000); 9.83497
(2.000000,3.644000,0.000000); 9.83024
(2.000000,3.648000,0.000000); 9.8255
(2.000000,3.652000,0.000000); 9.82077
(2.000000,3.656000,0.000000); 9.81604
(2.000000,3.660000,0.000000); 9.81131
(2.000000,3.664000,0.000000); 9.80658
(2.000000,3.668000,0.000000); 9.80185
(2.000000,3.672000,0.000000); 9.79712
(2.000000,3.676000,0.000000); 9.79239
(2.000000,3.680000,0.000000); 9.78765
(2.000000,3.684000,0.000000); 9.78292
(2.000000,3.688000,0.000000); 9.77819
(2.000000,3.692000,0.000000); 9.77346
(2.000000,3.696000,0.000000); 9.76873
(2.000000,3.700000,0.000000); 9.76402
(2.000000,3.704000,0.000000); 9.7593
(2.000000,3.708000,0.000000); 9.75459
(2.000000,3.712000,0.000000); 9.74988
(2.000000,3.716000,0.000000); 9.74539
(2.000000,3.720000,0.000000); 9.74408
(2.000000,3.724000,0.000000); 9.74276
(2.000000,3.728000,0.000000); 9.74144
(2.000000,3.732000,0.000000); 9.74012
(2.000000,3.736000,0.000000); 9.7388
(2.000000,3.740000,0.000000); 9.73748
(2.000000,3.744000,0.000000); 9.73616
(2.000000,3.748000,0.000000); 9.73485
(2.000000,3.752000,0.000000); 9.73362
(2.000000,3.756000,0.000000); 9.73238
(2.000000,3.760000,0.000000); 9.73115
(2.000000,3.764000,0.000000); 9.72992
(2.000000,3.768000,0.000000); 9.72869
(2.000000,3.772000,0.000000); 9.72746
(2.000000,3.776000,0.000000); 9.72622
(2.000000,3.780000,0.000000); 9.72499
(2.000000,3.784000,0.000000); 9.72376
(2.000000,3.788000,0.000000); 9.72253
(2.000000,3.792000,0.000000); 9.7213
(2.000000,3.796000,0.000000); 9.72007
(2.000000,3.800000,0.000000); 9.71883
(2.000000,3.804000,0.000000); 9.7176
(2.000000,3.808000,0.000000); 9.71637
(2.000000,3.812000,0.000000); 9.71018
(2.000000,3.816000,0.000000); 9.69581
(2.000000,3.820000,0.000000); 9.68143
(2.000000,3.824000,0.000000); 9.66706
(2.000000,3.828000,0.000000); 9.65268
(2.000000,3.832000,0.000000); 9.63831
(2.000000,3.836000,0.000000); 9.62393
(2.000000,3.840000,0.000000); 9.60956
(2.000000,3.844000,0.000000); 9.59519
(2.000000,3.848000,0.000000); 9.58081
(2.000000,3.852000,0.000000); 9.56679
(2.000000,3.856000,0.000000); 9.55279
(2.000000,3.860000,0.000000); 9.53878
(2.000000,3.864000,0.000000); 9.52478
(2.000000,3.868000,0.000000); 9.51077
(2.000000,3.872000,0.000000); 9.49677
(2.000000,3.876000,0.000000); 9.48277
(2.000000,3.880000,0.000000); 9.46876
(2.000000,3.884000,0.000000); 9.45476
(2.000000,3.888000,0.000000); 9.44075
(2.000000,3.892000,0.000000); 9.42675
(2.000000,3.896000,0.000000); 9.41275
(2.000000,3.900000,0.000000); 9.39874
(2.000000,3.904000,0.000000); 9.38474
(2.000000,3.908000,0.000000); 9.40402
(2.000000,3.912000,0.000000); 9.43835
(2.000000,3.916000,0.000000); 9.47269
(2.000000,3.920000,0.000000); 9.50702
(2.000000,3.924000,0.000000); 9.54135
(2.000000,3.928000,0.000000); 9.57568
(2.000000,3.932000,0.000000); 9.61002
(2.000000,3.936000,0.000000); 9.64435
(2.000000,3.940000,0.000000); 9.67868
(2.000000,3.944000,0.000000); 9.71302
(2.000000,3.948000,0.000000); 9.74735
(2.000000,3.952000,0.000000); 9.78168
(2.000000,3.956000,0.000000); 9.81602
(2.000000,3.960000,0.000000); 9.85035
(2.000000,3.964000,0.000000); 9.88468
(2.000000,3.968000,0.000000); 9.91902
(2.000000,3.972000,0.000000); 9.95335
(2.000000,3.976000,0.000000); 9.98768
(2.000000,3.980000,0.000000); 10.022
(2.000000,3.984000,0.000000); 10.0563
(2.000000,3.988000,0.000000); 10.0907
(2.000000,3.992000,0.000000); 10.125
(2.000000,3.996000,0.000000); 10.1593
(2.000000,4.000000,0.000000); 10.1937
--
(2.000000,0.000000,0.000000); 11.4829
(2.000000,0.004000,0.000000); 11.4798
(2.000000,0.008000,0.000000); 11.4766
(2.000000,0.012000,0.000000); 11.4735
(2.000000,0.016000,0.000000); 11.4704
(2.000000,0.020000,0.000000); 11.4672
(2.000000,0.024000,0.000000); 11.4641
(2.000000,0.028000,0.000000); 11.4609
(2.000000,0.032000,0.000000); 11.4578
(2.000000,0.036000,0.000000); 11.4547
(2.000000,0.040000,0.000000); 11.4515
(2.000000,0.044000,0.000000); 11.4484
(2.000000,0.048000,0.000000); 11.4452
(2.000000,0.052000,0.000000); 11.4421
(2.000000,0.056000,0.000000); 11.439
(2.000000,0.060000,0.000000); 11.4358
(2.000000,0.064000,0.000000); 11.4327
(2.000000,0.068000,0.000000); 11.4296
(2.000000,0.072000,0.000000); 11.4264
(2.000000,0.076000,0.000000); 11.4233
(2.000000,0.080000,0.000000); 11.4201
(2.000000,0.084000,0.000000); 11.417
(2.000000,0.088000,0.000000); 11.4139
(2.000000,0.092000,0.000000); 11.4107
(2.000000,0.096000,0.000000); 11.4076
(2.000000,0.100000,0.000000); 11.4044
(2.000000,0.104000,0.000000); 11.4013
(2.000000,0.108000,0.000000); 11.3982
(2.000000,0.112000,0.000000); 11.395
(2.000000,0.116000,0.000000); 11.3919
(2.000000,0.120000,0.000000); 11.3887
(2.000000,0.124000,0.000000); 11.3856
(2.000000,0.128000,0.000000); 11.3825
(2.000000,0.132000,0.000000); 11.3793
(2.000000,0.136000,0.000000); 11.3762
(2.000000,0.140000,0.000000); 11.3731
(2.000000,0.144000,0.000000); 11.3699
(2.000000,0.148000,0.000000); 11.3668
(2.000000,0.152000,0.000000); 11.3636
(2.000000,0.156000,0.000000); 11.3605
(2.000000,0.160000,0.000000); 11.3574
(2.000000,0.164000,0.000000); 11.3542
(2.000000,0.168000,0.000000); 11.3511
(2.000000,0.172000,0.000000); 11.3479
(2.000000,0.176000,0.000000); 11.3448
(2.000000,0.180000,0.000000); 11.3417
(2.000000,0.184000,0.000000); 11.3385
(2.000000,0.188000,0.000000); 11.3354
(2.000000,0.192000,0.000000); 11.3323
(2.000000,0.196000,0.000000); 11.3291
(2.000000,0.200000,0.000000); 11.326
(2.000000,0.204000,0.000000); 11.3228
(2.000000,0.208000,0.000000); 11.3197
(2.000000,0.212000,0.000000); 11.3166
(2.000000,0.216000,0.000000); 11.3134
(2.000000,0.220000,0.000000); 11.3103
(2.000000,0.224000,0.000000); 11.3071
(2.000000,0.228000,0.000000); 11.304
(2.000000,0.232000,0.000000); 11.3009
(2.000000,0.236000,0.000000); 11.2977
(2.000000,0.240000,0.000000); 11.2946
(2.000000,0.244000,0.000000); 11.2914
(2.000000,0.248000,0.000000); 11.2883
(2.000000,0.252000,0.000000); 11.2852
(2.000000,0.256000,0.000000); 11.282
(2.000000,0.260000,0.000000); 11.2789
(2.000000,0.264000,0.000000); 11.2758
(2.000000,0.268000,0.000000); 11.2726
(2.000000,0.272000,0.000000); 11.2695
(2.000000,0.276000,0.000000); 11.2663
(2.000000,0.280000,0.000000); 11.2632
(2.000000,0.284000,0.000000); 11.2601
(2.000000,0.288000,0.000000); 11.2569
(2.000000,0.292000,0.000000); 11.2538
(2.000000,0.296000,0.000000); 11.2506
(2.000000,0.300000,0.000000); 11.2475
(2.000000,0.304000,0.000000); 11.2444
(2.000000,0.308000,0.000000); 11.2412
(2.000000,0.312000,0.000000); 11.2381
(2.000000,0.316000,0.000000); 11.235
(2.000000,0.320000,0.000000); 11.2318
(2.000000,0.324000,0.000000); 11.2287
(2.000000,0.328000,0.000000); 11.2255
(2.000000,0.332000,0.000000); 11.2224
(2.000000,0.336000,0.000000); 11.2193
(2.000000,0.340000,0.000000); 11.2161
(2.000000,0.344000,0.000000); 11.213
(2.000000,0.348000,0.000000); 11.2098
(2.000000,0.352000,0.000000); 11.2067
(2.000000,0.356000,0.000000); 11.2036
(2.000000,0.360000,0.000000); 11.2004
(2.000000,0.364000,0.000000); 11.1973
(2.000000,0.368000,0.000000); 11.1941
(2.000000,0.372000,0.000000); 11.191
(2.000000,0.376000,0.000000); 11.1879
(2.000000,0.380000,0.000000); 11.1847
(2.000000,0.384000,0.000000); 11.1816
(2.000000,0.388000,0.000000); 11.1785
(2.000000,0.392000,0.000000); 11.1753
(2.000000,0.396000,0.000000); 11.1722
(2.000000,0.400000,0.000000); 11.169
(2.000000,0.404000,0.000000); 11.1659
(2.000000,0.408000,0.000000); 11.1628
(2.000000,0.412000,0.000000); 11.1596
(2.000000,0.416000,0.000000); 11.1565
(2.000000,0.420000,0.000000); 11.1533
(2.000000,0.424000,0.000000); 11.1502
(2.000000,0.428000,0.000000); 11.1471
(2.000000,0.432000,0.000000); 11.1439
(2.000000,0.436000,0.000000); 11.1408
(2.000000,0.440000,0.000000); 11.1376
(2.000000,0.444000,0.000000); 11.1345
(2.000000,0.448000,0.000000); 11.1314
(2.000000,0.452000,0.000000); 11.1282
(2.000000,0.456000,0.000000); 11.1251
(2.000000,0.460000,0.000000); 11.122
(2.000000,0.464000,0.000000); 11.1188
(2.000000,0.468000,0.000000); 11.1157
(2.000000,0.472000,0.000000); 11.1125
(2.000000,0.476000,0.000000); 11.1094
(2.000000,0.480000,0.000000); 11.1063
(2.000000,0.484000,0.000000); 11.1031
(2.000000,0.488000,0.000000); 11.1
(2.000000,0.492000,0.000000); 11.0968
(2.000000,0.496000,0.000000); 11.0937
(2.000000,0.500000,0.000000); 11.0906
(2.000000,0.504000,0.000000); 11.0874
(2.000000,0.508000,0.000000); 11.0843
(2.000000,0.512000,0.000000); 11.0811
(2.000000,0.516000,0.000000); 11.078
(2.000000,0.520000,0.000000); 11.0749
(2.000000,0.524000,0.000000); 11.0717
(2.000000,0.528000,0.000000); 11.0686
(2.000000,0.532000,0.000000); 11.0655
(2.000000,0.536000,0.000000); 11.0623
(2.000000,0.540000,0.000000); 11.0592
(2.000000,0.544000,0.000000); 11.056
(2.000000,0.548000,0.000000); 11.0529
(2.000000,0.552000,0.000000); 11.0498
(2.000000,0.556000,0.000000); 11.0466
(2.000000,0.560000,0.000000); 11.0435
(2.000000,0.564000,0.000000); 11.0403
(2.000000,0.568000,0.000000); 11.0372
(2.000000,0.572000,0.000000); 11.0341
(2.000000,0.576000,0.000000); 11.0309
(2.000000,0.580000,0.000000); 11.0278
(2.000000,0.584000,0.000000); 11.0246
(2.000000,0.588000,0.000000); 11.0215
(2.000000,0.592000,0.000000); 11.0184
(2.000000,0.596000,0.000000); 11.0152
(2.000000,0.600000,0.000000); 11.0121
(2.000000,0.604000,0.000000); 11.009
(2.000000,0.608000,0.000000); 11.0058
(2.000000,0.612000,0.000000); 11.0027
(2.000000,0.616000,0.000000); 10.9995
(2.000000,0.620000,0.000000); 10.9964
(2.000000,0.624000,0.000000); 10.9933
(2.000000,0.628000,0.000000); 10.9901
(2.000000,0.632000,0.000000); 10.987
(2.000000,0.636000,0.000000); 10.9838
(2.000000,0.640000,0.000000); 10.9807
(2.000000,0.644000,0.000000); 10.9776
(2.000000,0.648000,0.000000); 10.9744
(2.000000,0.652000,0.000000); 10.9713
(2.000000,0.656000,0.000000); 10.9681
(2.000000,0.660000,0.000000); 10.965
(2.000000,0.664000,0.000000); 10.9619
(2.000000,0.668000,0.000000); 10.9587
(2.000000,0.672000,0.000000); 10.9556
(2.000000,0.676000,0.000000); 10.9525
(2.000000,0.680000,0.000000); 10.9493
(2.000000,0.684000,0.000000); 10.9462
(2.000000,0.688000,0.000000); 10.943
(2.000000,0.692000,0.000000); 10.9399
(2.000000,0.696000,0.000000); 10.9368
(2.000000,0.700000,0.000000); 10.9336
(2.000000,0.704000,0.000000); 10.9305
(2.000000,0.708000,0.000000); 10.9273
(2.000000,0.712000,0.000000); 10.9242
(2.000000,0.716000,0.000000); 10.9211
(2.000000,0.720000,0.000000); 10.9179
(2.000000,0.724000,0.000000); 10.9148
(2.000000,0.728000,0.000000); 10.9116
(2.000000,0.732000,0.000000); 10.9085
(2.000000,0.736000,0.000000); 10.9054
(2.000000,0.740000,0.000000); 10.9022
(2.000000,0.744000,0.000000); 10.8991
(2.000000,0.748000,0.000000); 10.896
(2.000000,0.752000,0.000000); 10.8928
(2.000000,0.756000,0.000000); 10.8897
(2.000000,0.760000,0.000000); 10.8865
(2.000000,0.764000,0.000000); 10.8834
(2.000000,0.768000,0.000000); 10.8803
(2.000000,0.772000,0.000000); 10.8771
(2.000000,0.776000,0.000000); 10.874
(2.000000,0.780000,0.000000); 10.8708
(2.000000,0.784000,0.000000); 10.8677
(2.000000,0.788000,0.000000); 10.8646
(2.000000,0.792000,0.000000); 10.8614
(2.000000,0.796000,0.000000); 10.8583
(2.000000,0.800000,0.000000); 10.8551
(2.000000,0.804000,0.000000); 10.852
(2.000000,0.808000,0.000000); 10.8489
(2.000000,0.812000,0.000000); 10.8457
(2.000000,0.816000,0.000000); 10.8426
(2.000000,0.820000,0.000000); 10.8394
(2.000000,0.824000,0.000000); 10.8363
(2.000000,0.828000,0.000000); 10.8332
(2.000000,0.832000,0.000000); 10.83
(2.000000,0.836000,0.000000); 10.8269
(2.000000,0.840000,0.000000); 10.8238
(2.000000,0.844000,0.000000); 10.8206
(2.000000,0.848000,0.000000); 10.8175
(2.000000,0.852000,0.000000); 10.8143
(2.000000,0.856000,0.000000); 10.8112
(2.000000,0.860000,0.000000); 10.8081
(2.000000,0.864000,0.000000); 10.8049
(2.000000,0.868000,0.000000); 10.8018
(2.000000,0.872000,0.000000); 10.7986
(2.000000,0.876000,0.000000); 10.7955
(2.000000,0.880000,0.000000); 10.7924
(2.000000,0.884000,0.000000); 10.7892
(2.000000,0.888000,0.000000); 10.7861
(2.000000,0.892000,0.000000); 10.7829
(2.000000,0.896000,0.000000); 10.7798
(2.000000,0.900000,0.000000); 10.7767
(2.000000,0.904000,0.000000); 10.7735
(2.000000,0.908000,0.000000); 10.7704
(2.000000,0.912000,0.000000); 10.7672
(2.000000,0.916000,0.000000); 10.7641
(2.000000,0.920000,0.000000); 10.761
(2.000000,0.924000,0.000000); 10.7578
(2.000000,0.928000,0.000000); 10.7547
(2.000000,0.932000,0.000000); 10.7516
(2.000000,0.936000,0.000000); 10.7484
(2.000000,0.940000,0.000000); 10.7453
(2.000000,0.944000,0.000000); 10.7421
(2.000000,0.948000,0.000000); 10.739
(2.000000,0.952000,0.000000); 10.7359
(2.000000,0.956000,0.000000); 10.7327
(2.000000,0.960000,0.000000); 10.7296
(2.000000,0.964000,0.000000); 10.7264
(2.000000,0.968000,0.000000); 10.7233
(2.000000,0.972000,0.000000); 10.7202
(2.000000,0.976000,0.000000); 10.717
(2.000000,0.980000,0.000000); 10.7139
(2.000000,0.984000,0.000000); 10.7107
(2.000000,0.988000,0.000000); 10.7076
(2.000000,0.992000,0.000000); 10.7045
(2.000000,0.996000,0.000000); 10.7013
(2.000000,1.000000,0.000000); 10.6982
(2.000000,1.004000,0.000000); 10.695
(2.000000,1.008000,0.000000); 10.6919
(2.000000,1.012000,0.000000); 10.6888
(2.000000,1.016000,0.000000); 10.6856
(2.000000,1.020000,0.000000); 10.6825
(2.000000,1.024000,0.000000); 10.6794
(2.000000,1.028000,0.000000); 10.6762
(2.000000,1.032000,0.000000); 10.6731
(2.000000,1.036000,0.000000); 10.6699
(2.000000,1.040000,0.000000); 10.6668
(2.000000,1.044000,0.000000); 10.6637
(2.000000,1.048000,0.000000); 10.6605
(2.000000,1.052000,0.000000); 10.6574
(2.000000,1.056000,0.000000); 10.6542
(2.000000,1.060000,0.000000); 10.6511
(2.000000,1.064000,0.000000); 10.648
(2.000000,1.068000,0.000000); 10.6448
(2.000000,1.072000,0.000000); 10.6417
(2.000000,1.076000,0.000000); 10.6385
(2.000000,1.080000,0.000000); 10.6354
(2.000000,1.084000,0.000000); 10.6323
(2.000000,1.088000,0.000000); 10.6291
(2.000000,1.092000,0.000000); 10.626
(2.000000,1.096000,0.000000); 10.6228
(2.000000,1.100000,0.000000); 10.6197
(2.000000,1.104000,0.000000); 10.6166
(2.000000,1.108000,0.000000); 10.6134
(2.000000,1.112000,0.000000); 10.6103
(2.000000,1.116000,0.000000); 10.6071
(2.000000,1.120000,0.000000); 10.604
(2.000000,1.124000,0.000000); 10.6009
(2.000000,1.128000,0.000000); 10.5977
(2.000000,1.132000,0.000000); 10.5946
(2.000000,1.136000,0.000000); 10.5914
(2.000000,1.140000,0.000000); 10.5883
(2.000000,1.144000,0.000000); 10.5852
(2.000000,1.148000,0.000000); 10.582
(2.000000,1.152000,0.000000); 10.5789
(2.000000,1.156000,0.000000); 10.5758
(2.000000,1.160000,0.000000); 10.5726
(2.000000,1.164000,0.000000); 10.5695
(2.000000,1.168000,0.000000); 10.5663
(2.000000,1.172000,0.000000); 10.5632
(2.000000,1.176000,0.000000); 10.5601
(2.000000,1.180000,0.000000); 10.5569
(2.000000,1.184000,0.000000); 10.5538
(2.000000,1.188000,0.000000); 10.5506
(2.000000,1.192000,0.000000); 10.5475
(2.000000,1.196000,0.000000); 10.5444
(2.000000,1.200000,0.000000); 10.5412
(2.000000,1.204000,0.000000); 10.5381
(2.000000,1.208000,0.000000); 10.5349
(2.000000,1.212000,0.000000); 10.5318
(2.000000,1.216000,0.000000); 10.5287
(2.000000,1.220000,0.000000); 10.5255
(2.000000,1.224000,0.000000); 10.5224
(2.000000,1.228000,0.000000); 10.5192
(2.000000,1.232000,0.000000); 10.5161
(2.000000,1.236000,0.000000); 10.513
(2.000000,1.240000,0.000000); 10.5098
(2.000000,1.244000,0.000000); 10.5067
(2.000000,1.248000,0.000000); 10.5035
(2.000000,1.252000,0.000000); 10.5004
(2.000000,1.256000,0.000000); 10.4973
(2.000000,1.260000,0.000000); 10.4941
(2.000000,1.264000,0.000000); 10.491
(2.000000,1.268000,0.000000); 10.4878
(2.000000,1.272000,0.000000); 10.4847
(2.000000,1.276000,0.000000); 10.4816
(2.000000,1.280000,0.000000); 10.4784
(2.000000,1.284000,0.000000); 10.4753
(2.000000,1.288000,0.000000); 10.4721
(2.000000,1.292000,0.000000); 10.469
(2.000000,1.296000,0.000000); 10.4659
(2.000000,1.300000,0.000000); 10.4627
(2.000000,1.304000,0.000000); 10.4596
(2.000000,1.308000,0.000000); 10.4564
(2.000000,1.312000,0.000000); 10.4533
(2.000000,1.316000,0.000000); 10.4502
(2.000000,1.320000,0.000000); 10.447
(2.000000,1.324000,0.000000); 10.4439
(2.000000,1.328000,0.000000); 10.4407
(2.000000,1.332000,0.000000); 10.4376
(2.000000,1.336000,0.000000); 10.4345
(2.000000,1.340000,0.000000); 10.4313
(2.000000,1.344000,0.000000); 10.4282
(2.000000,1.348000,0.000000); 10.425
(2.000000,1.352000,0.000000); 10.4219
(2.000000,1.356000,0.000000); 10.4188
(2.000000,1.360000,0.000000); 10.4156
(2.000000,1.364000,0.000000); 10.4125
(2.000000,1.368000,0.000000); 10.4093
(2.000000,1.372000,0.000000); 10.4062
(2.000000,1.376000,0.000000); 10.4031
(2.000000,1.380000,0.000000); 10.3999
(2.000000,1.384000,0.000000); 10.3968
(2.000000,1.388000,0.000000); 10.3936
(2.000000,1.392000,0.000000); 10.3905
(2.000000,1.396000,0.000000); 10.3874
(2.000000,1.400000,0.000000); 10.3842
(2.000000,1.404000,0.000000); 10.3811
(2.000000,1.408000,0.000000); 10.3779
(2.000000,1.412000,0.000000); 10.3748
(2.000000,1.416000,0.000000); 10.3717
(2.000000,1.420000,0.000000); 10.3685
(2.000000,1.424000,0.000000); 10.3654
(2.000000,1.428000,0.000000); 10.3622
(2.000000,1.432000,0.000000); 10.3591
(2.000000,1.436000,0.000000); 10.356
(2.000000,1.440000,0.000000); 10.3528
(2.000000,1.444000,0.000000); 10.3497
(2.000000,1.448000,0.000000); 10.3465
(2.000000,1.452000,0.000000); 10.3434
(2.000000,1.456000,0.000000); 10.3403
(2.000000,1.460000,0.000000); 10.3371
(2.000000,1.464000,0.000000); 10.334
(2.000000,1.468000,0.000000); 10.3308
(2.000000,1.472000,0.000000); 10.3277
(2.000000,1.476000,0.000000); 10.3246
(2.000000,1.480000,0.000000); 10.3214
(2.000000,1.484000,0.000000); 10.3183
(2.000000,1.488000,0.000000); 10.3151
(2.000000,1.492000,0.000000); 10.312
(2.000000,1.496000,0.000000); 10.3089
(2.000000,1.500000,0.000000); 10.3057
(2.000000,1.504000,0.000000); 10.3026
(2.000000,1.508000,0.000000); 10.2994
(2.000000,1.512000,0.000000); 10.2963
(2.000000,1.516000,0.000000); 10.2932
(2.000000,1.520000,0.000000); 10.29
(2.000000,1.524000,0.000000); 10.2869
(2.000000,1.528000,0.000000); 10.2837
(2.000000,1.532000,0.000000); 10.2806
(2.000000,1.536000,0.000000); 10.2775
(2.000000,1.540000,0.000000); 10.2743
(2.000000,1.544000,0.000000); 10.2712
(2.000000,1.548000,0.000000); 10.268
(2.000000,1.552000,0.000000); 10.2649
(2.000000,1.556000,0.000000); 10.2618
(2.000000,1.560000,0.000000); 10.2586
(2.000000,1.564000,0.000000); 10.2555
(2.000000,1.568000,0.000000); 10.2523
(2.000000,1.572000,0.000000); 10.2492
(2.000000,1.576000,0.000000); 10.2461
(2.000000,1.580000,0.000000); 10.2429
(2.000000,1.584000,0.000000); 10.2398
(2.000000,1.588000,0.000000); 10.2366
(2.000000,1.592000,0.000000); 10.2335
(2.000000,1.596000,0.000000); 10.2304
(2.000000,1.600000,0.000000); 10.2272
(2.000000,1.604000,0.000000); 10.2241
(2.000000,1.608000,0.000000); 10.2209
(2.000000,1.612000,0.000000); 10.2178
(2.000000,1.616000,0.000000); 10.2147
(2.000000,1.620000,0.000000); 10.2115
(2.000000,1.624000,0.000000); 10.2084
(2.000000,1.628000,0.000000); 10.2052
(2.000000,1.632000,0.000000); 10.2021
(2.000000,1.636000,0.000000); 10.1989
(2.000000,1.640000,0.000000); 10.1958
(2.000000,1.644000,0.000000); 10.1927
(2.000000,1.648000,0.000000); 10.1895
(2.000000,1.652000,0.000000); 10.1864
(2.000000,1.656000,0.000000); 10.1832
(2.000000,1.660000,0.000000); 10.1801
(2.000000,1.664000,0.000000); 10.177
(2.000000,1.668000,0.000000); 10.1738
(2.000000,1.672000,0.000000); 10.1707
(2.000000,1.676000,0.000000); 10.1675
(2.000000,1.680000,0.000000); 10.1644
(2.000000,1.684000,0.000000); 10.1613
(2.000000,1.688000,0.000000); 10.1581
(2.000000,1.692000,0.000000); 10.155
(2.000000,1.696000,0.000000); 10.1518
(2.000000,1.700000,0.000000); 10.1487
(2.000000,1.704000,0.000000); 10.1456
(2.000000,1.708000,0.000000); 10.1424
(2.000000,1.712000,0.000000); 10.1393
(2.000000,1.716000,0.000000); 10.1361
(2.000000,1.720000,0.000000); 10.133
(2.000000,1.724000,0.000000); 10.1298
(2.000000,1.728000,0.000000); 10.1267
(2.000000,1.732000,0.000000); 10.1236
(2.000000,1.736000,0.000000); 10.1204
(2.000000,1.740000,0.000000); 10.1173
(2.000000,1.744000,0.000000); 10.1141
(2.000000,1.748000,0.000000); 10.111
(2.000000,1.752000,0.000000); 10.1079
(2.000000,1.756000,0.000000); 10.1047
(2.000000,1.760000,0.000000); 10.1016
(2.000000,1.764000,0.000000); 10.0984
(2.000000,1.768000,0.000000); 10.0953
(2.000000,1.772000,0.000000); 10.0922
(2.000000,1.776000,0.000000); 10.089
(2.000000,1.780000,0.000000); 10.0859
(2.000000,1.784000,0.000000); 10.0827
(2.000000,1.788000,0.000000); 10.0796
(2.000000,1.792000,0.000000); 10.0764
(2.000000,1.796000,0.000000); 10.0733
(2.000000,1.800000,0.000000); 10.0702
(2.000000,1.804000,0.000000); 10.067
(2.000000,1.808000,0.000000); 10.0639
(2.000000,1.812000,0.000000); 10.0607
(2.000000,1.816000,0.000000); 10.0576
(2.000000,1.820000,0.000000); 10.0545
(2.000000,1.824000,0.000000); 10.0513
(2.000000,1.828000,0.000000); 10.0482
(2.000000,1.832000,0.000000); 10.045
(2.000000,1.836000,0.000000); 10.0419
(2.000000,1.840000,0.000000); 10.0387
(2.000000,1.844000,0.000000); 10.0356
(2.000000,1.848000,0.000000); 10.0325
(2.000000,1.852000,0.000000); 10.0293
(2.000000,1.856000,0.000000); 10.0262
(2.000000,1.860000,0.000000); 10.023
(2.000000,1.864000,0.000000); 10.0199
(2.000000,1.868000,0.000000); 10.0168
(2.000000,1.872000,0.000000); 10.0136
(2.000000,1.876000,0.000000); 10.0105
(2.000000,1.880000,0.000000); 10.0073
(2.000000,1.884000,0.000000); 10.0042
(2.000000,1.888000,0.000000); 10.001
(2.000000,1.892000,0.000000); 9.99791
(2.000000,1.896000,0.000000); 9.99476
(2.000000,1.900000,0.000000); 9.99162
(2.000000,1.904000,0.000000); 9.98848
(2.000000,1.908000,0.000000); 9.98534
(2.000000,1.912000,0.000000); 9.9822
(2.000000,1.916000,0.000000); 9.97905
(2.000000,1.920000,0.000000); 9.97591
(2.000000,1.924000,0.000000); 9.97277
(2.000000,1.928000,0.000000); 9.96963
(2.000000,1.932000,0.000000); 9.96648
(2.000000,1.936000,0.000000); 9.96334
(2.000000,1.940000,0.000000); 9.9602
(2.000000,1.944000,0.000000); 9.95706
(2.000000,1.948000,0.000000); 9.95392
(2.000000,1.952000,0.000000); 9.95077
(2.000000,1.956000,0.000000); 9.94763
(2.000000,1.960000,0.000000); 9.94449
(2.000000,1.964000,0.000000); 9.94135
(2.000000,1.968000,0.000000); 9.9382
(2.000000,1.972000,0.000000); 9.93506
(2.000000,1.976000,0.000000); 9.93192
(2.000000,1.980000,0.000000); 9.92878
(2.000000,1.984000,0.000000); 9.92563
(2.000000,1.988000,0.000000); 9.92249
(2.000000,1.992000,0.000000); 9.91935
(2.000000,1.996000,0.000000); 9.9162
(2.000000,2.000000,0.000000); 9.91306
(2.000000,2.004000,0.000000); 9.90992
(2.000000,2.008000,0.000000); 9.90678
(2.000000,2.012000,0.000000); 9.90363
(2.000000,2.016000,0.000000); 9.90049
(2.000000,2.020000,0.000000); 9.89735
(2.000000,2.024000,0.000000); 9.8942
(2.000000,2.028000,0.000000); 9.89106
(2.000000,2.032000,0.000000); 9.88792
(2.000000,2.036000,0.000000); 9.88478
(2.000000,2.040000,0.000000); 9.88163
(2.000000,2.044000,0.000000); 9.87849
(2.000000,2.048000,0.000000); 9.87535
(2.000000,2.052000,0.000000); 9.8722
(2.000000,2.056000,0.000000); 9.86906
(2.000000,2.060000,0.000000); 9.86592
(2.000000,2.064000,0.000000); 9.86278
(2.000000,2.068000,0.000000); 9.85963
(2.000000,2.072000,0.000000); 9.85649
(2.000000,2.076000,0.000000); 9.85335
(2.000000,2.080000,0.000000); 9.8502
(2.000000,2.084000,0.000000); 9.84706
(2.000000,2.088000,0.000000); 9.84392
(2.000000,2.092000,0.000000); 9.84077
(2.000000,2.096000,0.000000); 9.83763
(2.000000,2.100000,0.000000); 9.83449
(2.000000,2.104000,0.000000); 9.83134
(2.000000,2.108000,0.000000); 9.8282
(2.000000,2.112000,0.000000); 9.82506
(2.000000,2.116000,0.000000); 9.82191
(2.000000,2.120000,0.000000); 9.81877
(2.000000,2.124000,0.000000); 9.81563
(2.000000,2.128000,0.000000); 9.81248
(2.000000,2.132000,0.000000); 9.80934
(2.000000,2.136000,0.000000); 9.80619
(2.000000,2.140000,0.000000); 9.80305
(2.000000,2.144000,0.000000); 9.7999
(2.000000,2.148000,0.000000); 9.79676
(2.000000,2.152000,0.000000); 9.79362
(2.000000,2.156000,0.000000); 9.79047
(2.000000,2.160000,0.000000); 9.78733
(2.000000,2.164000,0.000000); 9.78418
(2.000000,2.168000,0.000000); 9.78104
(2.000000,2.172000,0.000000); 9.77789
(2.000000,2.176000,0.000000); 9.77475
(2.000000,2.180000,0.000000); 9.77161
(2.000000,2.184000,0.000000); 9.76846
(2.000000,2.188000,0.000000); 9.76532
(2.000000,2.192000,0.000000); 9.76217
(2.000000,2.196000,0.000000); 9.75903
(2.000000,2.200000,0.000000); 9.75589
(2.000000,2.204000,0.000000); 9.75274
(2.000000,2.208000,0.000000); 9.7496
(2.000000,2.212000,0.000000); 9.74646
(2.000000,2.216000,0.000000); 9.74331
(2.000000,2.220000,0.000000); 9.74017
(2.000000,2.224000,0.000000); 9.73702
(2.000000,2.228000,0.000000); 9.73388
(2.000000,2.232000,0.000000); 9.73074
(2.000000,2.236000,0.000000); 9.72759
(2.000000,2.240000,0.000000); 9.72445
(2.000000,2.244000,0.000000); 9.72131
(2.000000,2.248000,0.000000); 9.71816
(2.000000,2.252000,0.000000); 9.71502
(2.000000,2.256000,0.000000); 9.71188
(2.000000,2.260000,0.000000); 9.70873
(2.000000,2.264000,0.000000); 9.70558
(2.000000,2.268000,0.000000); 9.70243
(2.000000,2.272000,0.000000); 9.69928
(2.000000,2.276000,0.000000); 9.69614
(2.000000,2.280000,0.000000); 9.69299
(2.000000,2.284000,0.000000); 9.68984
(2.000000,2.288000,0.000000); 9.68669
(2.000000,2.292000,0.000000); 9.68354
(2.000000,2.296000,0.000000); 9.68039
(2.000000,2.300000,0.000000); 9.67724
(2.000000,2.304000,0.000000); 9.67409
(2.000000,2.308000,0.000000); 9.67094
(2.000000,2.312000,0.000000); 9.66779
(2.000000,2.316000,0.000000); 9.66464
(2.000000,2.320000,0.000000); 9.66149
(2.000000,2.324000,0.000000); 9.65834
(2.000000,2.328000,0.000000); 9.65519
(2.000000,2.332000,0.000000); 9.65204
(2.000000,2.336000,0.000000); 9.64889
(2.000000,2.340000,0.000000); 9.64574
(2.000000,2.344000,0.000000); 9.64259
(2.000000,2.348000,0.000000); 9.63944
(2.000000,2.352000,0.000000); 9.63629
(2.000000,2.356000,0.000000); 9.63316
(2.000000,2.360000,0.000000); 9.63002
(2.000000,2.364000,0.000000); 9.62689
(2.000000,2.368000,0.000000); 9.62375
(2.000000,2.372000,0.000000); 9.62062
(2.000000,2.376000,0.000000); 9.61748
(2.000000,2.380000,0.000000); 9.61435
(2.000000,2.384000,0.000000); 9.61122
(2.000000,2.388000,0.000000); 9.60809
(2.000000,2.392000,0.000000); 9.60495
(2.000000,2.396000,0.000000); 9.60182
(2.000000,2.400000,0.000000); 9.59869
(2.000000,2.404000,0.000000); 9.59556
(2.000000,2.408000,0.000000); 9.59242
(2.000000,2.412000,0.000000); 9.58929
(2.000000,2.416000,0.000000); 9.58616
(2.000000,2.420000,0.000000); 9.58303
(2.000000,2.424000,0.000000); 9.5799
(2.000000,2.428000,0.000000); 9.57676
(2.000000,2.432000,0.000000); 9.57363
(2.000000,2.436000,0.000000); 9.5705
(2.000000,2.440000,0.000000); 9.56737
(2.000000,2.444000,0.000000); 9.56424
(2.000000,2.448000,0.000000); 9.56105
(2.000000,2.452000,0.000000); 9.55785
(2.000000,2.456000,0.000000); 9.55464
(2.000000,2.460000,0.000000); 9.55144
(2.000000,2.464000,0.000000); 9.54823
(2.000000,2.468000,0.000000); 9.54503
(2.000000,2.472000,0.000000); 9.54183
(2.000000,2.476000,0.000000); 9.53862
(2.000000,2.480000,0.000000); 9.53542
(2.000000,2.484000,0.000000); 9.53222
(2.000000,2.488000,0.000000); 9.52901
(2.000000,2.492000,0.000000); 9.52581
(2.000000,2.496000,0.000000); 9.5226
(2.000000,2.500000,0.000000); 9.5194
(2.000000,2.504000,0.000000); 9.5162
(2.000000,2.508000,0.000000); 9.513
(2.000000,2.512000,0.000000); 9.50979
(2.000000,2.516000,0.000000); 9.50659
(2.000000,2.520000,0.000000); 9.50339
(2.000000,2.524000,0.000000); 9.50019
(2.000000,2.528000,0.000000); 9.49699
(2.000000,2.532000,0.000000); 9.49378
(2.000000,2.536000,0.000000); 9.49058
(2.000000,2.540000,0.000000); 9.48754
(2.000000,2.544000,0.000000); 9.48459
(2.000000,2.548000,0.000000); 9.48164
(2.000000,2.552000,0.000000); 9.4787
(2.000000,2.556000,0.000000); 9.47575
(2.000000,2.560000,0.000000); 9.4728
(2.000000,2.564000,0.000000); 9.46985
(2.000000,2.568000,0.000000); 9.4669
(2.000000,2.572000,0.000000); 9.46395
(2.000000,2.576000,0.000000); 9.461
(2.000000,2.580000,0.000000); 9.45805
(2.000000,2.584000,0.000000); 9.4551
(2.000000,2.588000,0.000000); 9.45216
(2.000000,2.592000,0.000000); 9.44921
(2.000000,2.596000,0.000000); 9.44626
(2.000000,2.600000,0.000000); 9.44331
(2.000000,2.604000,0.000000); 9.44036
(2.000000,2.608000,0.000000); 9.43741
(2.000000,2.612000,0.000000); 9.43446
(2.000000,2.616000,0.000000); 9.43151
(2.000000,2.620000,0.000000); 9.42856
(2.000000,2.624000,0.000000); 9.42562
(2.000000,2.628000,0.000000); 9.42267
(2.000000,2.632000,0.000000); 9.41936
(2.000000,2.636000,0.000000); 9.41574
(2.000000,2.640000,0.000000); 9.41212
(2.000000,2.644000,0.000000); 9.4085
(2.000000,2.648000,0.000000); 9.40488
(2.000000,2.652000,0.000000); 9.40125
(2.000000,2.656000,0.000000); 9.39763
(2.000000,2.660000,0.000000); 9.39401
(2.000000,2.664000,0.000000); 9.39039
(2.000000,2.668000,0.000000); 9.38677
(2.000000,2.672000,0.000000); 9.38314
(2.000000,2.676000,0.000000); 9.37952
(2.000000,2.680000,0.000000); 9.3759
(2.000000,2.684000,0.000000); 9.37228
(2.000000,2.688000,0.000000); 9.36866
(2.000000,2.692000,0.000000); 9.36504
(2.000000,2.696000,0.000000); 9.36141
(2.000000,2.700000,0.000000); 9.35779
(2.000000,2.704000,0.000000); 9.35417
(2.000000,2.708000,0.000000); 9.35055
(2.000000,2.712000,0.000000); 9.34693
(2.000000,2.716000,0.000000); 9.3433
(2.000000,2.720000,0.000000); 9.33968
(2.000000,2.724000,0.000000); 9.33606
(2.000000,2.728000,0.000000); 9.33244
(2.000000,2.732000,0.000000); 9.32882
(2.000000,2.736000,0.000000); 9.32519
(2.000000,2.740000,0.000000); 9.32157
(2.000000,2.744000,0.000000); 9.31795
(2.000000,2.748000,0.000000); 9.31433
(2.000000,2.752000,0.000000); 9.31071
(2.000000,2.756000,0.000000); 9.30708
(2.000000,2.760000,0.000000); 9.30346
(2.000000,2.764000,0.000000); 9.30187
(2.000000,2.768000,0.000000); 9.30032
(2.000000,2.772000,0.000000); 9.29876
(2.000000,2.776000,0.000000); 9.29721
(2.000000,2.780000,0.000000); 9.29565
(2.000000,2.784000,0.000000); 9.29409
(2.000000,2.788000,0.000000); 9.29254
(2.000000,2.792000,0.000000); 9.29098
(2.000000,2.796000,0.000000); 9.28942
(2.000000,2.800000,0.000000); 9.28787
(2.000000,2.804000,0.000000); 9.28631
(2.000000,2.808000,0.000000); 9.28476
(2.000000,2.812000,0.000000); 9.2832
(2.000000,2.816000,0.000000); 9.28164
(2.000000,2.820000,0.000000); 9.28009
(2.000000,2.824000,0.000000); 9.27853
(2.000000,2.828000,0.000000); 9.27697
(2.000000,2.832000,0.000000); 9.27542
(2.000000,2.836000,0.000000); 9.27386
(2.000000,2.840000,0.000000); 9.27231
(2.000000,2.844000,0.000000); 9.27075
(2.000000,2.848000,0.000000); 9.26919
(2.000000,2.852000,0.000000); 9.26764
(2.000000,2.856000,0.000000); 9.26608
(2.000000,2.860000,0.000000); 9.26453
(2.000000,2.864000,0.000000); 9.26297
(2.000000,2.868000,0.000000); 9.26141
(2.000000,2.872000,0.000000); 9.25986
(2.000000,2.876000,0.000000); 9.25829
(2.000000,2.880000,0.000000); 9.25668
(2.000000,2.884000,0.000000); 9.25508
(2.000000,2.888000,0.000000); 9.25347
(2.000000,2.892000,0.000000); 9.24889
(2.000000,2.896000,0.000000); 9.24058
(2.000000,2.900000,0.000000); 9.23226
(2.000000,2.904000,0.000000); 9.22395
(2.000000,2.908000,0.000000); 9.21557
(2.000000,2.912000,0.000000); 9.20656
(2.000000,2.916000,0.000000); 9.19755
(2.000000,2.920000,0.000000); 9.18854
(2.000000,2.924000,0.000000); 9.17952
(2.000000,2.928000,0.000000); 9.17051
(2.000000,2.932000,0.000000); 9.1615
(2.000000,2.936000,0.000000); 9.15249
(2.000000,2.940000,0.000000); 9.14347
(2.000000,2.944000,0.000000); 9.13446
(2.000000,2.948000,0.000000); 9.12545
(2.000000,2.952000,0.000000); 9.11643
(2.000000,2.956000,0.000000); 9.10742
(2.000000,2.960000,0.000000); 9.09841
(2.000000,2.964000,0.000000); 9.0894
(2.000000,2.968000,0.000000); 9.08038
(2.000000,2.972000,0.000000); 9.07137
(2.000000,2.976000,0.000000); 9.06236
(2.000000,2.980000,0.000000); 9.05334
(2.000000,2.984000,0.000000); 9.04433
(2.000000,2.988000,0.000000); 9.03532
(2.000000,2.992000,0.000000); 9.02631
(2.000000,2.996000,0.000000); 9.01729
(2.000000,3.000000,0.000000); 9.00828
(2.000000,3.004000,0.000000); 8.99927
(2.000000,3.008000,0.000000); 8.99026
(2.000000,3.012000,0.000000); 8.98124
(2.000000,3.016000,0.000000); 8.97223
(2.000000,3.020000,0.000000); 8.96322
(2.000000,3.024000,0.000000); 8.99511
(2.000000,3.028000,0.000000); 9.03142
(2.000000,3.032000,0.000000); 9.06773
(2.000000,3.036000,0.000000); 9.10404
(2.000000,3.040000,0.000000); 9.14035
(2.000000,3.044000,0.000000); 9.17666
(2.000000,3.048000,0.000000); 9.21297
(2.000000,3.052000,0.000000); 9.24928
(2.000000,3.056000,0.000000); 9.28559
(2.000000,3.060000,0.000000); 9.3219
(2.000000,3.064000,0.000000); 9.35821
(2.000000,3.068000,0.000000); 9.39452
(2.000000,3.072000,0.000000); 9.43083
(2.000000,3.076000,0.000000); 9.46713
(2.000000,3.080000,0.000000); 9.50344
(2.000000,3.084000,0.000000); 9.53975
(2.000000,3.088000,0.000000); 9.57606
(2.000000,3.092000,0.000000); 9.61237
(2.000000,3.096000,0.000000); 9.64868
(2.000000,3.100000,0.000000); 9.68499
(2.000000,3.104000,0.000000); 9.7213
(2.000000,3.108000,0.000000); 9.75761
(2.000000,3.112000,0.000000); 9.79392
(2.000000,3.116000,0.000000); 9.83023
(2.000000,3.120000,0.000000); 9.86778
(2.000000,3.124000,0.000000); 9.91449
(2.000000,3.128000,0.000000); 9.9612
(2.000000,3.132000,0.000000); 10.0079
(2.000000,3.136000,0.000000); 10.0546
(2.000000,3.140000,0.000000); 10.1013
(2.000000,3.144000,0.000000); 10.1349
(2.000000,3.148000,0.000000); 10.1373
(2.000000,3.152000,0.000000); 10.1398
(2.000000,3.156000,0.000000); 10.1419
(2.000000,3.160000,0.000000); 10.1427
(2.000000,3.164000,0.000000); 10.1435
(2.000000,3.168000,0.000000); 10.1443
(2.000000,3.172000,0.000000); 10.1451
(2.000000,3.176000,0.000000); 10.146
(2.000000,3.180000,0.000000); 10.1468
(2.000000,3.184000,0.000000); 10.1476
(2.000000,3.188000,0.000000); 10.1484
(2.000000,3.192000,0.000000); 10.1492
(2.000000,3.196000,0.000000); 10.15
(2.000000,3.200000,0.000000); 10.1508
(2.000000,3.204000,0.000000); 10.1516
(2.000000,3.208000,0.000000); 10.1525
(2.000000,3.212000,0.000000); 10.1533
(2.000000,3.216000,0.000000); 10.1541
(2.000000,3.220000,0.000000); 10.1549
(2.000000,3.224000,0.000000); 10.1557
(2.000000,3.228000,0.000000); 10.1566
(2.000000,3.232000,0.000000); 10.1574
(2.000000,3.236000,0.000000); 10.1582
(2.000000,3.240000,0.000000); 10.159
(2.000000,3.244000,0.000000); 10.1599
(2.000000,3.248000,0.000000); 10.1607
(2.000000,3.252000,0.000000); 10.1615
(2.000000,3.256000,0.000000); 10.1623
(2.000000,3.260000,0.000000); 10.1632
(2.000000,3.264000,0.000000); 10.164
(2.000000,3.268000,0.000000); 10.1644
(2.000000,3.272000,0.000000); 10.1647
(2.000000,3.276000,0.000000); 10.165
(2.000000,3.280000,0.000000); 10.1653
(2.000000,3.284000,0.000000); 10.1656
(2.000000,3.288000,0.000000); 10.1659
(2.000000,3.292000,0.000000); 10.1662
(2.000000,3.296000,0.000000); 10.1665
(2.000000,3.300000,0.000000); 10.1668
(2.000000,3.304000,0.000000); 10.1671
(2.000000,3.308000,0.000000); 10.1674
(2.000000,3.312000,0.000000); 10.1677
(2.000000,3.316000,0.000000); 10.168
(2.000000,3.320000,0.000000); 10.1683
(2.000000,3.324000,0.000000); 10.1686
(2.000000,3.328000,0.000000); 10.1689
(2.000000,3.332000,0.000000); 10.1692
(2.000000,3.336000,0.000000); 10.1695
(2.000000,3.340000,0.000000); 10.1698
(2.000000,3.344000,0.000000); 10.1702
(2.000000,3.348000,0.000000); 10.1705
(2.000000,3.352000,0.000000); 10.1708
(2.000000,3.356000,0.000000); 10.1711
(2.000000,3.360000,0.000000); 10.1714
(2.000000,3.364000,0.000000); 10.1717
(2.000000,3.368000,0.000000); 10.172
(2.000000,3.372000,0.000000); 10.1723
(2.000000,3.376000,0.000000); 10.1726
(2.000000,3.380000,0.000000); 10.173
(2.000000,3.384000,0.000000); 10.1733
(2.000000,3.388000,0.000000); 10.1734
(2.000000,3.392000,0.000000); 10.1736
(2.000000,3.396000,0.000000); 10.1738
(2.000000,3.400000,0.000000); 10.174
(2.000000,3.404000,0.000000); 10.1742
(2.000000,3.408000,0.000000); 10.1744
(2.000000,3.412000,0.000000); 10.1746
(2.000000,3.416000,0.000000); 10.1748
(2.000000,3.420000,0.000000); 10.175
(2.000000,3.424000,0.000000); 10.1752
(2.000000,3.428000,0.000000); 10.1754
(2.000000,3.432000,0.000000); 10.1756
(2.000000,3.436000,0.000000); 10.1758
(2.000000,3.440000,0.000000); 10.1759
(2.000000,3.444000,0.000000); 10.1761
(2.000000,3.448000,0.000000); 10.1763
(2.000000,3.452000,0.000000); 10.1765
(2.000000,3.456000,0.000000); 10.1767
(2.000000,3.460000,0.000000); 10.1769
(2.000000,3.464000,0.000000); 10.1771
(2.000000,3.468000,0.000000); 10.1773
(2.000000,3.472000,0.000000); 10.1775
(2.000000,3.476000,0.000000); 10.1777
(2.000000,3.480000,0.000000); 10.1779
(2.000000,3.484000,0.000000); 10.1781
(2.000000,3.488000,0.000000); 10.1782
(2.000000,3.492000,0.000000); 10.1784
(2.000000,3.496000,0.000000); 10.1786
(2.000000,3.500000,0.000000); 10.1788
(2.000000,3.504000,0.000000); 10.179
(2.000000,3.508000,0.000000); 10.1791
(2.000000,3.512000,0.000000); 10.1793
(2.000000,3.516000,0.000000); 10.1794
(2.000000,3.520000,0.000000); 10.1796
(2.000000,3.524000,0.000000); 10.1797
(2.000000,3.528000,0.000000); 10.1799
(2.000000,3.532000,0.000000); 10.18
(2.000000,3.536000,0.000000); 10.1802
(2.000000,3.540000,0.000000); 10.1803
(2.000000,3.544000,0.000000); 10.1805
(2.000000,3.548000,0.000000); 10.1806
(2.000000,3.552000,0.000000); 10.1808
(2.000000,3.556000,0.000000); 10.1809
(2.000000,3.560000,0.000000); 10.1811
(2.000000,3.564000,0.000000); 10.1812
(2.000000,3.568000,0.000000); 10.1814
(2.000000,3.572000,0.000000); 10.1815
(2.000000,3.576000,0.000000); 10.1817
(2.000000,3.580000,0.000000); 10.1818
(2.000000,3.584000,0.000000); 10.182
(2.000000,3.588000,0.000000); 10.1821
(2.000000,3.592000,0.000000); 10.1823
(2.000000,3.596000,0.000000); 10.1824
(2.000000,3.600000,0.000000); 10.1826
(2.000000,3.604000,0.000000); 10.1827
(2.000000,3.608000,0.000000); 10.1829
(2.000000,3.612000,0.000000); 10.183
(2.000000,3.616000,0.000000); 10.1832
(2.000000,3.620000,0.000000); 10.1833
(2.000000,3.624000,0.000000); 10.1834
(2.000000,3.628000,0.000000); 10.1836
(2.000000,3.632000,0.000000); 10.1837
(2.000000,3.636000,0.000000); 10.1838
(2.000000,3.640000,0.000000); 10.184
(2.000000,3.644000,0.000000); 10.1841
(2.000000,3.648000,0.000000); 10.1842
(2.000000,3.652000,0.000000); 10.1843
(2.000000,3.656000,0.000000); 10.1845
(2.000000,3.660000,0.000000); 10.1846
(2.000000,3.664000,0.000000); 10.1847
(2.000000,3.668000,0.000000); 10.1849
(2.000000,3.672000,0.000000); 10.185
(2.000000,3.676000,0.000000); 10.1851
(2.000000,3.680000,0.000000); 10.1852
(2.000000,3.684000,0.000000); 10.1854
(2.000000,3.688000,0.000000); 10.1855
(2.000000,3.692000,0.000000); 10.1856
(2.000000,3.696000,0.000000); 10.1858
(2.000000,3.700000,0.000000); 10.1859
(2.000000,3.704000,0.000000); 10.186
(2.000000,3.708000,0.000000); 10.1861
(2.000000,3.712000,0.000000); 10.1863
(2.000000,3.716000,0.000000); 10.1864
(2.000000,3.720000,0.000000); 10.1865
(2.000000,3.724000,0.000000); 10.1866
(2.000000,3.728000,0.000000); 10.1867
(2.000000,3.732000,0.000000); 10.1869
(2.000000,3.736000,0.000000); 10.187
(2.000000,3.740000,0.000000); 10.1871
(2.000000,3.744000,0.000000); 10.1872
(2.000000,3.748000,0.000000); 10.1873
(2.000000,3.752000,0.000000); 10.1874
(2.000000,3.756000,0.000000); 10.1875
(2.000000,3.760000,0.000000); 10.1877
(2.000000,3.764000,0.000000); 10.1878
(2.000000,3.768000,0.000000); 10.1879
(2.000000,3.772000,0.000000); 10.188
(2.000000,3.776000,0.000000); 10.1881
(2.000000,3.780000,0.000000); 10.1882
(2.000000,3.784000,0.000000); 10.1884
(2.000000,3.788000,0.000000); 10.1885
(2.000000,3.792000,0.000000); 10.1886
(2.000000,3.796000,0.000000); 10.1887
(2.000000,3.800000,0.000000); 10.1888
(2.000000,3.804000,0.000000); 10.1889
(2.000000,3.808000,0.000000); 10.189
(2.000000,3.812000,0.000000); 10.1892
(2.000000,3.816000,0.000000); 10.1893
(2.000000,3.820000,0.000000); 10.1894
(2.000000,3.824000,0.000000); 10.1895
(2.000000,3.828000,0.000000); 10.1896
(2.000000,3.832000,0.000000); 10.1897
(2.000000,3.836000,0.000000); 10.1898
(2.000000,3.840000,0.000000); 10.1899
(2.000000,3.844000,0.000000); 10.19
(2.000000,3.848000,0.000000); 10.1901
(2.000000,3.852000,0.000000); 10.1902
(2.000000,3.856000,0.000000); 10.1903
(2.000000,3.860000,0.000000); 10.1904
(2.000000,3.864000,0.000000); 10.1905
(2.000000,3.868000,0.000000); 10.1906
(2.000000,3.872000,0.000000); 10.1907
(2.000000,3.876000,0.000000); 10.1908
(2.000000,3.880000,0.000000); 10.1909
(2.000000,3.884000,0.000000); 10.191
(2.000000,3.888000,0.000000); 10.1911
(2.000000,3.892000,0.000000); 10.1912
(2.000000,3.896000,0.000000); 10.1913
(2.000000,3.900000,0.000000); 10.1914
(2.000000,3.904000,0.000000); 10.1915
(2.000000,3.908000,0.000000); 10.1916
(2.000000,3.912000,0.000000); 10.1917
(2.000000,3.916000,0.000000); 10.1918
(2.000000,3.920000,0.000000); 10.1919
(2.000000,3.924000,0.000000); 10.192
(2.000000,3.928000,0.000000); 10.1921
(2.000000,3.932000,0.000000); 10.1921
(2.000000,3.936000,0.000000); 10.1922
(2.000000,3.940000,0.000000); 10.1923
(2.000000,3.944000,0.000000); 10.1924
(2.000000,3.948000,0.000000); 10.1925
(2.000000,3.952000,0.000000); 10.1926
(2.000000,3.956000,0.000000); 10.1927
(2.000000,3.960000,0.000000); 10.1928
(2.000000,3.964000,0.000000); 10.1929
(2.000000,3.968000,0.000000); 10.193
(2.000000,3.972000,0.000000); 10.193
(2.000000,3.976000,0.000000); 10.1931
(2.000000,3.980000,0.000000); 10.1932
(2.000000,3.984000,0.000000); 10.1933
(2.000000,3.988000,0.000000); 10.1934
(2.000000,3.992000,0.000000); 10.1935
(2.000000,3.996000,0.000000); 10.1936
(2.000000,4.000000,0.000000); 10.1937
--
