LOGFILE

(2.000000,0.000000,0.000000); 11.4829
(2.000000,0.004000,0.000000); 11.4789
(2.000000,0.008000,0.000000); 11.4749
(2.000000,0.012000,0.000000); 11.4709
(2.000000,0.016000,0.000000); 11.4669
(2.000000,0.020000,0.000000); 11.4629
(2.000000,0.024000,0.000000); 11.4589
(2.000000,0.028000,0.000000); 11.4549
(2.000000,0.032000,0.000000); 11.4509
(2.000000,0.036000,0.000000); 11.4469
(2.000000,0.040000,0.000000); 11.4429
(2.000000,0.044000,0.000000); 11.4389
(2.000000,0.048000,0.000000); 11.4349
(2.000000,0.052000,0.000000); 11.4309
(2.000000,0.056000,0.000000); 11.4269
(2.000000,0.060000,0.000000); 11.4229
(2.000000,0.064000,0.000000); 11.4189
(2.000000,0.068000,0.000000); 11.4149
(2.000000,0.072000,0.000000); 11.4109
(2.000000,0.076000,0.000000); 11.4069
(2.000000,0.080000,0.000000); 11.4029
(2.000000,0.084000,0.000000); 11.3989
(2.000000,0.088000,0.000000); 11.395
(2.000000,0.092000,0.000000); 11.391
(2.000000,0.096000,0.000000); 11.387
(2.000000,0.100000,0.000000); 11.383
(2.000000,0.104000,0.000000); 11.379
(2.000000,0.108000,0.000000); 11.375
(2.000000,0.112000,0.000000); 11.371
(2.000000,0.116000,0.000000); 11.367
(2.000000,0.120000,0.000000); 11.363
(2.000000,0.124000,0.000000); 11.359
(2.000000,0.128000,0.000000); 11.355
(2.000000,0.132000,0.000000); 11.351
(2.000000,0.136000,0.000000); 11.347
(2.000000,0.140000,0.000000); 11.343
(2.000000,0.144000,0.000000); 11.339
(2.000000,0.148000,0.000000); 11.335
(2.000000,0.152000,0.000000); 11.331
(2.000000,0.156000,0.000000); 11.327
(2.000000,0.160000,0.000000); 11.323
(2.000000,0.164000,0.000000); 11.319
(2.000000,0.168000,0.000000); 11.315
(2.000000,0.172000,0.000000); 11.311
(2.000000,0.176000,0.000000); 11.307
(2.000000,0.180000,0.000000); 11.303
(2.000000,0.184000,0.000000); 11.299
(2.000000,0.188000,0.000000); 11.295
(2.000000,0.192000,0.000000); 11.291
(2.000000,0.196000,0.000000); 11.287
(2.000000,0.200000,0.000000); 11.283
(2.000000,0.204000,0.000000); 11.279
(2.000000,0.208000,0.000000); 11.275
(2.000000,0.212000,0.000000); 11.271
(2.000000,0.216000,0.000000); 11.267
(2.000000,0.220000,0.000000); 11.263
(2.000000,0.224000,0.000000); 11.259
(2.000000,0.228000,0.000000); 11.255
(2.000000,0.232000,0.000000); 11.251
(2.000000,0.236000,0.000000); 11.247
(2.000000,0.240000,0.000000); 11.243
(2.000000,0.244000,0.000000); 11.239
(2.000000,0.248000,0.000000); 11.235
(2.000000,0.252000,0.000000); 11.231
(2.000000,0.256000,0.000000); 11.227
(2.000000,0.260000,0.000000); 11.223
(2.000000,0.264000,0.000000); 11.219
(2.000000,0.268000,0.000000); 11.215
(2.000000,0.272000,0.000000); 11.211
(2.000000,0.276000,0.000000); 11.207
(2.000000,0.280000,0.000000); 11.203
(2.000000,0.284000,0.000000); 11.199
(2.000000,0.288000,0.000000); 11.195
(2.000000,0.292000,0.000000); 11.191
(2.000000,0.296000,0.000000); 11.187
(2.000000,0.300000,0.000000); 11.183
(2.000000,0.304000,0.000000); 11.179
(2.000000,0.308000,0.000000); 11.175
(2.000000,0.312000,0.000000); 11.171
(2.000000,0.316000,0.000000); 11.1671
(2.000000,0.320000,0.000000); 11.1631
(2.000000,0.324000,0.000000); 11.1591
(2.000000,0.328000,0.000000); 11.1551
(2.000000,0.332000,0.000000); 11.1511
(2.000000,0.336000,0.000000); 11.1471
(2.000000,0.340000,0.000000); 11.1431
(2.000000,0.344000,0.000000); 11.1391
(2.000000,0.348000,0.000000); 11.1351
(2.000000,0.352000,0.000000); 11.1311
(2.000000,0.356000,0.000000); 11.1271
(2.000000,0.360000,0.000000); 11.1231
(2.000000,0.364000,0.000000); 11.1191
(2.000000,0.368000,0.000000); 11.1151
(2.000000,0.372000,0.000000); 11.1111
(2.000000,0.376000,0.000000); 11.1071
(2.000000,0.380000,0.000000); 11.1031
(2.000000,0.384000,0.000000); 11.0991
(2.000000,0.388000,0.000000); 11.0951
(2.000000,0.392000,0.000000); 11.0911
(2.000000,0.396000,0.000000); 11.0871
(2.000000,0.400000,0.000000); 11.0831
(2.000000,0.404000,0.000000); 11.0791
(2.000000,0.408000,0.000000); 11.0751
(2.000000,0.412000,0.000000); 11.0711
(2.000000,0.416000,0.000000); 11.0671
(2.000000,0.420000,0.000000); 11.0631
(2.000000,0.424000,0.000000); 11.0591
(2.000000,0.428000,0.000000); 11.0551
(2.000000,0.432000,0.000000); 11.0511
(2.000000,0.436000,0.000000); 11.0471
(2.000000,0.440000,0.000000); 11.0431
(2.000000,0.444000,0.000000); 11.0391
(2.000000,0.448000,0.000000); 11.0351
(2.000000,0.452000,0.000000); 11.0311
(2.000000,0.456000,0.000000); 11.0271
(2.000000,0.460000,0.000000); 11.0231
(2.000000,0.464000,0.000000); 11.0191
(2.000000,0.468000,0.000000); 11.0151
(2.000000,0.472000,0.000000); 11.0111
(2.000000,0.476000,0.000000); 11.0071
(2.000000,0.480000,0.000000); 11.0031
(2.000000,0.484000,0.000000); 10.9991
(2.000000,0.488000,0.000000); 10.9951
(2.000000,0.492000,0.000000); 10.9911
(2.000000,0.496000,0.000000); 10.9871
(2.000000,0.500000,0.000000); 10.9831
(2.000000,0.504000,0.000000); 10.9791
(2.000000,0.508000,0.000000); 10.9751
(2.000000,0.512000,0.000000); 10.9711
(2.000000,0.516000,0.000000); 10.9671
(2.000000,0.520000,0.000000); 10.9631
(2.000000,0.524000,0.000000); 10.9591
(2.000000,0.528000,0.000000); 10.9551
(2.000000,0.532000,0.000000); 10.9511
(2.000000,0.536000,0.000000); 10.9471
(2.000000,0.540000,0.000000); 10.9431
(2.000000,0.544000,0.000000); 10.9392
(2.000000,0.548000,0.000000); 10.9352
(2.000000,0.552000,0.000000); 10.9312
(2.000000,0.556000,0.000000); 10.9272
(2.000000,0.560000,0.000000); 10.9232
(2.000000,0.564000,0.000000); 10.9192
(2.000000,0.568000,0.000000); 10.9152
(2.000000,0.572000,0.000000); 10.9112
(2.000000,0.576000,0.000000); 10.9072
(2.000000,0.580000,0.000000); 10.9032
(2.000000,0.584000,0.000000); 10.8992
(2.000000,0.588000,0.000000); 10.8952
(2.000000,0.592000,0.000000); 10.8912
(2.000000,0.596000,0.000000); 10.8872
(2.000000,0.600000,0.000000); 10.8832
(2.000000,0.604000,0.000000); 10.8792
(2.000000,0.608000,0.000000); 10.8752
(2.000000,0.612000,0.000000); 10.8712
(2.000000,0.616000,0.000000); 10.8672
(2.000000,0.620000,0.000000); 10.8632
(2.000000,0.624000,0.000000); 10.8592
(2.000000,0.628000,0.000000); 10.8552
(2.000000,0.632000,0.000000); 10.8512
(2.000000,0.636000,0.000000); 10.8472
(2.000000,0.640000,0.000000); 10.8432
(2.000000,0.644000,0.000000); 10.8392
(2.000000,0.648000,0.000000); 10.8352
(2.000000,0.652000,0.000000); 10.8312
(2.000000,0.656000,0.000000); 10.8272
(2.000000,0.660000,0.000000); 10.8232
(2.000000,0.664000,0.000000); 10.8192
(2.000000,0.668000,0.000000); 10.8152
(2.000000,0.672000,0.000000); 10.8112
(2.000000,0.676000,0.000000); 10.8072
(2.000000,0.680000,0.000000); 10.8032
(2.000000,0.684000,0.000000); 10.7992
(2.000000,0.688000,0.000000); 10.7952
(2.000000,0.692000,0.000000); 10.7912
(2.000000,0.696000,0.000000); 10.7872
(2.000000,0.700000,0.000000); 10.7832
(2.000000,0.704000,0.000000); 10.7792
(2.000000,0.708000,0.000000); 10.7752
(2.000000,0.712000,0.000000); 10.7712
(2.000000,0.716000,0.000000); 10.7672
(2.000000,0.720000,0.000000); 10.7632
(2.000000,0.724000,0.000000); 10.7592
(2.000000,0.728000,0.000000); 10.7552
(2.000000,0.732000,0.000000); 10.7512
(2.000000,0.736000,0.000000); 10.7472
(2.000000,0.740000,0.000000); 10.7432
(2.000000,0.744000,0.000000); 10.7392
(2.000000,0.748000,0.000000); 10.7352
(2.000000,0.752000,0.000000); 10.7312
(2.000000,0.756000,0.000000); 10.7272
(2.000000,0.760000,0.000000); 10.7232
(2.000000,0.764000,0.000000); 10.7192
(2.000000,0.768000,0.000000); 10.7153
(2.000000,0.772000,0.000000); 10.7113
(2.000000,0.776000,0.000000); 10.7073
(2.000000,0.780000,0.000000); 10.7033
(2.000000,0.784000,0.000000); 10.6993
(2.000000,0.788000,0.000000); 10.6953
(2.000000,0.792000,0.000000); 10.6913
(2.000000,0.796000,0.000000); 10.6873
(2.000000,0.800000,0.000000); 10.6833
(2.000000,0.804000,0.000000); 10.6793
(2.000000,0.808000,0.000000); 10.6753
(2.000000,0.812000,0.000000); 10.6713
(2.000000,0.816000,0.000000); 10.6673
(2.000000,0.820000,0.000000); 10.6633
(2.000000,0.824000,0.000000); 10.6593
(2.000000,0.828000,0.000000); 10.6553
(2.000000,0.832000,0.000000); 10.6513
(2.000000,0.836000,0.000000); 10.6473
(2.000000,0.840000,0.000000); 10.6433
(2.000000,0.844000,0.000000); 10.6393
(2.000000,0.848000,0.000000); 10.6353
(2.000000,0.852000,0.000000); 10.6313
(2.000000,0.856000,0.000000); 10.6273
(2.000000,0.860000,0.000000); 10.6233
(2.000000,0.864000,0.000000); 10.6193
(2.000000,0.868000,0.000000); 10.6153
(2.000000,0.872000,0.000000); 10.6113
(2.000000,0.876000,0.000000); 10.6073
(2.000000,0.880000,0.000000); 10.6033
(2.000000,0.884000,0.000000); 10.5993
(2.000000,0.888000,0.000000); 10.5953
(2.000000,0.892000,0.000000); 10.5913
(2.000000,0.896000,0.000000); 10.5873
(2.000000,0.900000,0.000000); 10.5833
(2.000000,0.904000,0.000000); 10.5793
(2.000000,0.908000,0.000000); 10.5753
(2.000000,0.912000,0.000000); 10.5713
(2.000000,0.916000,0.000000); 10.5673
(2.000000,0.920000,0.000000); 10.5633
(2.000000,0.924000,0.000000); 10.5593
(2.000000,0.928000,0.000000); 10.5553
(2.000000,0.932000,0.000000); 10.5513
(2.000000,0.936000,0.000000); 10.5473
(2.000000,0.940000,0.000000); 10.5433
(2.000000,0.944000,0.000000); 10.5393
(2.000000,0.948000,0.000000); 10.5353
(2.000000,0.952000,0.000000); 10.5313
(2.000000,0.956000,0.000000); 10.5273
(2.000000,0.960000,0.000000); 10.5233
(2.000000,0.964000,0.000000); 10.5193
(2.000000,0.968000,0.000000); 10.5153
(2.000000,0.972000,0.000000); 10.5113
(2.000000,0.976000,0.000000); 10.5073
(2.000000,0.980000,0.000000); 10.5033
(2.000000,0.984000,0.000000); 10.4993
(2.000000,0.988000,0.000000); 10.4953
(2.000000,0.992000,0.000000); 10.4913
(2.000000,0.996000,0.000000); 10.4874
(2.000000,1.000000,0.000000); 10.4834
(2.000000,1.004000,0.000000); 10.4794
(2.000000,1.008000,0.000000); 10.4754
(2.000000,1.012000,0.000000); 10.4714
(2.000000,1.016000,0.000000); 10.4674
(2.000000,1.020000,0.000000); 10.4634
(2.000000,1.024000,0.000000); 10.4594
(2.000000,1.028000,0.000000); 10.4554
(2.000000,1.032000,0.000000); 10.4514
(2.000000,1.036000,0.000000); 10.4474
(2.000000,1.040000,0.000000); 10.4434
(2.000000,1.044000,0.000000); 10.4394
(2.000000,1.048000,0.000000); 10.4354
(2.000000,1.052000,0.000000); 10.4314
(2.000000,1.056000,0.000000); 10.4274
(2.000000,1.060000,0.000000); 10.4234
(2.000000,1.064000,0.000000); 10.4194
(2.000000,1.068000,0.000000); 10.4154
(2.000000,1.072000,0.000000); 10.4114
(2.000000,1.076000,0.000000); 10.4074
(2.000000,1.080000,0.000000); 10.4034
(2.000000,1.084000,0.000000); 10.3994
(2.000000,1.088000,0.000000); 10.3954
(2.000000,1.092000,0.000000); 10.3914
(2.000000,1.096000,0.000000); 10.3874
(2.000000,1.100000,0.000000); 10.3834
(2.000000,1.104000,0.000000); 10.3794
(2.000000,1.108000,0.000000); 10.3754
(2.000000,1.112000,0.000000); 10.3714
(2.000000,1.116000,0.000000); 10.3674
(2.000000,1.120000,0.000000); 10.3634
(2.000000,1.124000,0.000000); 10.3594
(2.000000,1.128000,0.000000); 10.3554
(2.000000,1.132000,0.000000); 10.3514
(2.000000,1.136000,0.000000); 10.3474
(2.000000,1.140000,0.000000); 10.3434
(2.000000,1.144000,0.000000); 10.3394
(2.000000,1.148000,0.000000); 10.3354
(2.000000,1.152000,0.000000); 10.3314
(2.000000,1.156000,0.000000); 10.3274
(2.000000,1.160000,0.000000); 10.3234
(2.000000,1.164000,0.000000); 10.3194
(2.000000,1.168000,0.000000); 10.3154
(2.000000,1.172000,0.000000); 10.3114
(2.000000,1.176000,0.000000); 10.3074
(2.000000,1.180000,0.000000); 10.3034
(2.000000,1.184000,0.000000); 10.2994
(2.000000,1.188000,0.000000); 10.2954
(2.000000,1.192000,0.000000); 10.2914
(2.000000,1.196000,0.000000); 10.2874
(2.000000,1.200000,0.000000); 10.2834
(2.000000,1.204000,0.000000); 10.2794
(2.000000,1.208000,0.000000); 10.2754
(2.000000,1.212000,0.000000); 10.2714
(2.000000,1.216000,0.000000); 10.2674
(2.000000,1.220000,0.000000); 10.2634
(2.000000,1.224000,0.000000); 10.2595
(2.000000,1.228000,0.000000); 10.2555
(2.000000,1.232000,0.000000); 10.2515
(2.000000,1.236000,0.000000); 10.2475
(2.000000,1.240000,0.000000); 10.2435
(2.000000,1.244000,0.000000); 10.2395
(2.000000,1.248000,0.000000); 10.2355
(2.000000,1.252000,0.000000); 10.2315
(2.000000,1.256000,0.000000); 10.2275
(2.000000,1.260000,0.000000); 10.2235
(2.000000,1.264000,0.000000); 10.2195
(2.000000,1.268000,0.000000); 10.2155
(2.000000,1.272000,0.000000); 10.2115
(2.000000,1.276000,0.000000); 10.2075
(2.000000,1.280000,0.000000); 10.2035
(2.000000,1.284000,0.000000); 10.1995
(2.000000,1.288000,0.000000); 10.1955
(2.000000,1.292000,0.000000); 10.1915
(2.000000,1.296000,0.000000); 10.1875
(2.000000,1.300000,0.000000); 10.1835
(2.000000,1.304000,0.000000); 10.1795
(2.000000,1.308000,0.000000); 10.1755
(2.000000,1.312000,0.000000); 10.1715
(2.000000,1.316000,0.000000); 10.1675
(2.000000,1.320000,0.000000); 10.1635
(2.000000,1.324000,0.000000); 10.1595
(2.000000,1.328000,0.000000); 10.1555
(2.000000,1.332000,0.000000); 10.1515
(2.000000,1.336000,0.000000); 10.1475
(2.000000,1.340000,0.000000); 10.1435
(2.000000,1.344000,0.000000); 10.1395
(2.000000,1.348000,0.000000); 10.1355
(2.000000,1.352000,0.000000); 10.1315
(2.000000,1.356000,0.000000); 10.1275
(2.000000,1.360000,0.000000); 10.1235
(2.000000,1.364000,0.000000); 10.1195
(2.000000,1.368000,0.000000); 10.1155
(2.000000,1.372000,0.000000); 10.1115
(2.000000,1.376000,0.000000); 10.1075
(2.000000,1.380000,0.000000); 10.1035
(2.000000,1.384000,0.000000); 10.0995
(2.000000,1.388000,0.000000); 10.0955
(2.000000,1.392000,0.000000); 10.0915
(2.000000,1.396000,0.000000); 10.0875
(2.000000,1.400000,0.000000); 10.0835
(2.000000,1.404000,0.000000); 10.0795
(2.000000,1.408000,0.000000); 10.0755
(2.000000,1.412000,0.000000); 10.0715
(2.000000,1.416000,0.000000); 10.0675
(2.000000,1.420000,0.000000); 10.0635
(2.000000,1.424000,0.000000); 10.0595
(2.000000,1.428000,0.000000); 10.0555
(2.000000,1.432000,0.000000); 10.0515
(2.000000,1.436000,0.000000); 10.0475
(2.000000,1.440000,0.000000); 10.0435
(2.000000,1.444000,0.000000); 10.0395
(2.000000,1.448000,0.000000); 10.0355
(2.000000,1.452000,0.000000); 10.0316
(2.000000,1.456000,0.000000); 10.0276
(2.000000,1.460000,0.000000); 10.0236
(2.000000,1.464000,0.000000); 10.0196
(2.000000,1.468000,0.000000); 10.0156
(2.000000,1.472000,0.000000); 10.0116
(2.000000,1.476000,0.000000); 10.0076
(2.000000,1.480000,0.000000); 10.0036
(2.000000,1.484000,0.000000); 9.99956
(2.000000,1.488000,0.000000); 9.99557
(2.000000,1.492000,0.000000); 9.99157
(2.000000,1.496000,0.000000); 9.98757
(2.000000,1.500000,0.000000); 9.98357
(2.000000,1.504000,0.000000); 9.97957
(2.000000,1.508000,0.000000); 9.97558
(2.000000,1.512000,0.000000); 9.97158
(2.000000,1.516000,0.000000); 9.96758
(2.000000,1.520000,0.000000); 9.96358
(2.000000,1.524000,0.000000); 9.95958
(2.000000,1.528000,0.000000); 9.95558
(2.000000,1.532000,0.000000); 9.95159
(2.000000,1.536000,0.000000); 9.94759
(2.000000,1.540000,0.000000); 9.94359
(2.000000,1.544000,0.000000); 9.93959
(2.000000,1.548000,0.000000); 9.93559
(2.000000,1.552000,0.000000); 9.93159
(2.000000,1.556000,0.000000); 9.9276
(2.000000,1.560000,0.000000); 9.9236
(2.000000,1.564000,0.000000); 9.9196
(2.000000,1.568000,0.000000); 9.9156
(2.000000,1.572000,0.000000); 9.9116
(2.000000,1.576000,0.000000); 9.90761
(2.000000,1.580000,0.000000); 9.90361
(2.000000,1.584000,0.000000); 9.89961
(2.000000,1.588000,0.000000); 9.89561
(2.000000,1.592000,0.000000); 9.89161
(2.000000,1.596000,0.000000); 9.88761
(2.000000,1.600000,0.000000); 9.88362
(2.000000,1.604000,0.000000); 9.87962
(2.000000,1.608000,0.000000); 9.87562
(2.000000,1.612000,0.000000); 9.87162
(2.000000,1.616000,0.000000); 9.86762
(2.000000,1.620000,0.000000); 9.86363
(2.000000,1.624000,0.000000); 9.85963
(2.000000,1.628000,0.000000); 9.85563
(2.000000,1.632000,0.000000); 9.85163
(2.000000,1.636000,0.000000); 9.84763
(2.000000,1.640000,0.000000); 9.84363
(2.000000,1.644000,0.000000); 9.83964
(2.000000,1.648000,0.000000); 9.83564
(2.000000,1.652000,0.000000); 9.83164
(2.000000,1.656000,0.000000); 9.82764
(2.000000,1.660000,0.000000); 9.82364
(2.000000,1.664000,0.000000); 9.81964
(2.000000,1.668000,0.000000); 9.81565
(2.000000,1.672000,0.000000); 9.81165
(2.000000,1.676000,0.000000); 9.80765
(2.000000,1.680000,0.000000); 9.80365
(2.000000,1.684000,0.000000); 9.79965
(2.000000,1.688000,0.000000); 9.79565
(2.000000,1.692000,0.000000); 9.79166
(2.000000,1.696000,0.000000); 9.78766
(2.000000,1.700000,0.000000); 9.78366
(2.000000,1.704000,0.000000); 9.77966
(2.000000,1.708000,0.000000); 9.77566
(2.000000,1.712000,0.000000); 9.77166
(2.000000,1.716000,0.000000); 9.76766
(2.000000,1.720000,0.000000); 9.76367
(2.000000,1.724000,0.000000); 9.75967
(2.000000,1.728000,0.000000); 9.75567
(2.000000,1.732000,0.000000); 9.75167
(2.000000,1.736000,0.000000); 9.74767
(2.000000,1.740000,0.000000); 9.74368
(2.000000,1.744000,0.000000); 9.73968
(2.000000,1.748000,0.000000); 9.73568
(2.000000,1.752000,0.000000); 9.73168
(2.000000,1.756000,0.000000); 9.72768
(2.000000,1.760000,0.000000); 9.72369
(2.000000,1.764000,0.000000); 9.71969
(2.000000,1.768000,0.000000); 9.71569
(2.000000,1.772000,0.000000); 9.7117
(2.000000,1.776000,0.000000); 9.7077
(2.000000,1.780000,0.000000); 9.7037
(2.000000,1.784000,0.000000); 9.69971
(2.000000,1.788000,0.000000); 9.69571
(2.000000,1.792000,0.000000); 9.69171
(2.000000,1.796000,0.000000); 9.68772
(2.000000,1.800000,0.000000); 9.68372
(2.000000,1.804000,0.000000); 9.67972
(2.000000,1.808000,0.000000); 9.67572
(2.000000,1.812000,0.000000); 9.67172
(2.000000,1.816000,0.000000); 9.66772
(2.000000,1.820000,0.000000); 9.66372
(2.000000,1.824000,0.000000); 9.65972
(2.000000,1.828000,0.000000); 9.65572
(2.000000,1.832000,0.000000); 9.65172
(2.000000,1.836000,0.000000); 9.64772
(2.000000,1.840000,0.000000); 9.64371
(2.000000,1.844000,0.000000); 9.63971
(2.000000,1.848000,0.000000); 9.6357
(2.000000,1.852000,0.000000); 9.6317
(2.000000,1.856000,0.000000); 9.62769
(2.000000,1.860000,0.000000); 9.62369
(2.000000,1.864000,0.000000); 9.61968
(2.000000,1.868000,0.000000); 9.61568
(2.000000,1.872000,0.000000); 9.61167
(2.000000,1.876000,0.000000); 9.60767
(2.000000,1.880000,0.000000); 9.60366
(2.000000,1.884000,0.000000); 9.59966
(2.000000,1.888000,0.000000); 9.59565
(2.000000,1.892000,0.000000); 9.59166
(2.000000,1.896000,0.000000); 9.58768
(2.000000,1.900000,0.000000); 9.5837
(2.000000,1.904000,0.000000); 9.57972
(2.000000,1.908000,0.000000); 9.57574
(2.000000,1.912000,0.000000); 9.57176
(2.000000,1.916000,0.000000); 9.56778
(2.000000,1.920000,0.000000); 9.5638
(2.000000,1.924000,0.000000); 9.55982
(2.000000,1.928000,0.000000); 9.55584
(2.000000,1.932000,0.000000); 9.55187
(2.000000,1.936000,0.000000); 9.54789
(2.000000,1.940000,0.000000); 9.54392
(2.000000,1.944000,0.000000); 9.53994
(2.000000,1.948000,0.000000); 9.53596
(2.000000,1.952000,0.000000); 9.53199
(2.000000,1.956000,0.000000); 9.52801
(2.000000,1.960000,0.000000); 9.52404
(2.000000,1.964000,0.000000); 9.52006
(2.000000,1.968000,0.000000); 9.51609
(2.000000,1.972000,0.000000); 9.51211
(2.000000,1.976000,0.000000); 9.50809
(2.000000,1.980000,0.000000); 9.50401
(2.000000,1.984000,0.000000); 9.49993
(2.000000,1.988000,0.000000); 9.49584
(2.000000,1.992000,0.000000); 9.49176
(2.000000,1.996000,0.000000); 9.48768
(2.000000,2.000000,0.000000); 9.48359
(2.000000,2.004000,0.000000); 9.47951
(2.000000,2.008000,0.000000); 9.47542
(2.000000,2.012000,0.000000); 9.47134
(2.000000,2.016000,0.000000); 9.46726
(2.000000,2.020000,0.000000); 9.46317
(2.000000,2.024000,0.000000); 9.45909
(2.000000,2.028000,0.000000); 9.455
(2.000000,2.032000,0.000000); 9.45092
(2.000000,2.036000,0.000000); 9.44684
(2.000000,2.040000,0.000000); 9.44275
(2.000000,2.044000,0.000000); 9.43867
(2.000000,2.048000,0.000000); 9.43459
(2.000000,2.052000,0.000000); 9.43049
(2.000000,2.056000,0.000000); 9.4264
(2.000000,2.060000,0.000000); 9.42272
(2.000000,2.064000,0.000000); 9.41909
(2.000000,2.068000,0.000000); 9.41546
(2.000000,2.072000,0.000000); 9.41183
(2.000000,2.076000,0.000000); 9.4082
(2.000000,2.080000,0.000000); 9.40457
(2.000000,2.084000,0.000000); 9.40094
(2.000000,2.088000,0.000000); 9.3973
(2.000000,2.092000,0.000000); 9.39367
(2.000000,2.096000,0.000000); 9.39004
(2.000000,2.100000,0.000000); 9.38641
(2.000000,2.104000,0.000000); 9.38278
(2.000000,2.108000,0.000000); 9.37915
(2.000000,2.112000,0.000000); 9.37552
(2.000000,2.116000,0.000000); 9.37189
(2.000000,2.120000,0.000000); 9.36826
(2.000000,2.124000,0.000000); 9.36414
(2.000000,2.128000,0.000000); 9.3587
(2.000000,2.132000,0.000000); 9.35326
(2.000000,2.136000,0.000000); 9.34782
(2.000000,2.140000,0.000000); 9.34238
(2.000000,2.144000,0.000000); 9.33693
(2.000000,2.148000,0.000000); 9.33149
(2.000000,2.152000,0.000000); 9.32605
(2.000000,2.156000,0.000000); 9.32061
(2.000000,2.160000,0.000000); 9.31517
(2.000000,2.164000,0.000000); 9.30972
(2.000000,2.168000,0.000000); 9.30453
(2.000000,2.172000,0.000000); 9.29943
(2.000000,2.176000,0.000000); 9.29434
(2.000000,2.180000,0.000000); 9.28924
(2.000000,2.184000,0.000000); 9.28415
(2.000000,2.188000,0.000000); 9.27905
(2.000000,2.192000,0.000000); 9.27763
(2.000000,2.196000,0.000000); 9.27829
(2.000000,2.200000,0.000000); 9.27895
(2.000000,2.204000,0.000000); 9.27961
(2.000000,2.208000,0.000000); 9.28027
(2.000000,2.212000,0.000000); 9.28093
(2.000000,2.216000,0.000000); 9.28159
(2.000000,2.220000,0.000000); 9.28225
(2.000000,2.224000,0.000000); 9.28291
(2.000000,2.228000,0.000000); 9.28357
(2.000000,2.232000,0.000000); 9.28423
(2.000000,2.236000,0.000000); 9.28525
(2.000000,2.240000,0.000000); 9.28629
(2.000000,2.244000,0.000000); 9.28733
(2.000000,2.248000,0.000000); 9.28837
(2.000000,2.252000,0.000000); 9.28941
(2.000000,2.256000,0.000000); 9.29029
(2.000000,2.260000,0.000000); 9.27425
(2.000000,2.264000,0.000000); 9.25822
(2.000000,2.268000,0.000000); 9.24218
(2.000000,2.272000,0.000000); 9.2278
(2.000000,2.276000,0.000000); 9.215
(2.000000,2.280000,0.000000); 9.20219
(2.000000,2.284000,0.000000); 9.18939
(2.000000,2.288000,0.000000); 9.17659
(2.000000,2.292000,0.000000); 9.16378
(2.000000,2.296000,0.000000); 9.15098
(2.000000,2.300000,0.000000); 9.13817
(2.000000,2.304000,0.000000); 9.12537
(2.000000,2.308000,0.000000); 9.11256
(2.000000,2.312000,0.000000); 9.09976
(2.000000,2.316000,0.000000); 9.08695
(2.000000,2.320000,0.000000); 9.07415
(2.000000,2.324000,0.000000); 9.06134
(2.000000,2.328000,0.000000); 9.04854
(2.000000,2.332000,0.000000); 9.03573
(2.000000,2.336000,0.000000); 9.02293
(2.000000,2.340000,0.000000); 9.01012
(2.000000,2.344000,0.000000); 8.99732
(2.000000,2.348000,0.000000); 8.98451
(2.000000,2.352000,0.000000); 8.97788
(2.000000,2.356000,0.000000); 9.02835
(2.000000,2.360000,0.000000); 9.07881
(2.000000,2.364000,0.000000); 9.12927
(2.000000,2.368000,0.000000); 9.17974
(2.000000,2.372000,0.000000); 9.2302
(2.000000,2.376000,0.000000); 9.28066
(2.000000,2.380000,0.000000); 9.33096
(2.000000,2.384000,0.000000); 9.38112
(2.000000,2.388000,0.000000); 9.43128
(2.000000,2.392000,0.000000); 9.48144
(2.000000,2.396000,0.000000); 9.53159
(2.000000,2.400000,0.000000); 9.58175
(2.000000,2.404000,0.000000); 9.63191
(2.000000,2.408000,0.000000); 9.68206
(2.000000,2.412000,0.000000); 9.73222
(2.000000,2.416000,0.000000); 9.78238
(2.000000,2.420000,0.000000); 9.83253
(2.000000,2.424000,0.000000); 9.88269
(2.000000,2.428000,0.000000); 9.93285
(2.000000,2.432000,0.000000); 9.983
(2.000000,2.436000,0.000000); 10.0332
(2.000000,2.440000,0.000000); 10.0833
(2.000000,2.444000,0.000000); 10.1335
(2.000000,2.448000,0.000000); 10.1462
(2.000000,2.452000,0.000000); 10.1473
(2.000000,2.456000,0.000000); 10.1483
(2.000000,2.460000,0.000000); 10.1493
(2.000000,2.464000,0.000000); 10.1503
(2.000000,2.468000,0.000000); 10.1514
(2.000000,2.472000,0.000000); 10.1524
(2.000000,2.476000,0.000000); 10.1534
(2.000000,2.480000,0.000000); 10.1544
(2.000000,2.484000,0.000000); 10.1555
(2.000000,2.488000,0.000000); 10.1565
(2.000000,2.492000,0.000000); 10.1575
(2.000000,2.496000,0.000000); 10.1586
(2.000000,2.500000,0.000000); 10.1596
(2.000000,2.504000,0.000000); 10.1606
(2.000000,2.508000,0.000000); 10.1615
(2.000000,2.512000,0.000000); 10.1623
(2.000000,2.516000,0.000000); 10.1632
(2.000000,2.520000,0.000000); 10.164
(2.000000,2.524000,0.000000); 10.1649
(2.000000,2.528000,0.000000); 10.1657
(2.000000,2.532000,0.000000); 10.1666
(2.000000,2.536000,0.000000); 10.1674
(2.000000,2.540000,0.000000); 10.1678
(2.000000,2.544000,0.000000); 10.1681
(2.000000,2.548000,0.000000); 10.1683
(2.000000,2.552000,0.000000); 10.1685
(2.000000,2.556000,0.000000); 10.1688
(2.000000,2.560000,0.000000); 10.169
(2.000000,2.564000,0.000000); 10.1692
(2.000000,2.568000,0.000000); 10.1694
(2.000000,2.572000,0.000000); 10.1697
(2.000000,2.576000,0.000000); 10.1699
(2.000000,2.580000,0.000000); 10.1701
(2.000000,2.584000,0.000000); 10.1704
(2.000000,2.588000,0.000000); 10.1706
(2.000000,2.592000,0.000000); 10.1708
(2.000000,2.596000,0.000000); 10.171
(2.000000,2.600000,0.000000); 10.1713
(2.000000,2.604000,0.000000); 10.1715
(2.000000,2.608000,0.000000); 10.1717
(2.000000,2.612000,0.000000); 10.172
(2.000000,2.616000,0.000000); 10.1722
(2.000000,2.620000,0.000000); 10.1724
(2.000000,2.624000,0.000000); 10.1726
(2.000000,2.628000,0.000000); 10.1729
(2.000000,2.632000,0.000000); 10.173
(2.000000,2.636000,0.000000); 10.1731
(2.000000,2.640000,0.000000); 10.1732
(2.000000,2.644000,0.000000); 10.1733
(2.000000,2.648000,0.000000); 10.1734
(2.000000,2.652000,0.000000); 10.1735
(2.000000,2.656000,0.000000); 10.1736
(2.000000,2.660000,0.000000); 10.1737
(2.000000,2.664000,0.000000); 10.1738
(2.000000,2.668000,0.000000); 10.1739
(2.000000,2.672000,0.000000); 10.174
(2.000000,2.676000,0.000000); 10.1741
(2.000000,2.680000,0.000000); 10.1742
(2.000000,2.684000,0.000000); 10.1743
(2.000000,2.688000,0.000000); 10.1744
(2.000000,2.692000,0.000000); 10.1745
(2.000000,2.696000,0.000000); 10.1747
(2.000000,2.700000,0.000000); 10.1748
(2.000000,2.704000,0.000000); 10.1749
(2.000000,2.708000,0.000000); 10.175
(2.000000,2.712000,0.000000); 10.1751
(2.000000,2.716000,0.000000); 10.1752
(2.000000,2.720000,0.000000); 10.1753
(2.000000,2.724000,0.000000); 10.1754
(2.000000,2.728000,0.000000); 10.1755
(2.000000,2.732000,0.000000); 10.1756
(2.000000,2.736000,0.000000); 10.1757
(2.000000,2.740000,0.000000); 10.1758
(2.000000,2.744000,0.000000); 10.1759
(2.000000,2.748000,0.000000); 10.176
(2.000000,2.752000,0.000000); 10.1761
(2.000000,2.756000,0.000000); 10.1762
(2.000000,2.760000,0.000000); 10.1763
(2.000000,2.764000,0.000000); 10.1763
(2.000000,2.768000,0.000000); 10.1764
(2.000000,2.772000,0.000000); 10.1765
(2.000000,2.776000,0.000000); 10.1765
(2.000000,2.780000,0.000000); 10.1766
(2.000000,2.784000,0.000000); 10.1767
(2.000000,2.788000,0.000000); 10.1768
(2.000000,2.792000,0.000000); 10.1768
(2.000000,2.796000,0.000000); 10.1769
(2.000000,2.800000,0.000000); 10.177
(2.000000,2.804000,0.000000); 10.177
(2.000000,2.808000,0.000000); 10.1771
(2.000000,2.812000,0.000000); 10.1772
(2.000000,2.816000,0.000000); 10.1772
(2.000000,2.820000,0.000000); 10.1773
(2.000000,2.824000,0.000000); 10.1774
(2.000000,2.828000,0.000000); 10.1774
(2.000000,2.832000,0.000000); 10.1775
(2.000000,2.836000,0.000000); 10.1776
(2.000000,2.840000,0.000000); 10.1776
(2.000000,2.844000,0.000000); 10.1777
(2.000000,2.848000,0.000000); 10.1778
(2.000000,2.852000,0.000000); 10.1779
(2.000000,2.856000,0.000000); 10.1779
(2.000000,2.860000,0.000000); 10.178
(2.000000,2.864000,0.000000); 10.1781
(2.000000,2.868000,0.000000); 10.1781
(2.000000,2.872000,0.000000); 10.1782
(2.000000,2.876000,0.000000); 10.1783
(2.000000,2.880000,0.000000); 10.1783
(2.000000,2.884000,0.000000); 10.1784
(2.000000,2.888000,0.000000); 10.1785
(2.000000,2.892000,0.000000); 10.1785
(2.000000,2.896000,0.000000); 10.1786
(2.000000,2.900000,0.000000); 10.1786
(2.000000,2.904000,0.000000); 10.1787
(2.000000,2.908000,0.000000); 10.1788
(2.000000,2.912000,0.000000); 10.1788
(2.000000,2.916000,0.000000); 10.1789
(2.000000,2.920000,0.000000); 10.1789
(2.000000,2.924000,0.000000); 10.179
(2.000000,2.928000,0.000000); 10.1791
(2.000000,2.932000,0.000000); 10.1791
(2.000000,2.936000,0.000000); 10.1792
(2.000000,2.940000,0.000000); 10.1792
(2.000000,2.944000,0.000000); 10.1793
(2.000000,2.948000,0.000000); 10.1793
(2.000000,2.952000,0.000000); 10.1794
(2.000000,2.956000,0.000000); 10.1795
(2.000000,2.960000,0.000000); 10.1795
(2.000000,2.964000,0.000000); 10.1796
(2.000000,2.968000,0.000000); 10.1796
(2.000000,2.972000,0.000000); 10.1797
(2.000000,2.976000,0.000000); 10.1798
(2.000000,2.980000,0.000000); 10.1798
(2.000000,2.984000,0.000000); 10.1799
(2.000000,2.988000,0.000000); 10.1799
(2.000000,2.992000,0.000000); 10.18
(2.000000,2.996000,0.000000); 10.18
(2.000000,3.000000,0.000000); 10.1801
(2.000000,3.004000,0.000000); 10.1802
(2.000000,3.008000,0.000000); 10.1802
(2.000000,3.012000,0.000000); 10.1803
(2.000000,3.016000,0.000000); 10.1803
(2.000000,3.020000,0.000000); 10.1804
(2.000000,3.024000,0.000000); 10.1804
(2.000000,3.028000,0.000000); 10.1805
(2.000000,3.032000,0.000000); 10.1806
(2.000000,3.036000,0.000000); 10.1806
(2.000000,3.040000,0.000000); 10.1807
(2.000000,3.044000,0.000000); 10.1807
(2.000000,3.048000,0.000000); 10.1808
(2.000000,3.052000,0.000000); 10.1808
(2.000000,3.056000,0.000000); 10.1809
(2.000000,3.060000,0.000000); 10.1809
(2.000000,3.064000,0.000000); 10.181
(2.000000,3.068000,0.000000); 10.1811
(2.000000,3.072000,0.000000); 10.1811
(2.000000,3.076000,0.000000); 10.1812
(2.000000,3.080000,0.000000); 10.1812
(2.000000,3.084000,0.000000); 10.1813
(2.000000,3.088000,0.000000); 10.1813
(2.000000,3.092000,0.000000); 10.1814
(2.000000,3.096000,0.000000); 10.1814
(2.000000,3.100000,0.000000); 10.1815
(2.000000,3.104000,0.000000); 10.1816
(2.000000,3.108000,0.000000); 10.1816
(2.000000,3.112000,0.000000); 10.1817
(2.000000,3.116000,0.000000); 10.1817
(2.000000,3.120000,0.000000); 10.1818
(2.000000,3.124000,0.000000); 10.1818
(2.000000,3.128000,0.000000); 10.1819
(2.000000,3.132000,0.000000); 10.1819
(2.000000,3.136000,0.000000); 10.182
(2.000000,3.140000,0.000000); 10.1821
(2.000000,3.144000,0.000000); 10.1821
(2.000000,3.148000,0.000000); 10.1822
(2.000000,3.152000,0.000000); 10.1822
(2.000000,3.156000,0.000000); 10.1823
(2.000000,3.160000,0.000000); 10.1823
(2.000000,3.164000,0.000000); 10.1824
(2.000000,3.168000,0.000000); 10.1824
(2.000000,3.172000,0.000000); 10.1825
(2.000000,3.176000,0.000000); 10.1825
(2.000000,3.180000,0.000000); 10.1826
(2.000000,3.184000,0.000000); 10.1827
(2.000000,3.188000,0.000000); 10.1827
(2.000000,3.192000,0.000000); 10.1828
(2.000000,3.196000,0.000000); 10.1828
(2.000000,3.200000,0.000000); 10.1829
(2.000000,3.204000,0.000000); 10.1829
(2.000000,3.208000,0.000000); 10.183
(2.000000,3.212000,0.000000); 10.183
(2.000000,3.216000,0.000000); 10.1831
(2.000000,3.220000,0.000000); 10.1831
(2.000000,3.224000,0.000000); 10.1832
(2.000000,3.228000,0.000000); 10.1833
(2.000000,3.232000,0.000000); 10.1833
(2.000000,3.236000,0.000000); 10.1834
(2.000000,3.240000,0.000000); 10.1834
(2.000000,3.244000,0.000000); 10.1835
(2.000000,3.248000,0.000000); 10.1835
(2.000000,3.252000,0.000000); 10.1836
(2.000000,3.256000,0.000000); 10.1836
(2.000000,3.260000,0.000000); 10.1837
(2.000000,3.264000,0.000000); 10.1838
(2.000000,3.268000,0.000000); 10.1838
(2.000000,3.272000,0.000000); 10.1839
(2.000000,3.276000,0.000000); 10.1839
(2.000000,3.280000,0.000000); 10.184
(2.000000,3.284000,0.000000); 10.184
(2.000000,3.288000,0.000000); 10.1841
(2.000000,3.292000,0.000000); 10.1841
(2.000000,3.296000,0.000000); 10.1842
(2.000000,3.300000,0.000000); 10.1842
(2.000000,3.304000,0.000000); 10.1843
(2.000000,3.308000,0.000000); 10.1844
(2.000000,3.312000,0.000000); 10.1844
(2.000000,3.316000,0.000000); 10.1845
(2.000000,3.320000,0.000000); 10.1845
(2.000000,3.324000,0.000000); 10.1846
(2.000000,3.328000,0.000000); 10.1846
(2.000000,3.332000,0.000000); 10.1847
(2.000000,3.336000,0.000000); 10.1847
(2.000000,3.340000,0.000000); 10.1848
(2.000000,3.344000,0.000000); 10.1848
(2.000000,3.348000,0.000000); 10.1849
(2.000000,3.352000,0.000000); 10.185
(2.000000,3.356000,0.000000); 10.185
(2.000000,3.360000,0.000000); 10.1851
(2.000000,3.364000,0.000000); 10.1851
(2.000000,3.368000,0.000000); 10.1852
(2.000000,3.372000,0.000000); 10.1852
(2.000000,3.376000,0.000000); 10.1853
(2.000000,3.380000,0.000000); 10.1853
(2.000000,3.384000,0.000000); 10.1854
(2.000000,3.388000,0.000000); 10.1855
(2.000000,3.392000,0.000000); 10.1855
(2.000000,3.396000,0.000000); 10.1856
(2.000000,3.400000,0.000000); 10.1856
(2.000000,3.404000,0.000000); 10.1857
(2.000000,3.408000,0.000000); 10.1857
(2.000000,3.412000,0.000000); 10.1858
(2.000000,3.416000,0.000000); 10.1858
(2.000000,3.420000,0.000000); 10.1859
(2.000000,3.424000,0.000000); 10.1859
(2.000000,3.428000,0.000000); 10.186
(2.000000,3.432000,0.000000); 10.1861
(2.000000,3.436000,0.000000); 10.1861
(2.000000,3.440000,0.000000); 10.1862
(2.000000,3.444000,0.000000); 10.1862
(2.000000,3.448000,0.000000); 10.1863
(2.000000,3.452000,0.000000); 10.1863
(2.000000,3.456000,0.000000); 10.1864
(2.000000,3.460000,0.000000); 10.1864
(2.000000,3.464000,0.000000); 10.1865
(2.000000,3.468000,0.000000); 10.1865
(2.000000,3.472000,0.000000); 10.1866
(2.000000,3.476000,0.000000); 10.1867
(2.000000,3.480000,0.000000); 10.1867
(2.000000,3.484000,0.000000); 10.1868
(2.000000,3.488000,0.000000); 10.1868
(2.000000,3.492000,0.000000); 10.1869
(2.000000,3.496000,0.000000); 10.1869
(2.000000,3.500000,0.000000); 10.187
(2.000000,3.504000,0.000000); 10.187
(2.000000,3.508000,0.000000); 10.1871
(2.000000,3.512000,0.000000); 10.1871
(2.000000,3.516000,0.000000); 10.1872
(2.000000,3.520000,0.000000); 10.1873
(2.000000,3.524000,0.000000); 10.1873
(2.000000,3.528000,0.000000); 10.1874
(2.000000,3.532000,0.000000); 10.1874
(2.000000,3.536000,0.000000); 10.1875
(2.000000,3.540000,0.000000); 10.1875
(2.000000,3.544000,0.000000); 10.1876
(2.000000,3.548000,0.000000); 10.1876
(2.000000,3.552000,0.000000); 10.1877
(2.000000,3.556000,0.000000); 10.1877
(2.000000,3.560000,0.000000); 10.1878
(2.000000,3.564000,0.000000); 10.1879
(2.000000,3.568000,0.000000); 10.1879
(2.000000,3.572000,0.000000); 10.188
(2.000000,3.576000,0.000000); 10.188
(2.000000,3.580000,0.000000); 10.1881
(2.000000,3.584000,0.000000); 10.1881
(2.000000,3.588000,0.000000); 10.1882
(2.000000,3.592000,0.000000); 10.1882
(2.000000,3.596000,0.000000); 10.1883
(2.000000,3.600000,0.000000); 10.1883
(2.000000,3.604000,0.000000); 10.1884
(2.000000,3.608000,0.000000); 10.1885
(2.000000,3.612000,0.000000); 10.1885
(2.000000,3.616000,0.000000); 10.1886
(2.000000,3.620000,0.000000); 10.1886
(2.000000,3.624000,0.000000); 10.1887
(2.000000,3.628000,0.000000); 10.1887
(2.000000,3.632000,0.000000); 10.1888
(2.000000,3.636000,0.000000); 10.1888
(2.000000,3.640000,0.000000); 10.1889
(2.000000,3.644000,0.000000); 10.1889
(2.000000,3.648000,0.000000); 10.189
(2.000000,3.652000,0.000000); 10.1891
(2.000000,3.656000,0.000000); 10.1891
(2.000000,3.660000,0.000000); 10.1892
(2.000000,3.664000,0.000000); 10.1892
(2.000000,3.668000,0.000000); 10.1893
(2.000000,3.672000,0.000000); 10.1893
(2.000000,3.676000,0.000000); 10.1894
(2.000000,3.680000,0.000000); 10.1894
(2.000000,3.684000,0.000000); 10.1895
(2.000000,3.688000,0.000000); 10.1895
(2.000000,3.692000,0.000000); 10.1896
(2.000000,3.696000,0.000000); 10.1896
(2.000000,3.700000,0.000000); 10.1897
(2.000000,3.704000,0.000000); 10.1898
(2.000000,3.708000,0.000000); 10.1898
(2.000000,3.712000,0.000000); 10.1899
(2.000000,3.716000,0.000000); 10.1899
(2.000000,3.720000,0.000000); 10.19
(2.000000,3.724000,0.000000); 10.19
(2.000000,3.728000,0.000000); 10.1901
(2.000000,3.732000,0.000000); 10.1901
(2.000000,3.736000,0.000000); 10.1902
(2.000000,3.740000,0.000000); 10.1902
(2.000000,3.744000,0.000000); 10.1903
(2.000000,3.748000,0.000000); 10.1903
(2.000000,3.752000,0.000000); 10.1904
(2.000000,3.756000,0.000000); 10.1905
(2.000000,3.760000,0.000000); 10.1905
(2.000000,3.764000,0.000000); 10.1906
(2.000000,3.768000,0.000000); 10.1906
(2.000000,3.772000,0.000000); 10.1907
(2.000000,3.776000,0.000000); 10.1907
(2.000000,3.780000,0.000000); 10.1908
(2.000000,3.784000,0.000000); 10.1908
(2.000000,3.788000,0.000000); 10.1909
(2.000000,3.792000,0.000000); 10.1909
(2.000000,3.796000,0.000000); 10.191
(2.000000,3.800000,0.000000); 10.191
(2.000000,3.804000,0.000000); 10.1911
(2.000000,3.808000,0.000000); 10.1912
(2.000000,3.812000,0.000000); 10.1912
(2.000000,3.816000,0.000000); 10.1913
(2.000000,3.820000,0.000000); 10.1913
(2.000000,3.824000,0.000000); 10.1914
(2.000000,3.828000,0.000000); 10.1914
(2.000000,3.832000,0.000000); 10.1915
(2.000000,3.836000,0.000000); 10.1915
(2.000000,3.840000,0.000000); 10.1916
(2.000000,3.844000,0.000000); 10.1916
(2.000000,3.848000,0.000000); 10.1917
(2.000000,3.852000,0.000000); 10.1917
(2.000000,3.856000,0.000000); 10.1918
(2.000000,3.860000,0.000000); 10.1918
(2.000000,3.864000,0.000000); 10.1919
(2.000000,3.868000,0.000000); 10.1919
(2.000000,3.872000,0.000000); 10.192
(2.000000,3.876000,0.000000); 10.1921
(2.000000,3.880000,0.000000); 10.1921
(2.000000,3.884000,0.000000); 10.1922
(2.000000,3.888000,0.000000); 10.1922
(2.000000,3.892000,0.000000); 10.1923
(2.000000,3.896000,0.000000); 10.1923
(2.000000,3.900000,0.000000); 10.1924
(2.000000,3.904000,0.000000); 10.1924
(2.000000,3.908000,0.000000); 10.1925
(2.000000,3.912000,0.000000); 10.1925
(2.000000,3.916000,0.000000); 10.1926
(2.000000,3.920000,0.000000); 10.1926
(2.000000,3.924000,0.000000); 10.1927
(2.000000,3.928000,0.000000); 10.1927
(2.000000,3.932000,0.000000); 10.1928
(2.000000,3.936000,0.000000); 10.1928
(2.000000,3.940000,0.000000); 10.1929
(2.000000,3.944000,0.000000); 10.1929
(2.000000,3.948000,0.000000); 10.193
(2.000000,3.952000,0.000000); 10.1931
(2.000000,3.956000,0.000000); 10.1931
(2.000000,3.960000,0.000000); 10.1932
(2.000000,3.964000,0.000000); 10.1932
(2.000000,3.968000,0.000000); 10.1933
(2.000000,3.972000,0.000000); 10.1933
(2.000000,3.976000,0.000000); 10.1934
(2.000000,3.980000,0.000000); 10.1934
(2.000000,3.984000,0.000000); 10.1935
(2.000000,3.988000,0.000000); 10.1935
(2.000000,3.992000,0.000000); 10.1936
(2.000000,3.996000,0.000000); 10.1936
(2.000000,4.000000,0.000000); 10.1937
--
(2.000000,0.000000,0.000000); 13.4829
(2.000000,0.004000,0.000000); 13.4779
(2.000000,0.008000,0.000000); 13.473
(2.000000,0.012000,0.000000); 13.468
(2.000000,0.016000,0.000000); 13.463
(2.000000,0.020000,0.000000); 13.4581
(2.000000,0.024000,0.000000); 13.4531
(2.000000,0.028000,0.000000); 13.4482
(2.000000,0.032000,0.000000); 13.4432
(2.000000,0.036000,0.000000); 13.4382
(2.000000,0.040000,0.000000); 13.4333
(2.000000,0.044000,0.000000); 13.4283
(2.000000,0.048000,0.000000); 13.4233
(2.000000,0.052000,0.000000); 13.4184
(2.000000,0.056000,0.000000); 13.4134
(2.000000,0.060000,0.000000); 13.4084
(2.000000,0.064000,0.000000); 13.4035
(2.000000,0.068000,0.000000); 13.3985
(2.000000,0.072000,0.000000); 13.3935
(2.000000,0.076000,0.000000); 13.3886
(2.000000,0.080000,0.000000); 13.3836
(2.000000,0.084000,0.000000); 13.3786
(2.000000,0.088000,0.000000); 13.3737
(2.000000,0.092000,0.000000); 13.3687
(2.000000,0.096000,0.000000); 13.3637
(2.000000,0.100000,0.000000); 13.3588
(2.000000,0.104000,0.000000); 13.3538
(2.000000,0.108000,0.000000); 13.3488
(2.000000,0.112000,0.000000); 13.3439
(2.000000,0.116000,0.000000); 13.3389
(2.000000,0.120000,0.000000); 13.3339
(2.000000,0.124000,0.000000); 13.329
(2.000000,0.128000,0.000000); 13.324
(2.000000,0.132000,0.000000); 13.319
(2.000000,0.136000,0.000000); 13.3141
(2.000000,0.140000,0.000000); 13.3091
(2.000000,0.144000,0.000000); 13.3041
(2.000000,0.148000,0.000000); 13.2992
(2.000000,0.152000,0.000000); 13.2942
(2.000000,0.156000,0.000000); 13.2892
(2.000000,0.160000,0.000000); 13.2843
(2.000000,0.164000,0.000000); 13.2793
(2.000000,0.168000,0.000000); 13.2743
(2.000000,0.172000,0.000000); 13.2694
(2.000000,0.176000,0.000000); 13.2644
(2.000000,0.180000,0.000000); 13.2594
(2.000000,0.184000,0.000000); 13.2545
(2.000000,0.188000,0.000000); 13.2495
(2.000000,0.192000,0.000000); 13.2446
(2.000000,0.196000,0.000000); 13.2396
(2.000000,0.200000,0.000000); 13.2346
(2.000000,0.204000,0.000000); 13.2297
(2.000000,0.208000,0.000000); 13.2247
(2.000000,0.212000,0.000000); 13.2197
(2.000000,0.216000,0.000000); 13.2148
(2.000000,0.220000,0.000000); 13.2098
(2.000000,0.224000,0.000000); 13.2048
(2.000000,0.228000,0.000000); 13.1999
(2.000000,0.232000,0.000000); 13.1949
(2.000000,0.236000,0.000000); 13.1899
(2.000000,0.240000,0.000000); 13.185
(2.000000,0.244000,0.000000); 13.18
(2.000000,0.248000,0.000000); 13.175
(2.000000,0.252000,0.000000); 13.1701
(2.000000,0.256000,0.000000); 13.1651
(2.000000,0.260000,0.000000); 13.1601
(2.000000,0.264000,0.000000); 13.1552
(2.000000,0.268000,0.000000); 13.1502
(2.000000,0.272000,0.000000); 13.1452
(2.000000,0.276000,0.000000); 13.1403
(2.000000,0.280000,0.000000); 13.1353
(2.000000,0.284000,0.000000); 13.1303
(2.000000,0.288000,0.000000); 13.1254
(2.000000,0.292000,0.000000); 13.1204
(2.000000,0.296000,0.000000); 13.1154
(2.000000,0.300000,0.000000); 13.1105
(2.000000,0.304000,0.000000); 13.1055
(2.000000,0.308000,0.000000); 13.1005
(2.000000,0.312000,0.000000); 13.0956
(2.000000,0.316000,0.000000); 13.0906
(2.000000,0.320000,0.000000); 13.0856
(2.000000,0.324000,0.000000); 13.0807
(2.000000,0.328000,0.000000); 13.0757
(2.000000,0.332000,0.000000); 13.0707
(2.000000,0.336000,0.000000); 13.0658
(2.000000,0.340000,0.000000); 13.0608
(2.000000,0.344000,0.000000); 13.0558
(2.000000,0.348000,0.000000); 13.0509
(2.000000,0.352000,0.000000); 13.0459
(2.000000,0.356000,0.000000); 13.0409
(2.000000,0.360000,0.000000); 13.036
(2.000000,0.364000,0.000000); 13.031
(2.000000,0.368000,0.000000); 13.0261
(2.000000,0.372000,0.000000); 13.0211
(2.000000,0.376000,0.000000); 13.0161
(2.000000,0.380000,0.000000); 13.0112
(2.000000,0.384000,0.000000); 13.0062
(2.000000,0.388000,0.000000); 13.0012
(2.000000,0.392000,0.000000); 12.9963
(2.000000,0.396000,0.000000); 12.9913
(2.000000,0.400000,0.000000); 12.9863
(2.000000,0.404000,0.000000); 12.9814
(2.000000,0.408000,0.000000); 12.9764
(2.000000,0.412000,0.000000); 12.9714
(2.000000,0.416000,0.000000); 12.9665
(2.000000,0.420000,0.000000); 12.9615
(2.000000,0.424000,0.000000); 12.9565
(2.000000,0.428000,0.000000); 12.9516
(2.000000,0.432000,0.000000); 12.9466
(2.000000,0.436000,0.000000); 12.9416
(2.000000,0.440000,0.000000); 12.9367
(2.000000,0.444000,0.000000); 12.9317
(2.000000,0.448000,0.000000); 12.9267
(2.000000,0.452000,0.000000); 12.9218
(2.000000,0.456000,0.000000); 12.9168
(2.000000,0.460000,0.000000); 12.9118
(2.000000,0.464000,0.000000); 12.9069
(2.000000,0.468000,0.000000); 12.9019
(2.000000,0.472000,0.000000); 12.8969
(2.000000,0.476000,0.000000); 12.892
(2.000000,0.480000,0.000000); 12.887
(2.000000,0.484000,0.000000); 12.882
(2.000000,0.488000,0.000000); 12.8771
(2.000000,0.492000,0.000000); 12.8721
(2.000000,0.496000,0.000000); 12.8671
(2.000000,0.500000,0.000000); 12.8622
(2.000000,0.504000,0.000000); 12.8572
(2.000000,0.508000,0.000000); 12.8522
(2.000000,0.512000,0.000000); 12.8473
(2.000000,0.516000,0.000000); 12.8423
(2.000000,0.520000,0.000000); 12.8373
(2.000000,0.524000,0.000000); 12.8324
(2.000000,0.528000,0.000000); 12.8274
(2.000000,0.532000,0.000000); 12.8225
(2.000000,0.536000,0.000000); 12.8175
(2.000000,0.540000,0.000000); 12.8125
(2.000000,0.544000,0.000000); 12.8076
(2.000000,0.548000,0.000000); 12.8026
(2.000000,0.552000,0.000000); 12.7976
(2.000000,0.556000,0.000000); 12.7927
(2.000000,0.560000,0.000000); 12.7877
(2.000000,0.564000,0.000000); 12.7827
(2.000000,0.568000,0.000000); 12.7778
(2.000000,0.572000,0.000000); 12.7728
(2.000000,0.576000,0.000000); 12.7678
(2.000000,0.580000,0.000000); 12.7629
(2.000000,0.584000,0.000000); 12.7579
(2.000000,0.588000,0.000000); 12.7529
(2.000000,0.592000,0.000000); 12.748
(2.000000,0.596000,0.000000); 12.743
(2.000000,0.600000,0.000000); 12.738
(2.000000,0.604000,0.000000); 12.7331
(2.000000,0.608000,0.000000); 12.7281
(2.000000,0.612000,0.000000); 12.7231
(2.000000,0.616000,0.000000); 12.7182
(2.000000,0.620000,0.000000); 12.7132
(2.000000,0.624000,0.000000); 12.7082
(2.000000,0.628000,0.000000); 12.7033
(2.000000,0.632000,0.000000); 12.6983
(2.000000,0.636000,0.000000); 12.6933
(2.000000,0.640000,0.000000); 12.6884
(2.000000,0.644000,0.000000); 12.6834
(2.000000,0.648000,0.000000); 12.6784
(2.000000,0.652000,0.000000); 12.6735
(2.000000,0.656000,0.000000); 12.6685
(2.000000,0.660000,0.000000); 12.6635
(2.000000,0.664000,0.000000); 12.6586
(2.000000,0.668000,0.000000); 12.6536
(2.000000,0.672000,0.000000); 12.6486
(2.000000,0.676000,0.000000); 12.6437
(2.000000,0.680000,0.000000); 12.6387
(2.000000,0.684000,0.000000); 12.6337
(2.000000,0.688000,0.000000); 12.6288
(2.000000,0.692000,0.000000); 12.6238
(2.000000,0.696000,0.000000); 12.6188
(2.000000,0.700000,0.000000); 12.6139
(2.000000,0.704000,0.000000); 12.6089
(2.000000,0.708000,0.000000); 12.604
(2.000000,0.712000,0.000000); 12.599
(2.000000,0.716000,0.000000); 12.594
(2.000000,0.720000,0.000000); 12.5891
(2.000000,0.724000,0.000000); 12.5841
(2.000000,0.728000,0.000000); 12.5791
(2.000000,0.732000,0.000000); 12.5742
(2.000000,0.736000,0.000000); 12.5692
(2.000000,0.740000,0.000000); 12.5642
(2.000000,0.744000,0.000000); 12.5593
(2.000000,0.748000,0.000000); 12.5543
(2.000000,0.752000,0.000000); 12.5493
(2.000000,0.756000,0.000000); 12.5444
(2.000000,0.760000,0.000000); 12.5394
(2.000000,0.764000,0.000000); 12.5344
(2.000000,0.768000,0.000000); 12.5295
(2.000000,0.772000,0.000000); 12.5245
(2.000000,0.776000,0.000000); 12.5195
(2.000000,0.780000,0.000000); 12.5146
(2.000000,0.784000,0.000000); 12.5096
(2.000000,0.788000,0.000000); 12.5046
(2.000000,0.792000,0.000000); 12.4997
(2.000000,0.796000,0.000000); 12.4947
(2.000000,0.800000,0.000000); 12.4897
(2.000000,0.804000,0.000000); 12.4848
(2.000000,0.808000,0.000000); 12.4798
(2.000000,0.812000,0.000000); 12.4748
(2.000000,0.816000,0.000000); 12.4699
(2.000000,0.820000,0.000000); 12.4649
(2.000000,0.824000,0.000000); 12.4599
(2.000000,0.828000,0.000000); 12.455
(2.000000,0.832000,0.000000); 12.45
(2.000000,0.836000,0.000000); 12.445
(2.000000,0.840000,0.000000); 12.4401
(2.000000,0.844000,0.000000); 12.4351
(2.000000,0.848000,0.000000); 12.4301
(2.000000,0.852000,0.000000); 12.4252
(2.000000,0.856000,0.000000); 12.4202
(2.000000,0.860000,0.000000); 12.4152
(2.000000,0.864000,0.000000); 12.4103
(2.000000,0.868000,0.000000); 12.4053
(2.000000,0.872000,0.000000); 12.4003
(2.000000,0.876000,0.000000); 12.3954
(2.000000,0.880000,0.000000); 12.3904
(2.000000,0.884000,0.000000); 12.3855
(2.000000,0.888000,0.000000); 12.3805
(2.000000,0.892000,0.000000); 12.3755
(2.000000,0.896000,0.000000); 12.3706
(2.000000,0.900000,0.000000); 12.3656
(2.000000,0.904000,0.000000); 12.3606
(2.000000,0.908000,0.000000); 12.3557
(2.000000,0.912000,0.000000); 12.3507
(2.000000,0.916000,0.000000); 12.3457
(2.000000,0.920000,0.000000); 12.3408
(2.000000,0.924000,0.000000); 12.3358
(2.000000,0.928000,0.000000); 12.3308
(2.000000,0.932000,0.000000); 12.3259
(2.000000,0.936000,0.000000); 12.3209
(2.000000,0.940000,0.000000); 12.3159
(2.000000,0.944000,0.000000); 12.311
(2.000000,0.948000,0.000000); 12.306
(2.000000,0.952000,0.000000); 12.301
(2.000000,0.956000,0.000000); 12.2961
(2.000000,0.960000,0.000000); 12.2911
(2.000000,0.964000,0.000000); 12.2861
(2.000000,0.968000,0.000000); 12.2812
(2.000000,0.972000,0.000000); 12.2762
(2.000000,0.976000,0.000000); 12.2712
(2.000000,0.980000,0.000000); 12.2663
(2.000000,0.984000,0.000000); 12.2613
(2.000000,0.988000,0.000000); 12.2563
(2.000000,0.992000,0.000000); 12.2514
(2.000000,0.996000,0.000000); 12.2464
(2.000000,1.000000,0.000000); 12.2414
(2.000000,1.004000,0.000000); 12.2365
(2.000000,1.008000,0.000000); 12.2315
(2.000000,1.012000,0.000000); 12.2265
(2.000000,1.016000,0.000000); 12.2216
(2.000000,1.020000,0.000000); 12.2166
(2.000000,1.024000,0.000000); 12.2116
(2.000000,1.028000,0.000000); 12.2067
(2.000000,1.032000,0.000000); 12.2017
(2.000000,1.036000,0.000000); 12.1967
(2.000000,1.040000,0.000000); 12.1918
(2.000000,1.044000,0.000000); 12.1868
(2.000000,1.048000,0.000000); 12.1818
(2.000000,1.052000,0.000000); 12.1769
(2.000000,1.056000,0.000000); 12.1719
(2.000000,1.060000,0.000000); 12.167
(2.000000,1.064000,0.000000); 12.162
(2.000000,1.068000,0.000000); 12.157
(2.000000,1.072000,0.000000); 12.1521
(2.000000,1.076000,0.000000); 12.1471
(2.000000,1.080000,0.000000); 12.1421
(2.000000,1.084000,0.000000); 12.1372
(2.000000,1.088000,0.000000); 12.1322
(2.000000,1.092000,0.000000); 12.1272
(2.000000,1.096000,0.000000); 12.1223
(2.000000,1.100000,0.000000); 12.1173
(2.000000,1.104000,0.000000); 12.1123
(2.000000,1.108000,0.000000); 12.1074
(2.000000,1.112000,0.000000); 12.1024
(2.000000,1.116000,0.000000); 12.0974
(2.000000,1.120000,0.000000); 12.0925
(2.000000,1.124000,0.000000); 12.0875
(2.000000,1.128000,0.000000); 12.0825
(2.000000,1.132000,0.000000); 12.0776
(2.000000,1.136000,0.000000); 12.0726
(2.000000,1.140000,0.000000); 12.0676
(2.000000,1.144000,0.000000); 12.0627
(2.000000,1.148000,0.000000); 12.0577
(2.000000,1.152000,0.000000); 12.0527
(2.000000,1.156000,0.000000); 12.0478
(2.000000,1.160000,0.000000); 12.0428
(2.000000,1.164000,0.000000); 12.0378
(2.000000,1.168000,0.000000); 12.0329
(2.000000,1.172000,0.000000); 12.0279
(2.000000,1.176000,0.000000); 12.0229
(2.000000,1.180000,0.000000); 12.018
(2.000000,1.184000,0.000000); 12.013
(2.000000,1.188000,0.000000); 12.008
(2.000000,1.192000,0.000000); 12.0031
(2.000000,1.196000,0.000000); 11.9981
(2.000000,1.200000,0.000000); 11.9931
(2.000000,1.204000,0.000000); 11.9882
(2.000000,1.208000,0.000000); 11.9832
(2.000000,1.212000,0.000000); 11.9782
(2.000000,1.216000,0.000000); 11.9733
(2.000000,1.220000,0.000000); 11.9683
(2.000000,1.224000,0.000000); 11.9633
(2.000000,1.228000,0.000000); 11.9584
(2.000000,1.232000,0.000000); 11.9534
(2.000000,1.236000,0.000000); 11.9485
(2.000000,1.240000,0.000000); 11.9435
(2.000000,1.244000,0.000000); 11.9385
(2.000000,1.248000,0.000000); 11.9336
(2.000000,1.252000,0.000000); 11.9286
(2.000000,1.256000,0.000000); 11.9236
(2.000000,1.260000,0.000000); 11.9187
(2.000000,1.264000,0.000000); 11.9137
(2.000000,1.268000,0.000000); 11.9087
(2.000000,1.272000,0.000000); 11.9038
(2.000000,1.276000,0.000000); 11.8988
(2.000000,1.280000,0.000000); 11.8938
(2.000000,1.284000,0.000000); 11.8889
(2.000000,1.288000,0.000000); 11.8839
(2.000000,1.292000,0.000000); 11.8789
(2.000000,1.296000,0.000000); 11.874
(2.000000,1.300000,0.000000); 11.869
(2.000000,1.304000,0.000000); 11.864
(2.000000,1.308000,0.000000); 11.8591
(2.000000,1.312000,0.000000); 11.8541
(2.000000,1.316000,0.000000); 11.8491
(2.000000,1.320000,0.000000); 11.8442
(2.000000,1.324000,0.000000); 11.8392
(2.000000,1.328000,0.000000); 11.8342
(2.000000,1.332000,0.000000); 11.8293
(2.000000,1.336000,0.000000); 11.8243
(2.000000,1.340000,0.000000); 11.8193
(2.000000,1.344000,0.000000); 11.8144
(2.000000,1.348000,0.000000); 11.8094
(2.000000,1.352000,0.000000); 11.8044
(2.000000,1.356000,0.000000); 11.7995
(2.000000,1.360000,0.000000); 11.7945
(2.000000,1.364000,0.000000); 11.7895
(2.000000,1.368000,0.000000); 11.7846
(2.000000,1.372000,0.000000); 11.7796
(2.000000,1.376000,0.000000); 11.7746
(2.000000,1.380000,0.000000); 11.7697
(2.000000,1.384000,0.000000); 11.7647
(2.000000,1.388000,0.000000); 11.7597
(2.000000,1.392000,0.000000); 11.7548
(2.000000,1.396000,0.000000); 11.7498
(2.000000,1.400000,0.000000); 11.7448
(2.000000,1.404000,0.000000); 11.7399
(2.000000,1.408000,0.000000); 11.7349
(2.000000,1.412000,0.000000); 11.73
(2.000000,1.416000,0.000000); 11.725
(2.000000,1.420000,0.000000); 11.72
(2.000000,1.424000,0.000000); 11.7151
(2.000000,1.428000,0.000000); 11.7101
(2.000000,1.432000,0.000000); 11.7051
(2.000000,1.436000,0.000000); 11.7002
(2.000000,1.440000,0.000000); 11.6952
(2.000000,1.444000,0.000000); 11.6902
(2.000000,1.448000,0.000000); 11.6853
(2.000000,1.452000,0.000000); 11.6803
(2.000000,1.456000,0.000000); 11.6753
(2.000000,1.460000,0.000000); 11.6704
(2.000000,1.464000,0.000000); 11.6654
(2.000000,1.468000,0.000000); 11.6604
(2.000000,1.472000,0.000000); 11.6555
(2.000000,1.476000,0.000000); 11.6505
(2.000000,1.480000,0.000000); 11.6455
(2.000000,1.484000,0.000000); 11.6406
(2.000000,1.488000,0.000000); 11.6356
(2.000000,1.492000,0.000000); 11.6306
(2.000000,1.496000,0.000000); 11.6257
(2.000000,1.500000,0.000000); 11.6207
(2.000000,1.504000,0.000000); 11.6157
(2.000000,1.508000,0.000000); 11.6108
(2.000000,1.512000,0.000000); 11.6058
(2.000000,1.516000,0.000000); 11.6008
(2.000000,1.520000,0.000000); 11.5959
(2.000000,1.524000,0.000000); 11.5909
(2.000000,1.528000,0.000000); 11.5859
(2.000000,1.532000,0.000000); 11.581
(2.000000,1.536000,0.000000); 11.576
(2.000000,1.540000,0.000000); 11.571
(2.000000,1.544000,0.000000); 11.5661
(2.000000,1.548000,0.000000); 11.5611
(2.000000,1.552000,0.000000); 11.5561
(2.000000,1.556000,0.000000); 11.5512
(2.000000,1.560000,0.000000); 11.5462
(2.000000,1.564000,0.000000); 11.5412
(2.000000,1.568000,0.000000); 11.5363
(2.000000,1.572000,0.000000); 11.5313
(2.000000,1.576000,0.000000); 11.5263
(2.000000,1.580000,0.000000); 11.5214
(2.000000,1.584000,0.000000); 11.5164
(2.000000,1.588000,0.000000); 11.5114
(2.000000,1.592000,0.000000); 11.5065
(2.000000,1.596000,0.000000); 11.5015
(2.000000,1.600000,0.000000); 11.4966
(2.000000,1.604000,0.000000); 11.4916
(2.000000,1.608000,0.000000); 11.4866
(2.000000,1.612000,0.000000); 11.4817
(2.000000,1.616000,0.000000); 11.4767
(2.000000,1.620000,0.000000); 11.4717
(2.000000,1.624000,0.000000); 11.4668
(2.000000,1.628000,0.000000); 11.4618
(2.000000,1.632000,0.000000); 11.4568
(2.000000,1.636000,0.000000); 11.4519
(2.000000,1.640000,0.000000); 11.4469
(2.000000,1.644000,0.000000); 11.4419
(2.000000,1.648000,0.000000); 11.437
(2.000000,1.652000,0.000000); 11.432
(2.000000,1.656000,0.000000); 11.427
(2.000000,1.660000,0.000000); 11.4221
(2.000000,1.664000,0.000000); 11.4171
(2.000000,1.668000,0.000000); 11.4121
(2.000000,1.672000,0.000000); 11.4072
(2.000000,1.676000,0.000000); 11.4022
(2.000000,1.680000,0.000000); 11.3972
(2.000000,1.684000,0.000000); 11.3923
(2.000000,1.688000,0.000000); 11.3873
(2.000000,1.692000,0.000000); 11.3823
(2.000000,1.696000,0.000000); 11.3774
(2.000000,1.700000,0.000000); 11.3724
(2.000000,1.704000,0.000000); 11.3674
(2.000000,1.708000,0.000000); 11.3625
(2.000000,1.712000,0.000000); 11.3575
(2.000000,1.716000,0.000000); 11.3525
(2.000000,1.720000,0.000000); 11.3476
(2.000000,1.724000,0.000000); 11.3426
(2.000000,1.728000,0.000000); 11.3376
(2.000000,1.732000,0.000000); 11.3327
(2.000000,1.736000,0.000000); 11.3277
(2.000000,1.740000,0.000000); 11.3227
(2.000000,1.744000,0.000000); 11.3178
(2.000000,1.748000,0.000000); 11.3128
(2.000000,1.752000,0.000000); 11.3078
(2.000000,1.756000,0.000000); 11.3029
(2.000000,1.760000,0.000000); 11.2979
(2.000000,1.764000,0.000000); 11.2929
(2.000000,1.768000,0.000000); 11.288
(2.000000,1.772000,0.000000); 11.283
(2.000000,1.776000,0.000000); 11.278
(2.000000,1.780000,0.000000); 11.2731
(2.000000,1.784000,0.000000); 11.2681
(2.000000,1.788000,0.000000); 11.2632
(2.000000,1.792000,0.000000); 11.2582
(2.000000,1.796000,0.000000); 11.2532
(2.000000,1.800000,0.000000); 11.2483
(2.000000,1.804000,0.000000); 11.2433
(2.000000,1.808000,0.000000); 11.2383
(2.000000,1.812000,0.000000); 11.2334
(2.000000,1.816000,0.000000); 11.2284
(2.000000,1.820000,0.000000); 11.2234
(2.000000,1.824000,0.000000); 11.2185
(2.000000,1.828000,0.000000); 11.2135
(2.000000,1.832000,0.000000); 11.2085
(2.000000,1.836000,0.000000); 11.2036
(2.000000,1.840000,0.000000); 11.1986
(2.000000,1.844000,0.000000); 11.1936
(2.000000,1.848000,0.000000); 11.1887
(2.000000,1.852000,0.000000); 11.1837
(2.000000,1.856000,0.000000); 11.1787
(2.000000,1.860000,0.000000); 11.1738
(2.000000,1.864000,0.000000); 11.1688
(2.000000,1.868000,0.000000); 11.1638
(2.000000,1.872000,0.000000); 11.1589
(2.000000,1.876000,0.000000); 11.1539
(2.000000,1.880000,0.000000); 11.1489
(2.000000,1.884000,0.000000); 11.144
(2.000000,1.888000,0.000000); 11.139
(2.000000,1.892000,0.000000); 11.134
(2.000000,1.896000,0.000000); 11.1291
(2.000000,1.900000,0.000000); 11.1241
(2.000000,1.904000,0.000000); 11.1191
(2.000000,1.908000,0.000000); 11.1142
(2.000000,1.912000,0.000000); 11.1092
(2.000000,1.916000,0.000000); 11.1042
(2.000000,1.920000,0.000000); 11.0993
(2.000000,1.924000,0.000000); 11.0943
(2.000000,1.928000,0.000000); 11.0893
(2.000000,1.932000,0.000000); 11.0844
(2.000000,1.936000,0.000000); 11.0794
(2.000000,1.940000,0.000000); 11.0744
(2.000000,1.944000,0.000000); 11.0695
(2.000000,1.948000,0.000000); 11.0645
(2.000000,1.952000,0.000000); 11.0595
(2.000000,1.956000,0.000000); 11.0546
(2.000000,1.960000,0.000000); 11.0496
(2.000000,1.964000,0.000000); 11.0446
(2.000000,1.968000,0.000000); 11.0397
(2.000000,1.972000,0.000000); 11.0347
(2.000000,1.976000,0.000000); 11.0297
(2.000000,1.980000,0.000000); 11.0248
(2.000000,1.984000,0.000000); 11.0198
(2.000000,1.988000,0.000000); 11.0149
(2.000000,1.992000,0.000000); 11.0099
(2.000000,1.996000,0.000000); 11.0049
(2.000000,2.000000,0.000000); 11
(2.000000,2.004000,0.000000); 10.995
(2.000000,2.008000,0.000000); 10.99
(2.000000,2.012000,0.000000); 10.9851
(2.000000,2.016000,0.000000); 10.9801
(2.000000,2.020000,0.000000); 10.9751
(2.000000,2.024000,0.000000); 10.9702
(2.000000,2.028000,0.000000); 10.9652
(2.000000,2.032000,0.000000); 10.9602
(2.000000,2.036000,0.000000); 10.9553
(2.000000,2.040000,0.000000); 10.9503
(2.000000,2.044000,0.000000); 10.9453
(2.000000,2.048000,0.000000); 10.9404
(2.000000,2.052000,0.000000); 10.9354
(2.000000,2.056000,0.000000); 10.9304
(2.000000,2.060000,0.000000); 10.9255
(2.000000,2.064000,0.000000); 10.9205
(2.000000,2.068000,0.000000); 10.9155
(2.000000,2.072000,0.000000); 10.9106
(2.000000,2.076000,0.000000); 10.9056
(2.000000,2.080000,0.000000); 10.9006
(2.000000,2.084000,0.000000); 10.8957
(2.000000,2.088000,0.000000); 10.8907
(2.000000,2.092000,0.000000); 10.8857
(2.000000,2.096000,0.000000); 10.8808
(2.000000,2.100000,0.000000); 10.8758
(2.000000,2.104000,0.000000); 10.8708
(2.000000,2.108000,0.000000); 10.8659
(2.000000,2.112000,0.000000); 10.8609
(2.000000,2.116000,0.000000); 10.8559
(2.000000,2.120000,0.000000); 10.851
(2.000000,2.124000,0.000000); 10.846
(2.000000,2.128000,0.000000); 10.841
(2.000000,2.132000,0.000000); 10.8361
(2.000000,2.136000,0.000000); 10.8311
(2.000000,2.140000,0.000000); 10.8261
(2.000000,2.144000,0.000000); 10.8212
(2.000000,2.148000,0.000000); 10.8162
(2.000000,2.152000,0.000000); 10.8112
(2.000000,2.156000,0.000000); 10.8063
(2.000000,2.160000,0.000000); 10.8013
(2.000000,2.164000,0.000000); 10.7963
(2.000000,2.168000,0.000000); 10.7914
(2.000000,2.172000,0.000000); 10.7864
(2.000000,2.176000,0.000000); 10.7814
(2.000000,2.180000,0.000000); 10.7765
(2.000000,2.184000,0.000000); 10.7715
(2.000000,2.188000,0.000000); 10.7666
(2.000000,2.192000,0.000000); 10.7616
(2.000000,2.196000,0.000000); 10.7566
(2.000000,2.200000,0.000000); 10.7517
(2.000000,2.204000,0.000000); 10.7467
(2.000000,2.208000,0.000000); 10.7417
(2.000000,2.212000,0.000000); 10.7368
(2.000000,2.216000,0.000000); 10.7318
(2.000000,2.220000,0.000000); 10.7268
(2.000000,2.224000,0.000000); 10.7219
(2.000000,2.228000,0.000000); 10.7169
(2.000000,2.232000,0.000000); 10.7119
(2.000000,2.236000,0.000000); 10.707
(2.000000,2.240000,0.000000); 10.702
(2.000000,2.244000,0.000000); 10.697
(2.000000,2.248000,0.000000); 10.6921
(2.000000,2.252000,0.000000); 10.6871
(2.000000,2.256000,0.000000); 10.6821
(2.000000,2.260000,0.000000); 10.6772
(2.000000,2.264000,0.000000); 10.6722
(2.000000,2.268000,0.000000); 10.6672
(2.000000,2.272000,0.000000); 10.6623
(2.000000,2.276000,0.000000); 10.6573
(2.000000,2.280000,0.000000); 10.6523
(2.000000,2.284000,0.000000); 10.6474
(2.000000,2.288000,0.000000); 10.6424
(2.000000,2.292000,0.000000); 10.6374
(2.000000,2.296000,0.000000); 10.6325
(2.000000,2.300000,0.000000); 10.6275
(2.000000,2.304000,0.000000); 10.6225
(2.000000,2.308000,0.000000); 10.6176
(2.000000,2.312000,0.000000); 10.6126
(2.000000,2.316000,0.000000); 10.6076
(2.000000,2.320000,0.000000); 10.6027
(2.000000,2.324000,0.000000); 10.5977
(2.000000,2.328000,0.000000); 10.5927
(2.000000,2.332000,0.000000); 10.5878
(2.000000,2.336000,0.000000); 10.5828
(2.000000,2.340000,0.000000); 10.5778
(2.000000,2.344000,0.000000); 10.5729
(2.000000,2.348000,0.000000); 10.5679
(2.000000,2.352000,0.000000); 10.5629
(2.000000,2.356000,0.000000); 10.558
(2.000000,2.360000,0.000000); 10.553
(2.000000,2.364000,0.000000); 10.548
(2.000000,2.368000,0.000000); 10.5431
(2.000000,2.372000,0.000000); 10.5381
(2.000000,2.376000,0.000000); 10.5331
(2.000000,2.380000,0.000000); 10.5282
(2.000000,2.384000,0.000000); 10.5232
(2.000000,2.388000,0.000000); 10.5182
(2.000000,2.392000,0.000000); 10.5133
(2.000000,2.396000,0.000000); 10.5083
(2.000000,2.400000,0.000000); 10.5034
(2.000000,2.404000,0.000000); 10.4984
(2.000000,2.408000,0.000000); 10.4934
(2.000000,2.412000,0.000000); 10.4885
(2.000000,2.416000,0.000000); 10.4835
(2.000000,2.420000,0.000000); 10.4785
(2.000000,2.424000,0.000000); 10.4736
(2.000000,2.428000,0.000000); 10.4686
(2.000000,2.432000,0.000000); 10.4636
(2.000000,2.436000,0.000000); 10.4587
(2.000000,2.440000,0.000000); 10.4537
(2.000000,2.444000,0.000000); 10.4487
(2.000000,2.448000,0.000000); 10.4438
(2.000000,2.452000,0.000000); 10.4388
(2.000000,2.456000,0.000000); 10.4338
(2.000000,2.460000,0.000000); 10.4289
(2.000000,2.464000,0.000000); 10.4239
(2.000000,2.468000,0.000000); 10.4189
(2.000000,2.472000,0.000000); 10.414
(2.000000,2.476000,0.000000); 10.409
(2.000000,2.480000,0.000000); 10.404
(2.000000,2.484000,0.000000); 10.3991
(2.000000,2.488000,0.000000); 10.3941
(2.000000,2.492000,0.000000); 10.3891
(2.000000,2.496000,0.000000); 10.3842
(2.000000,2.500000,0.000000); 10.3792
(2.000000,2.504000,0.000000); 10.3742
(2.000000,2.508000,0.000000); 10.3693
(2.000000,2.512000,0.000000); 10.3643
(2.000000,2.516000,0.000000); 10.3593
(2.000000,2.520000,0.000000); 10.3544
(2.000000,2.524000,0.000000); 10.3494
(2.000000,2.528000,0.000000); 10.3444
(2.000000,2.532000,0.000000); 10.3395
(2.000000,2.536000,0.000000); 10.3345
(2.000000,2.540000,0.000000); 10.3295
(2.000000,2.544000,0.000000); 10.3246
(2.000000,2.548000,0.000000); 10.3196
(2.000000,2.552000,0.000000); 10.3146
(2.000000,2.556000,0.000000); 10.3097
(2.000000,2.560000,0.000000); 10.3047
(2.000000,2.564000,0.000000); 10.2997
(2.000000,2.568000,0.000000); 10.2948
(2.000000,2.572000,0.000000); 10.2898
(2.000000,2.576000,0.000000); 10.2848
(2.000000,2.580000,0.000000); 10.2799
(2.000000,2.584000,0.000000); 10.2749
(2.000000,2.588000,0.000000); 10.2699
(2.000000,2.592000,0.000000); 10.265
(2.000000,2.596000,0.000000); 10.26
(2.000000,2.600000,0.000000); 10.255
(2.000000,2.604000,0.000000); 10.2501
(2.000000,2.608000,0.000000); 10.2451
(2.000000,2.612000,0.000000); 10.2401
(2.000000,2.616000,0.000000); 10.2352
(2.000000,2.620000,0.000000); 10.2302
(2.000000,2.624000,0.000000); 10.2252
(2.000000,2.628000,0.000000); 10.2203
(2.000000,2.632000,0.000000); 10.2153
(2.000000,2.636000,0.000000); 10.2104
(2.000000,2.640000,0.000000); 10.2054
(2.000000,2.644000,0.000000); 10.2004
(2.000000,2.648000,0.000000); 10.1955
(2.000000,2.652000,0.000000); 10.1905
(2.000000,2.656000,0.000000); 10.1855
(2.000000,2.660000,0.000000); 10.1806
(2.000000,2.664000,0.000000); 10.1756
(2.000000,2.668000,0.000000); 10.1706
(2.000000,2.672000,0.000000); 10.1657
(2.000000,2.676000,0.000000); 10.1607
(2.000000,2.680000,0.000000); 10.1557
(2.000000,2.684000,0.000000); 10.1508
(2.000000,2.688000,0.000000); 10.1458
(2.000000,2.692000,0.000000); 10.1408
(2.000000,2.696000,0.000000); 10.1359
(2.000000,2.700000,0.000000); 10.1309
(2.000000,2.704000,0.000000); 10.1259
(2.000000,2.708000,0.000000); 10.121
(2.000000,2.712000,0.000000); 10.116
(2.000000,2.716000,0.000000); 10.1111
(2.000000,2.720000,0.000000); 10.1061
(2.000000,2.724000,0.000000); 10.1011
(2.000000,2.728000,0.000000); 10.0962
(2.000000,2.732000,0.000000); 10.0912
(2.000000,2.736000,0.000000); 10.0862
(2.000000,2.740000,0.000000); 10.0813
(2.000000,2.744000,0.000000); 10.0763
(2.000000,2.748000,0.000000); 10.0713
(2.000000,2.752000,0.000000); 10.0664
(2.000000,2.756000,0.000000); 10.0614
(2.000000,2.760000,0.000000); 10.0564
(2.000000,2.764000,0.000000); 10.0515
(2.000000,2.768000,0.000000); 10.0465
(2.000000,2.772000,0.000000); 10.0415
(2.000000,2.776000,0.000000); 10.0365
(2.000000,2.780000,0.000000); 10.0316
(2.000000,2.784000,0.000000); 10.0266
(2.000000,2.788000,0.000000); 10.0216
(2.000000,2.792000,0.000000); 10.0167
(2.000000,2.796000,0.000000); 10.0117
(2.000000,2.800000,0.000000); 10.0067
(2.000000,2.804000,0.000000); 10.0017
(2.000000,2.808000,0.000000); 9.99677
(2.000000,2.812000,0.000000); 9.9918
(2.000000,2.816000,0.000000); 9.98683
(2.000000,2.820000,0.000000); 9.98186
(2.000000,2.824000,0.000000); 9.97689
(2.000000,2.828000,0.000000); 9.97192
(2.000000,2.832000,0.000000); 9.96694
(2.000000,2.836000,0.000000); 9.96197
(2.000000,2.840000,0.000000); 9.957
(2.000000,2.844000,0.000000); 9.95203
(2.000000,2.848000,0.000000); 9.94706
(2.000000,2.852000,0.000000); 9.94209
(2.000000,2.856000,0.000000); 9.93711
(2.000000,2.860000,0.000000); 9.93214
(2.000000,2.864000,0.000000); 9.92717
(2.000000,2.868000,0.000000); 9.9222
(2.000000,2.872000,0.000000); 9.91723
(2.000000,2.876000,0.000000); 9.91226
(2.000000,2.880000,0.000000); 9.90729
(2.000000,2.884000,0.000000); 9.90232
(2.000000,2.888000,0.000000); 9.89735
(2.000000,2.892000,0.000000); 9.89239
(2.000000,2.896000,0.000000); 9.88745
(2.000000,2.900000,0.000000); 9.8825
(2.000000,2.904000,0.000000); 9.87755
(2.000000,2.908000,0.000000); 9.8726
(2.000000,2.912000,0.000000); 9.86766
(2.000000,2.916000,0.000000); 9.86271
(2.000000,2.920000,0.000000); 9.85776
(2.000000,2.924000,0.000000); 9.85281
(2.000000,2.928000,0.000000); 9.84787
(2.000000,2.932000,0.000000); 9.84292
(2.000000,2.936000,0.000000); 9.83797
(2.000000,2.940000,0.000000); 9.83303
(2.000000,2.944000,0.000000); 9.82808
(2.000000,2.948000,0.000000); 9.82313
(2.000000,2.952000,0.000000); 9.81818
(2.000000,2.956000,0.000000); 9.81324
(2.000000,2.960000,0.000000); 9.80829
(2.000000,2.964000,0.000000); 9.80334
(2.000000,2.968000,0.000000); 9.79839
(2.000000,2.972000,0.000000); 9.79345
(2.000000,2.976000,0.000000); 9.7885
(2.000000,2.980000,0.000000); 9.78355
(2.000000,2.984000,0.000000); 9.7786
(2.000000,2.988000,0.000000); 9.77366
(2.000000,2.992000,0.000000); 9.76871
(2.000000,2.996000,0.000000); 9.76376
(2.000000,3.000000,0.000000); 9.75882
(2.000000,3.004000,0.000000); 9.75387
(2.000000,3.008000,0.000000); 9.74892
(2.000000,3.012000,0.000000); 9.74397
(2.000000,3.016000,0.000000); 9.73903
(2.000000,3.020000,0.000000); 9.73408
(2.000000,3.024000,0.000000); 9.72892
(2.000000,3.028000,0.000000); 9.72373
(2.000000,3.032000,0.000000); 9.71854
(2.000000,3.036000,0.000000); 9.71336
(2.000000,3.040000,0.000000); 9.70817
(2.000000,3.044000,0.000000); 9.70299
(2.000000,3.048000,0.000000); 9.6978
(2.000000,3.052000,0.000000); 9.69261
(2.000000,3.056000,0.000000); 9.68743
(2.000000,3.060000,0.000000); 9.68224
(2.000000,3.064000,0.000000); 9.67706
(2.000000,3.068000,0.000000); 9.67187
(2.000000,3.072000,0.000000); 9.66668
(2.000000,3.076000,0.000000); 9.6615
(2.000000,3.080000,0.000000); 9.65631
(2.000000,3.084000,0.000000); 9.65113
(2.000000,3.088000,0.000000); 9.64594
(2.000000,3.092000,0.000000); 9.64075
(2.000000,3.096000,0.000000); 9.63557
(2.000000,3.100000,0.000000); 9.63038
(2.000000,3.104000,0.000000); 9.6252
(2.000000,3.108000,0.000000); 9.62001
(2.000000,3.112000,0.000000); 9.61482
(2.000000,3.116000,0.000000); 9.60964
(2.000000,3.120000,0.000000); 9.60448
(2.000000,3.124000,0.000000); 9.59948
(2.000000,3.128000,0.000000); 9.59448
(2.000000,3.132000,0.000000); 9.58949
(2.000000,3.136000,0.000000); 9.58449
(2.000000,3.140000,0.000000); 9.57949
(2.000000,3.144000,0.000000); 9.57415
(2.000000,3.148000,0.000000); 9.56801
(2.000000,3.152000,0.000000); 9.56187
(2.000000,3.156000,0.000000); 9.55631
(2.000000,3.160000,0.000000); 9.55363
(2.000000,3.164000,0.000000); 9.55096
(2.000000,3.168000,0.000000); 9.54828
(2.000000,3.172000,0.000000); 9.54561
(2.000000,3.176000,0.000000); 9.54293
(2.000000,3.180000,0.000000); 9.54026
(2.000000,3.184000,0.000000); 9.53759
(2.000000,3.188000,0.000000); 9.53491
(2.000000,3.192000,0.000000); 9.53224
(2.000000,3.196000,0.000000); 9.52941
(2.000000,3.200000,0.000000); 9.52632
(2.000000,3.204000,0.000000); 9.52324
(2.000000,3.208000,0.000000); 9.52016
(2.000000,3.212000,0.000000); 9.51707
(2.000000,3.216000,0.000000); 9.51399
(2.000000,3.220000,0.000000); 9.5109
(2.000000,3.224000,0.000000); 9.50782
(2.000000,3.228000,0.000000); 9.50474
(2.000000,3.232000,0.000000); 9.50165
(2.000000,3.236000,0.000000); 9.49857
(2.000000,3.240000,0.000000); 9.49549
(2.000000,3.244000,0.000000); 9.4924
(2.000000,3.248000,0.000000); 9.48932
(2.000000,3.252000,0.000000); 9.48624
(2.000000,3.256000,0.000000); 9.48315
(2.000000,3.260000,0.000000); 9.48007
(2.000000,3.264000,0.000000); 9.47699
(2.000000,3.268000,0.000000); 9.46473
(2.000000,3.272000,0.000000); 9.45066
(2.000000,3.276000,0.000000); 9.4366
(2.000000,3.280000,0.000000); 9.42254
(2.000000,3.284000,0.000000); 9.40848
(2.000000,3.288000,0.000000); 9.39442
(2.000000,3.292000,0.000000); 9.38036
(2.000000,3.296000,0.000000); 9.36629
(2.000000,3.300000,0.000000); 9.35223
(2.000000,3.304000,0.000000); 9.33817
(2.000000,3.308000,0.000000); 9.32411
(2.000000,3.312000,0.000000); 9.31005
(2.000000,3.316000,0.000000); 9.29617
(2.000000,3.320000,0.000000); 9.28304
(2.000000,3.324000,0.000000); 9.26991
(2.000000,3.328000,0.000000); 9.25678
(2.000000,3.332000,0.000000); 9.24365
(2.000000,3.336000,0.000000); 9.23051
(2.000000,3.340000,0.000000); 9.21738
(2.000000,3.344000,0.000000); 9.20425
(2.000000,3.348000,0.000000); 9.19112
(2.000000,3.352000,0.000000); 9.17799
(2.000000,3.356000,0.000000); 9.16486
(2.000000,3.360000,0.000000); 9.15173
(2.000000,3.364000,0.000000); 9.1386
(2.000000,3.368000,0.000000); 9.12546
(2.000000,3.372000,0.000000); 9.11233
(2.000000,3.376000,0.000000); 9.0992
(2.000000,3.380000,0.000000); 9.08607
(2.000000,3.384000,0.000000); 9.07986
(2.000000,3.388000,0.000000); 9.11541
(2.000000,3.392000,0.000000); 9.15097
(2.000000,3.396000,0.000000); 9.18652
(2.000000,3.400000,0.000000); 9.22208
(2.000000,3.404000,0.000000); 9.25763
(2.000000,3.408000,0.000000); 9.29318
(2.000000,3.412000,0.000000); 9.32874
(2.000000,3.416000,0.000000); 9.36429
(2.000000,3.420000,0.000000); 9.39985
(2.000000,3.424000,0.000000); 9.4354
(2.000000,3.428000,0.000000); 9.47096
(2.000000,3.432000,0.000000); 9.50651
(2.000000,3.436000,0.000000); 9.54207
(2.000000,3.440000,0.000000); 9.57762
(2.000000,3.444000,0.000000); 9.61318
(2.000000,3.448000,0.000000); 9.64873
(2.000000,3.452000,0.000000); 9.68428
(2.000000,3.456000,0.000000); 9.71984
(2.000000,3.460000,0.000000); 9.75539
(2.000000,3.464000,0.000000); 9.79095
(2.000000,3.468000,0.000000); 9.8265
(2.000000,3.472000,0.000000); 9.86206
(2.000000,3.476000,0.000000); 9.89761
(2.000000,3.480000,0.000000); 9.93361
(2.000000,3.484000,0.000000); 9.97014
(2.000000,3.488000,0.000000); 10.0067
(2.000000,3.492000,0.000000); 10.0432
(2.000000,3.496000,0.000000); 10.0797
(2.000000,3.500000,0.000000); 10.1163
(2.000000,3.504000,0.000000); 10.1371
(2.000000,3.508000,0.000000); 10.1384
(2.000000,3.512000,0.000000); 10.1398
(2.000000,3.516000,0.000000); 10.1412
(2.000000,3.520000,0.000000); 10.1426
(2.000000,3.524000,0.000000); 10.1444
(2.000000,3.528000,0.000000); 10.1462
(2.000000,3.532000,0.000000); 10.148
(2.000000,3.536000,0.000000); 10.1498
(2.000000,3.540000,0.000000); 10.1515
(2.000000,3.544000,0.000000); 10.1533
(2.000000,3.548000,0.000000); 10.1551
(2.000000,3.552000,0.000000); 10.1569
(2.000000,3.556000,0.000000); 10.1586
(2.000000,3.560000,0.000000); 10.1604
(2.000000,3.564000,0.000000); 10.1622
(2.000000,3.568000,0.000000); 10.164
(2.000000,3.572000,0.000000); 10.1658
(2.000000,3.576000,0.000000); 10.1675
(2.000000,3.580000,0.000000); 10.1693
(2.000000,3.584000,0.000000); 10.1711
(2.000000,3.588000,0.000000); 10.1729
(2.000000,3.592000,0.000000); 10.1746
(2.000000,3.596000,0.000000); 10.1764
(2.000000,3.600000,0.000000); 10.1782
(2.000000,3.604000,0.000000); 10.18
(2.000000,3.608000,0.000000); 10.1818
(2.000000,3.612000,0.000000); 10.1835
(2.000000,3.616000,0.000000); 10.1853
(2.000000,3.620000,0.000000); 10.1871
(2.000000,3.624000,0.000000); 10.1876
(2.000000,3.628000,0.000000); 10.1878
(2.000000,3.632000,0.000000); 10.1879
(2.000000,3.636000,0.000000); 10.1881
(2.000000,3.640000,0.000000); 10.1882
(2.000000,3.644000,0.000000); 10.1884
(2.000000,3.648000,0.000000); 10.1885
(2.000000,3.652000,0.000000); 10.1887
(2.000000,3.656000,0.000000); 10.1888
(2.000000,3.660000,0.000000); 10.1889
(2.000000,3.664000,0.000000); 10.1891
(2.000000,3.668000,0.000000); 10.1892
(2.000000,3.672000,0.000000); 10.1894
(2.000000,3.676000,0.000000); 10.1895
(2.000000,3.680000,0.000000); 10.1897
(2.000000,3.684000,0.000000); 10.1898
(2.000000,3.688000,0.000000); 10.19
(2.000000,3.692000,0.000000); 10.1901
(2.000000,3.696000,0.000000); 10.1902
(2.000000,3.700000,0.000000); 10.1904
(2.000000,3.704000,0.000000); 10.1905
(2.000000,3.708000,0.000000); 10.1906
(2.000000,3.712000,0.000000); 10.1907
(2.000000,3.716000,0.000000); 10.1909
(2.000000,3.720000,0.000000); 10.1909
(2.000000,3.724000,0.000000); 10.1909
(2.000000,3.728000,0.000000); 10.191
(2.000000,3.732000,0.000000); 10.191
(2.000000,3.736000,0.000000); 10.1911
(2.000000,3.740000,0.000000); 10.1911
(2.000000,3.744000,0.000000); 10.1912
(2.000000,3.748000,0.000000); 10.1912
(2.000000,3.752000,0.000000); 10.1913
(2.000000,3.756000,0.000000); 10.1913
(2.000000,3.760000,0.000000); 10.1913
(2.000000,3.764000,0.000000); 10.1914
(2.000000,3.768000,0.000000); 10.1914
(2.000000,3.772000,0.000000); 10.1915
(2.000000,3.776000,0.000000); 10.1915
(2.000000,3.780000,0.000000); 10.1916
(2.000000,3.784000,0.000000); 10.1916
(2.000000,3.788000,0.000000); 10.1917
(2.000000,3.792000,0.000000); 10.1917
(2.000000,3.796000,0.000000); 10.1917
(2.000000,3.800000,0.000000); 10.1918
(2.000000,3.804000,0.000000); 10.1918
(2.000000,3.808000,0.000000); 10.1919
(2.000000,3.812000,0.000000); 10.1919
(2.000000,3.816000,0.000000); 10.192
(2.000000,3.820000,0.000000); 10.192
(2.000000,3.824000,0.000000); 10.192
(2.000000,3.828000,0.000000); 10.1921
(2.000000,3.832000,0.000000); 10.1921
(2.000000,3.836000,0.000000); 10.1921
(2.000000,3.840000,0.000000); 10.1922
(2.000000,3.844000,0.000000); 10.1922
(2.000000,3.848000,0.000000); 10.1923
(2.000000,3.852000,0.000000); 10.1923
(2.000000,3.856000,0.000000); 10.1923
(2.000000,3.860000,0.000000); 10.1924
(2.000000,3.864000,0.000000); 10.1924
(2.000000,3.868000,0.000000); 10.1924
(2.000000,3.872000,0.000000); 10.1925
(2.000000,3.876000,0.000000); 10.1925
(2.000000,3.880000,0.000000); 10.1926
(2.000000,3.884000,0.000000); 10.1926
(2.000000,3.888000,0.000000); 10.1926
(2.000000,3.892000,0.000000); 10.1927
(2.000000,3.896000,0.000000); 10.1927
(2.000000,3.900000,0.000000); 10.1927
(2.000000,3.904000,0.000000); 10.1928
(2.000000,3.908000,0.000000); 10.1928
(2.000000,3.912000,0.000000); 10.1929
(2.000000,3.916000,0.000000); 10.1929
(2.000000,3.920000,0.000000); 10.1929
(2.000000,3.924000,0.000000); 10.193
(2.000000,3.928000,0.000000); 10.193
(2.000000,3.932000,0.000000); 10.193
(2.000000,3.936000,0.000000); 10.1931
(2.000000,3.940000,0.000000); 10.1931
(2.000000,3.944000,0.000000); 10.1932
(2.000000,3.948000,0.000000); 10.1932
(2.000000,3.952000,0.000000); 10.1932
(2.000000,3.956000,0.000000); 10.1933
(2.000000,3.960000,0.000000); 10.1933
(2.000000,3.964000,0.000000); 10.1933
(2.000000,3.968000,0.000000); 10.1934
(2.000000,3.972000,0.000000); 10.1934
(2.000000,3.976000,0.000000); 10.1935
(2.000000,3.980000,0.000000); 10.1935
(2.000000,3.984000,0.000000); 10.1935
(2.000000,3.988000,0.000000); 10.1936
(2.000000,3.992000,0.000000); 10.1936
(2.000000,3.996000,0.000000); 10.1936
(2.000000,4.000000,0.000000); 10.1937
--
