LOGFILE

(2.000000,0.000000,0.000000); 14.2037
(2.000000,0.004000,0.000000); 14.1997
(2.000000,0.008000,0.000000); 14.1957
(2.000000,0.012000,0.000000); 14.1916
(2.000000,0.016000,0.000000); 14.1876
(2.000000,0.020000,0.000000); 14.1836
(2.000000,0.024000,0.000000); 14.1796
(2.000000,0.028000,0.000000); 14.1756
(2.000000,0.032000,0.000000); 14.1716
(2.000000,0.036000,0.000000); 14.1676
(2.000000,0.040000,0.000000); 14.1636
(2.000000,0.044000,0.000000); 14.1596
(2.000000,0.048000,0.000000); 14.1556
(2.000000,0.052000,0.000000); 14.1515
(2.000000,0.056000,0.000000); 14.1475
(2.000000,0.060000,0.000000); 14.1435
(2.000000,0.064000,0.000000); 14.1395
(2.000000,0.068000,0.000000); 14.1355
(2.000000,0.072000,0.000000); 14.1315
(2.000000,0.076000,0.000000); 14.1275
(2.000000,0.080000,0.000000); 14.1235
(2.000000,0.084000,0.000000); 14.1195
(2.000000,0.088000,0.000000); 14.1155
(2.000000,0.092000,0.000000); 14.1114
(2.000000,0.096000,0.000000); 14.1074
(2.000000,0.100000,0.000000); 14.1034
(2.000000,0.104000,0.000000); 14.0994
(2.000000,0.108000,0.000000); 14.0954
(2.000000,0.112000,0.000000); 14.0914
(2.000000,0.116000,0.000000); 14.0874
(2.000000,0.120000,0.000000); 14.0834
(2.000000,0.124000,0.000000); 14.0794
(2.000000,0.128000,0.000000); 14.0754
(2.000000,0.132000,0.000000); 14.0713
(2.000000,0.136000,0.000000); 14.0673
(2.000000,0.140000,0.000000); 14.0633
(2.000000,0.144000,0.000000); 14.0593
(2.000000,0.148000,0.000000); 14.0553
(2.000000,0.152000,0.000000); 14.0513
(2.000000,0.156000,0.000000); 14.0473
(2.000000,0.160000,0.000000); 14.0433
(2.000000,0.164000,0.000000); 14.0393
(2.000000,0.168000,0.000000); 14.0353
(2.000000,0.172000,0.000000); 14.0312
(2.000000,0.176000,0.000000); 14.0272
(2.000000,0.180000,0.000000); 14.0232
(2.000000,0.184000,0.000000); 14.0192
(2.000000,0.188000,0.000000); 14.0152
(2.000000,0.192000,0.000000); 14.0112
(2.000000,0.196000,0.000000); 14.0072
(2.000000,0.200000,0.000000); 14.0032
(2.000000,0.204000,0.000000); 13.9992
(2.000000,0.208000,0.000000); 13.9952
(2.000000,0.212000,0.000000); 13.9911
(2.000000,0.216000,0.000000); 13.9871
(2.000000,0.220000,0.000000); 13.9831
(2.000000,0.224000,0.000000); 13.9791
(2.000000,0.228000,0.000000); 13.9751
(2.000000,0.232000,0.000000); 13.9711
(2.000000,0.236000,0.000000); 13.9671
(2.000000,0.240000,0.000000); 13.9631
(2.000000,0.244000,0.000000); 13.9591
(2.000000,0.248000,0.000000); 13.9551
(2.000000,0.252000,0.000000); 13.951
(2.000000,0.256000,0.000000); 13.947
(2.000000,0.260000,0.000000); 13.943
(2.000000,0.264000,0.000000); 13.939
(2.000000,0.268000,0.000000); 13.935
(2.000000,0.272000,0.000000); 13.931
(2.000000,0.276000,0.000000); 13.927
(2.000000,0.280000,0.000000); 13.923
(2.000000,0.284000,0.000000); 13.919
(2.000000,0.288000,0.000000); 13.915
(2.000000,0.292000,0.000000); 13.9109
(2.000000,0.296000,0.000000); 13.9069
(2.000000,0.300000,0.000000); 13.9029
(2.000000,0.304000,0.000000); 13.8989
(2.000000,0.308000,0.000000); 13.8949
(2.000000,0.312000,0.000000); 13.8909
(2.000000,0.316000,0.000000); 13.8869
(2.000000,0.320000,0.000000); 13.8829
(2.000000,0.324000,0.000000); 13.8789
(2.000000,0.328000,0.000000); 13.8749
(2.000000,0.332000,0.000000); 13.8708
(2.000000,0.336000,0.000000); 13.8668
(2.000000,0.340000,0.000000); 13.8628
(2.000000,0.344000,0.000000); 13.8588
(2.000000,0.348000,0.000000); 13.8548
(2.000000,0.352000,0.000000); 13.8508
(2.000000,0.356000,0.000000); 13.8468
(2.000000,0.360000,0.000000); 13.8428
(2.000000,0.364000,0.000000); 13.8388
(2.000000,0.368000,0.000000); 13.8348
(2.000000,0.372000,0.000000); 13.8307
(2.000000,0.376000,0.000000); 13.8267
(2.000000,0.380000,0.000000); 13.8227
(2.000000,0.384000,0.000000); 13.8187
(2.000000,0.388000,0.000000); 13.8147
(2.000000,0.392000,0.000000); 13.8107
(2.000000,0.396000,0.000000); 13.8067
(2.000000,0.400000,0.000000); 13.8027
(2.000000,0.404000,0.000000); 13.7987
(2.000000,0.408000,0.000000); 13.7947
(2.000000,0.412000,0.000000); 13.7906
(2.000000,0.416000,0.000000); 13.7866
(2.000000,0.420000,0.000000); 13.7826
(2.000000,0.424000,0.000000); 13.7786
(2.000000,0.428000,0.000000); 13.7746
(2.000000,0.432000,0.000000); 13.7706
(2.000000,0.436000,0.000000); 13.7666
(2.000000,0.440000,0.000000); 13.7626
(2.000000,0.444000,0.000000); 13.7586
(2.000000,0.448000,0.000000); 13.7546
(2.000000,0.452000,0.000000); 13.7505
(2.000000,0.456000,0.000000); 13.7465
(2.000000,0.460000,0.000000); 13.7425
(2.000000,0.464000,0.000000); 13.7385
(2.000000,0.468000,0.000000); 13.7345
(2.000000,0.472000,0.000000); 13.7305
(2.000000,0.476000,0.000000); 13.7265
(2.000000,0.480000,0.000000); 13.7225
(2.000000,0.484000,0.000000); 13.7185
(2.000000,0.488000,0.000000); 13.7145
(2.000000,0.492000,0.000000); 13.7104
(2.000000,0.496000,0.000000); 13.7064
(2.000000,0.500000,0.000000); 13.7024
(2.000000,0.504000,0.000000); 13.6984
(2.000000,0.508000,0.000000); 13.6944
(2.000000,0.512000,0.000000); 13.6904
(2.000000,0.516000,0.000000); 13.6864
(2.000000,0.520000,0.000000); 13.6824
(2.000000,0.524000,0.000000); 13.6784
(2.000000,0.528000,0.000000); 13.6744
(2.000000,0.532000,0.000000); 13.6703
(2.000000,0.536000,0.000000); 13.6663
(2.000000,0.540000,0.000000); 13.6623
(2.000000,0.544000,0.000000); 13.6583
(2.000000,0.548000,0.000000); 13.6543
(2.000000,0.552000,0.000000); 13.6503
(2.000000,0.556000,0.000000); 13.6463
(2.000000,0.560000,0.000000); 13.6423
(2.000000,0.564000,0.000000); 13.6383
(2.000000,0.568000,0.000000); 13.6343
(2.000000,0.572000,0.000000); 13.6302
(2.000000,0.576000,0.000000); 13.6262
(2.000000,0.580000,0.000000); 13.6222
(2.000000,0.584000,0.000000); 13.6182
(2.000000,0.588000,0.000000); 13.6142
(2.000000,0.592000,0.000000); 13.6102
(2.000000,0.596000,0.000000); 13.6062
(2.000000,0.600000,0.000000); 13.6022
(2.000000,0.604000,0.000000); 13.5982
(2.000000,0.608000,0.000000); 13.5942
(2.000000,0.612000,0.000000); 13.5901
(2.000000,0.616000,0.000000); 13.5861
(2.000000,0.620000,0.000000); 13.5821
(2.000000,0.624000,0.000000); 13.5781
(2.000000,0.628000,0.000000); 13.5741
(2.000000,0.632000,0.000000); 13.5701
(2.000000,0.636000,0.000000); 13.5661
(2.000000,0.640000,0.000000); 13.5621
(2.000000,0.644000,0.000000); 13.5581
(2.000000,0.648000,0.000000); 13.5541
(2.000000,0.652000,0.000000); 13.55
(2.000000,0.656000,0.000000); 13.546
(2.000000,0.660000,0.000000); 13.542
(2.000000,0.664000,0.000000); 13.538
(2.000000,0.668000,0.000000); 13.534
(2.000000,0.672000,0.000000); 13.53
(2.000000,0.676000,0.000000); 13.526
(2.000000,0.680000,0.000000); 13.522
(2.000000,0.684000,0.000000); 13.518
(2.000000,0.688000,0.000000); 13.514
(2.000000,0.692000,0.000000); 13.5099
(2.000000,0.696000,0.000000); 13.5059
(2.000000,0.700000,0.000000); 13.5019
(2.000000,0.704000,0.000000); 13.4979
(2.000000,0.708000,0.000000); 13.4939
(2.000000,0.712000,0.000000); 13.4899
(2.000000,0.716000,0.000000); 13.4859
(2.000000,0.720000,0.000000); 13.4819
(2.000000,0.724000,0.000000); 13.4779
(2.000000,0.728000,0.000000); 13.4739
(2.000000,0.732000,0.000000); 13.4698
(2.000000,0.736000,0.000000); 13.4658
(2.000000,0.740000,0.000000); 13.4618
(2.000000,0.744000,0.000000); 13.4578
(2.000000,0.748000,0.000000); 13.4538
(2.000000,0.752000,0.000000); 13.4498
(2.000000,0.756000,0.000000); 13.4458
(2.000000,0.760000,0.000000); 13.4418
(2.000000,0.764000,0.000000); 13.4378
(2.000000,0.768000,0.000000); 13.4338
(2.000000,0.772000,0.000000); 13.4297
(2.000000,0.776000,0.000000); 13.4257
(2.000000,0.780000,0.000000); 13.4217
(2.000000,0.784000,0.000000); 13.4177
(2.000000,0.788000,0.000000); 13.4137
(2.000000,0.792000,0.000000); 13.4097
(2.000000,0.796000,0.000000); 13.4057
(2.000000,0.800000,0.000000); 13.4017
(2.000000,0.804000,0.000000); 13.3977
(2.000000,0.808000,0.000000); 13.3937
(2.000000,0.812000,0.000000); 13.3896
(2.000000,0.816000,0.000000); 13.3856
(2.000000,0.820000,0.000000); 13.3816
(2.000000,0.824000,0.000000); 13.3776
(2.000000,0.828000,0.000000); 13.3736
(2.000000,0.832000,0.000000); 13.3696
(2.000000,0.836000,0.000000); 13.3656
(2.000000,0.840000,0.000000); 13.3616
(2.000000,0.844000,0.000000); 13.3576
(2.000000,0.848000,0.000000); 13.3536
(2.000000,0.852000,0.000000); 13.3495
(2.000000,0.856000,0.000000); 13.3455
(2.000000,0.860000,0.000000); 13.3415
(2.000000,0.864000,0.000000); 13.3375
(2.000000,0.868000,0.000000); 13.3335
(2.000000,0.872000,0.000000); 13.3295
(2.000000,0.876000,0.000000); 13.3255
(2.000000,0.880000,0.000000); 13.3215
(2.000000,0.884000,0.000000); 13.3175
(2.000000,0.888000,0.000000); 13.3135
(2.000000,0.892000,0.000000); 13.3094
(2.000000,0.896000,0.000000); 13.3054
(2.000000,0.900000,0.000000); 13.3014
(2.000000,0.904000,0.000000); 13.2974
(2.000000,0.908000,0.000000); 13.2934
(2.000000,0.912000,0.000000); 13.2894
(2.000000,0.916000,0.000000); 13.2854
(2.000000,0.920000,0.000000); 13.2814
(2.000000,0.924000,0.000000); 13.2774
(2.000000,0.928000,0.000000); 13.2734
(2.000000,0.932000,0.000000); 13.2693
(2.000000,0.936000,0.000000); 13.2653
(2.000000,0.940000,0.000000); 13.2613
(2.000000,0.944000,0.000000); 13.2573
(2.000000,0.948000,0.000000); 13.2533
(2.000000,0.952000,0.000000); 13.2493
(2.000000,0.956000,0.000000); 13.2453
(2.000000,0.960000,0.000000); 13.2413
(2.000000,0.964000,0.000000); 13.2373
(2.000000,0.968000,0.000000); 13.2333
(2.000000,0.972000,0.000000); 13.2292
(2.000000,0.976000,0.000000); 13.2252
(2.000000,0.980000,0.000000); 13.2212
(2.000000,0.984000,0.000000); 13.2172
(2.000000,0.988000,0.000000); 13.2132
(2.000000,0.992000,0.000000); 13.2092
(2.000000,0.996000,0.000000); 13.2052
(2.000000,1.000000,0.000000); 13.2012
(2.000000,1.004000,0.000000); 13.1972
(2.000000,1.008000,0.000000); 13.1932
(2.000000,1.012000,0.000000); 13.1891
(2.000000,1.016000,0.000000); 13.1851
(2.000000,1.020000,0.000000); 13.1811
(2.000000,1.024000,0.000000); 13.1771
(2.000000,1.028000,0.000000); 13.1731
(2.000000,1.032000,0.000000); 13.1691
(2.000000,1.036000,0.000000); 13.1651
(2.000000,1.040000,0.000000); 13.1611
(2.000000,1.044000,0.000000); 13.1571
(2.000000,1.048000,0.000000); 13.1531
(2.000000,1.052000,0.000000); 13.149
(2.000000,1.056000,0.000000); 13.145
(2.000000,1.060000,0.000000); 13.141
(2.000000,1.064000,0.000000); 13.137
(2.000000,1.068000,0.000000); 13.133
(2.000000,1.072000,0.000000); 13.129
(2.000000,1.076000,0.000000); 13.125
(2.000000,1.080000,0.000000); 13.121
(2.000000,1.084000,0.000000); 13.117
(2.000000,1.088000,0.000000); 13.113
(2.000000,1.092000,0.000000); 13.1089
(2.000000,1.096000,0.000000); 13.1049
(2.000000,1.100000,0.000000); 13.1009
(2.000000,1.104000,0.000000); 13.0969
(2.000000,1.108000,0.000000); 13.0929
(2.000000,1.112000,0.000000); 13.0889
(2.000000,1.116000,0.000000); 13.0849
(2.000000,1.120000,0.000000); 13.0809
(2.000000,1.124000,0.000000); 13.0769
(2.000000,1.128000,0.000000); 13.0729
(2.000000,1.132000,0.000000); 13.0688
(2.000000,1.136000,0.000000); 13.0648
(2.000000,1.140000,0.000000); 13.0608
(2.000000,1.144000,0.000000); 13.0568
(2.000000,1.148000,0.000000); 13.0528
(2.000000,1.152000,0.000000); 13.0488
(2.000000,1.156000,0.000000); 13.0448
(2.000000,1.160000,0.000000); 13.0408
(2.000000,1.164000,0.000000); 13.0368
(2.000000,1.168000,0.000000); 13.0328
(2.000000,1.172000,0.000000); 13.0287
(2.000000,1.176000,0.000000); 13.0247
(2.000000,1.180000,0.000000); 13.0207
(2.000000,1.184000,0.000000); 13.0167
(2.000000,1.188000,0.000000); 13.0127
(2.000000,1.192000,0.000000); 13.0087
(2.000000,1.196000,0.000000); 13.0047
(2.000000,1.200000,0.000000); 13.0007
(2.000000,1.204000,0.000000); 12.9967
(2.000000,1.208000,0.000000); 12.9927
(2.000000,1.212000,0.000000); 12.9886
(2.000000,1.216000,0.000000); 12.9846
(2.000000,1.220000,0.000000); 12.9806
(2.000000,1.224000,0.000000); 12.9766
(2.000000,1.228000,0.000000); 12.9726
(2.000000,1.232000,0.000000); 12.9686
(2.000000,1.236000,0.000000); 12.9646
(2.000000,1.240000,0.000000); 12.9606
(2.000000,1.244000,0.000000); 12.9566
(2.000000,1.248000,0.000000); 12.9526
(2.000000,1.252000,0.000000); 12.9485
(2.000000,1.256000,0.000000); 12.9445
(2.000000,1.260000,0.000000); 12.9405
(2.000000,1.264000,0.000000); 12.9365
(2.000000,1.268000,0.000000); 12.9325
(2.000000,1.272000,0.000000); 12.9285
(2.000000,1.276000,0.000000); 12.9245
(2.000000,1.280000,0.000000); 12.9205
(2.000000,1.284000,0.000000); 12.9165
(2.000000,1.288000,0.000000); 12.9125
(2.000000,1.292000,0.000000); 12.9084
(2.000000,1.296000,0.000000); 12.9044
(2.000000,1.300000,0.000000); 12.9004
(2.000000,1.304000,0.000000); 12.8964
(2.000000,1.308000,0.000000); 12.8924
(2.000000,1.312000,0.000000); 12.8884
(2.000000,1.316000,0.000000); 12.8844
(2.000000,1.320000,0.000000); 12.8804
(2.000000,1.324000,0.000000); 12.8764
(2.000000,1.328000,0.000000); 12.8724
(2.000000,1.332000,0.000000); 12.8683
(2.000000,1.336000,0.000000); 12.8643
(2.000000,1.340000,0.000000); 12.8603
(2.000000,1.344000,0.000000); 12.8563
(2.000000,1.348000,0.000000); 12.8523
(2.000000,1.352000,0.000000); 12.8483
(2.000000,1.356000,0.000000); 12.8443
(2.000000,1.360000,0.000000); 12.8403
(2.000000,1.364000,0.000000); 12.8363
(2.000000,1.368000,0.000000); 12.8323
(2.000000,1.372000,0.000000); 12.8282
(2.000000,1.376000,0.000000); 12.8242
(2.000000,1.380000,0.000000); 12.8202
(2.000000,1.384000,0.000000); 12.8162
(2.000000,1.388000,0.000000); 12.8122
(2.000000,1.392000,0.000000); 12.8082
(2.000000,1.396000,0.000000); 12.8042
(2.000000,1.400000,0.000000); 12.8002
(2.000000,1.404000,0.000000); 12.7962
(2.000000,1.408000,0.000000); 12.7922
(2.000000,1.412000,0.000000); 12.7881
(2.000000,1.416000,0.000000); 12.7841
(2.000000,1.420000,0.000000); 12.7801
(2.000000,1.424000,0.000000); 12.7761
(2.000000,1.428000,0.000000); 12.7721
(2.000000,1.432000,0.000000); 12.7681
(2.000000,1.436000,0.000000); 12.7641
(2.000000,1.440000,0.000000); 12.7601
(2.000000,1.444000,0.000000); 12.7561
(2.000000,1.448000,0.000000); 12.7521
(2.000000,1.452000,0.000000); 12.748
(2.000000,1.456000,0.000000); 12.744
(2.000000,1.460000,0.000000); 12.74
(2.000000,1.464000,0.000000); 12.736
(2.000000,1.468000,0.000000); 12.732
(2.000000,1.472000,0.000000); 12.728
(2.000000,1.476000,0.000000); 12.724
(2.000000,1.480000,0.000000); 12.72
(2.000000,1.484000,0.000000); 12.716
(2.000000,1.488000,0.000000); 12.712
(2.000000,1.492000,0.000000); 12.7079
(2.000000,1.496000,0.000000); 12.7039
(2.000000,1.500000,0.000000); 12.6999
(2.000000,1.504000,0.000000); 12.6959
(2.000000,1.508000,0.000000); 12.6919
(2.000000,1.512000,0.000000); 12.6879
(2.000000,1.516000,0.000000); 12.6839
(2.000000,1.520000,0.000000); 12.6799
(2.000000,1.524000,0.000000); 12.6759
(2.000000,1.528000,0.000000); 12.6719
(2.000000,1.532000,0.000000); 12.6678
(2.000000,1.536000,0.000000); 12.6638
(2.000000,1.540000,0.000000); 12.6598
(2.000000,1.544000,0.000000); 12.6558
(2.000000,1.548000,0.000000); 12.6518
(2.000000,1.552000,0.000000); 12.6478
(2.000000,1.556000,0.000000); 12.6438
(2.000000,1.560000,0.000000); 12.6398
(2.000000,1.564000,0.000000); 12.6358
(2.000000,1.568000,0.000000); 12.6318
(2.000000,1.572000,0.000000); 12.6277
(2.000000,1.576000,0.000000); 12.6237
(2.000000,1.580000,0.000000); 12.6197
(2.000000,1.584000,0.000000); 12.6157
(2.000000,1.588000,0.000000); 12.6117
(2.000000,1.592000,0.000000); 12.6077
(2.000000,1.596000,0.000000); 12.6037
(2.000000,1.600000,0.000000); 12.5997
(2.000000,1.604000,0.000000); 12.5957
(2.000000,1.608000,0.000000); 12.5917
(2.000000,1.612000,0.000000); 12.5876
(2.000000,1.616000,0.000000); 12.5836
(2.000000,1.620000,0.000000); 12.5796
(2.000000,1.624000,0.000000); 12.5756
(2.000000,1.628000,0.000000); 12.5716
(2.000000,1.632000,0.000000); 12.5676
(2.000000,1.636000,0.000000); 12.5636
(2.000000,1.640000,0.000000); 12.5596
(2.000000,1.644000,0.000000); 12.5556
(2.000000,1.648000,0.000000); 12.5516
(2.000000,1.652000,0.000000); 12.5475
(2.000000,1.656000,0.000000); 12.5435
(2.000000,1.660000,0.000000); 12.5395
(2.000000,1.664000,0.000000); 12.5355
(2.000000,1.668000,0.000000); 12.5315
(2.000000,1.672000,0.000000); 12.5275
(2.000000,1.676000,0.000000); 12.5235
(2.000000,1.680000,0.000000); 12.5195
(2.000000,1.684000,0.000000); 12.5155
(2.000000,1.688000,0.000000); 12.5115
(2.000000,1.692000,0.000000); 12.5074
(2.000000,1.696000,0.000000); 12.5034
(2.000000,1.700000,0.000000); 12.4994
(2.000000,1.704000,0.000000); 12.4954
(2.000000,1.708000,0.000000); 12.4914
(2.000000,1.712000,0.000000); 12.4874
(2.000000,1.716000,0.000000); 12.4834
(2.000000,1.720000,0.000000); 12.4794
(2.000000,1.724000,0.000000); 12.4754
(2.000000,1.728000,0.000000); 12.4714
(2.000000,1.732000,0.000000); 12.4673
(2.000000,1.736000,0.000000); 12.4633
(2.000000,1.740000,0.000000); 12.4593
(2.000000,1.744000,0.000000); 12.4553
(2.000000,1.748000,0.000000); 12.4513
(2.000000,1.752000,0.000000); 12.4473
(2.000000,1.756000,0.000000); 12.4433
(2.000000,1.760000,0.000000); 12.4393
(2.000000,1.764000,0.000000); 12.4353
(2.000000,1.768000,0.000000); 12.4313
(2.000000,1.772000,0.000000); 12.4272
(2.000000,1.776000,0.000000); 12.4232
(2.000000,1.780000,0.000000); 12.4192
(2.000000,1.784000,0.000000); 12.4152
(2.000000,1.788000,0.000000); 12.4112
(2.000000,1.792000,0.000000); 12.4072
(2.000000,1.796000,0.000000); 12.4032
(2.000000,1.800000,0.000000); 12.3992
(2.000000,1.804000,0.000000); 12.3952
(2.000000,1.808000,0.000000); 12.3912
(2.000000,1.812000,0.000000); 12.3871
(2.000000,1.816000,0.000000); 12.3831
(2.000000,1.820000,0.000000); 12.3791
(2.000000,1.824000,0.000000); 12.3751
(2.000000,1.828000,0.000000); 12.3711
(2.000000,1.832000,0.000000); 12.3671
(2.000000,1.836000,0.000000); 12.3631
(2.000000,1.840000,0.000000); 12.3591
(2.000000,1.844000,0.000000); 12.3551
(2.000000,1.848000,0.000000); 12.3511
(2.000000,1.852000,0.000000); 12.347
(2.000000,1.856000,0.000000); 12.343
(2.000000,1.860000,0.000000); 12.339
(2.000000,1.864000,0.000000); 12.335
(2.000000,1.868000,0.000000); 12.331
(2.000000,1.872000,0.000000); 12.327
(2.000000,1.876000,0.000000); 12.323
(2.000000,1.880000,0.000000); 12.319
(2.000000,1.884000,0.000000); 12.315
(2.000000,1.888000,0.000000); 12.311
(2.000000,1.892000,0.000000); 12.3069
(2.000000,1.896000,0.000000); 12.3029
(2.000000,1.900000,0.000000); 12.2989
(2.000000,1.904000,0.000000); 12.2949
(2.000000,1.908000,0.000000); 12.2909
(2.000000,1.912000,0.000000); 12.2869
(2.000000,1.916000,0.000000); 12.2829
(2.000000,1.920000,0.000000); 12.2789
(2.000000,1.924000,0.000000); 12.2749
(2.000000,1.928000,0.000000); 12.2709
(2.000000,1.932000,0.000000); 12.2668
(2.000000,1.936000,0.000000); 12.2628
(2.000000,1.940000,0.000000); 12.2588
(2.000000,1.944000,0.000000); 12.2548
(2.000000,1.948000,0.000000); 12.2508
(2.000000,1.952000,0.000000); 12.2468
(2.000000,1.956000,0.000000); 12.2428
(2.000000,1.960000,0.000000); 12.2388
(2.000000,1.964000,0.000000); 12.2348
(2.000000,1.968000,0.000000); 12.2308
(2.000000,1.972000,0.000000); 12.2267
(2.000000,1.976000,0.000000); 12.2227
(2.000000,1.980000,0.000000); 12.2187
(2.000000,1.984000,0.000000); 12.2147
(2.000000,1.988000,0.000000); 12.2107
(2.000000,1.992000,0.000000); 12.2067
(2.000000,1.996000,0.000000); 12.2027
(2.000000,2.000000,0.000000); 12.1987
(2.000000,2.004000,0.000000); 12.1947
(2.000000,2.008000,0.000000); 12.1907
(2.000000,2.012000,0.000000); 12.1866
(2.000000,2.016000,0.000000); 12.1826
(2.000000,2.020000,0.000000); 12.1786
(2.000000,2.024000,0.000000); 12.1746
(2.000000,2.028000,0.000000); 12.1706
(2.000000,2.032000,0.000000); 12.1666
(2.000000,2.036000,0.000000); 12.1626
(2.000000,2.040000,0.000000); 12.1586
(2.000000,2.044000,0.000000); 12.1546
(2.000000,2.048000,0.000000); 12.1506
(2.000000,2.052000,0.000000); 12.1465
(2.000000,2.056000,0.000000); 12.1425
(2.000000,2.060000,0.000000); 12.1385
(2.000000,2.064000,0.000000); 12.1345
(2.000000,2.068000,0.000000); 12.1305
(2.000000,2.072000,0.000000); 12.1265
(2.000000,2.076000,0.000000); 12.1225
(2.000000,2.080000,0.000000); 12.1185
(2.000000,2.084000,0.000000); 12.1145
(2.000000,2.088000,0.000000); 12.1105
(2.000000,2.092000,0.000000); 12.1064
(2.000000,2.096000,0.000000); 12.1024
(2.000000,2.100000,0.000000); 12.0984
(2.000000,2.104000,0.000000); 12.0944
(2.000000,2.108000,0.000000); 12.0904
(2.000000,2.112000,0.000000); 12.0864
(2.000000,2.116000,0.000000); 12.0824
(2.000000,2.120000,0.000000); 12.0784
(2.000000,2.124000,0.000000); 12.0744
(2.000000,2.128000,0.000000); 12.0704
(2.000000,2.132000,0.000000); 12.0663
(2.000000,2.136000,0.000000); 12.0623
(2.000000,2.140000,0.000000); 12.0583
(2.000000,2.144000,0.000000); 12.0543
(2.000000,2.148000,0.000000); 12.0503
(2.000000,2.152000,0.000000); 12.0463
(2.000000,2.156000,0.000000); 12.0423
(2.000000,2.160000,0.000000); 12.0383
(2.000000,2.164000,0.000000); 12.0343
(2.000000,2.168000,0.000000); 12.0303
(2.000000,2.172000,0.000000); 12.0262
(2.000000,2.176000,0.000000); 12.0222
(2.000000,2.180000,0.000000); 12.0182
(2.000000,2.184000,0.000000); 12.0142
(2.000000,2.188000,0.000000); 12.0102
(2.000000,2.192000,0.000000); 12.0062
(2.000000,2.196000,0.000000); 12.0022
(2.000000,2.200000,0.000000); 11.9982
(2.000000,2.204000,0.000000); 11.9942
(2.000000,2.208000,0.000000); 11.9902
(2.000000,2.212000,0.000000); 11.9861
(2.000000,2.216000,0.000000); 11.9821
(2.000000,2.220000,0.000000); 11.9781
(2.000000,2.224000,0.000000); 11.9741
(2.000000,2.228000,0.000000); 11.9701
(2.000000,2.232000,0.000000); 11.9661
(2.000000,2.236000,0.000000); 11.9621
(2.000000,2.240000,0.000000); 11.9581
(2.000000,2.244000,0.000000); 11.9541
(2.000000,2.248000,0.000000); 11.9501
(2.000000,2.252000,0.000000); 11.946
(2.000000,2.256000,0.000000); 11.942
(2.000000,2.260000,0.000000); 11.938
(2.000000,2.264000,0.000000); 11.934
(2.000000,2.268000,0.000000); 11.93
(2.000000,2.272000,0.000000); 11.926
(2.000000,2.276000,0.000000); 11.922
(2.000000,2.280000,0.000000); 11.918
(2.000000,2.284000,0.000000); 11.914
(2.000000,2.288000,0.000000); 11.91
(2.000000,2.292000,0.000000); 11.9059
(2.000000,2.296000,0.000000); 11.9019
(2.000000,2.300000,0.000000); 11.8979
(2.000000,2.304000,0.000000); 11.8939
(2.000000,2.308000,0.000000); 11.8899
(2.000000,2.312000,0.000000); 11.8859
(2.000000,2.316000,0.000000); 11.8819
(2.000000,2.320000,0.000000); 11.8779
(2.000000,2.324000,0.000000); 11.8739
(2.000000,2.328000,0.000000); 11.8699
(2.000000,2.332000,0.000000); 11.8658
(2.000000,2.336000,0.000000); 11.8618
(2.000000,2.340000,0.000000); 11.8578
(2.000000,2.344000,0.000000); 11.8538
(2.000000,2.348000,0.000000); 11.8498
(2.000000,2.352000,0.000000); 11.8458
(2.000000,2.356000,0.000000); 11.8418
(2.000000,2.360000,0.000000); 11.8378
(2.000000,2.364000,0.000000); 11.8338
(2.000000,2.368000,0.000000); 11.8298
(2.000000,2.372000,0.000000); 11.8257
(2.000000,2.376000,0.000000); 11.8217
(2.000000,2.380000,0.000000); 11.8177
(2.000000,2.384000,0.000000); 11.8137
(2.000000,2.388000,0.000000); 11.8097
(2.000000,2.392000,0.000000); 11.8057
(2.000000,2.396000,0.000000); 11.8017
(2.000000,2.400000,0.000000); 11.7977
(2.000000,2.404000,0.000000); 11.7937
(2.000000,2.408000,0.000000); 11.7897
(2.000000,2.412000,0.000000); 11.7856
(2.000000,2.416000,0.000000); 11.7816
(2.000000,2.420000,0.000000); 11.7776
(2.000000,2.424000,0.000000); 11.7736
(2.000000,2.428000,0.000000); 11.7696
(2.000000,2.432000,0.000000); 11.7656
(2.000000,2.436000,0.000000); 11.7616
(2.000000,2.440000,0.000000); 11.7576
(2.000000,2.444000,0.000000); 11.7536
(2.000000,2.448000,0.000000); 11.7496
(2.000000,2.452000,0.000000); 11.7455
(2.000000,2.456000,0.000000); 11.7415
(2.000000,2.460000,0.000000); 11.7375
(2.000000,2.464000,0.000000); 11.7335
(2.000000,2.468000,0.000000); 11.7295
(2.000000,2.472000,0.000000); 11.7255
(2.000000,2.476000,0.000000); 11.7215
(2.000000,2.480000,0.000000); 11.7175
(2.000000,2.484000,0.000000); 11.7135
(2.000000,2.488000,0.000000); 11.7095
(2.000000,2.492000,0.000000); 11.7054
(2.000000,2.496000,0.000000); 11.7014
(2.000000,2.500000,0.000000); 11.6974
(2.000000,2.504000,0.000000); 11.6934
(2.000000,2.508000,0.000000); 11.6894
(2.000000,2.512000,0.000000); 11.6854
(2.000000,2.516000,0.000000); 11.6814
(2.000000,2.520000,0.000000); 11.6774
(2.000000,2.524000,0.000000); 11.6734
(2.000000,2.528000,0.000000); 11.6694
(2.000000,2.532000,0.000000); 11.6653
(2.000000,2.536000,0.000000); 11.6613
(2.000000,2.540000,0.000000); 11.6573
(2.000000,2.544000,0.000000); 11.6533
(2.000000,2.548000,0.000000); 11.6493
(2.000000,2.552000,0.000000); 11.6453
(2.000000,2.556000,0.000000); 11.6413
(2.000000,2.560000,0.000000); 11.6373
(2.000000,2.564000,0.000000); 11.6333
(2.000000,2.568000,0.000000); 11.6293
(2.000000,2.572000,0.000000); 11.6252
(2.000000,2.576000,0.000000); 11.6212
(2.000000,2.580000,0.000000); 11.6172
(2.000000,2.584000,0.000000); 11.6132
(2.000000,2.588000,0.000000); 11.6092
(2.000000,2.592000,0.000000); 11.6052
(2.000000,2.596000,0.000000); 11.6012
(2.000000,2.600000,0.000000); 11.5972
(2.000000,2.604000,0.000000); 11.5932
(2.000000,2.608000,0.000000); 11.5892
(2.000000,2.612000,0.000000); 11.5851
(2.000000,2.616000,0.000000); 11.5811
(2.000000,2.620000,0.000000); 11.5771
(2.000000,2.624000,0.000000); 11.5731
(2.000000,2.628000,0.000000); 11.5691
(2.000000,2.632000,0.000000); 11.5651
(2.000000,2.636000,0.000000); 11.5611
(2.000000,2.640000,0.000000); 11.5571
(2.000000,2.644000,0.000000); 11.5531
(2.000000,2.648000,0.000000); 11.5491
(2.000000,2.652000,0.000000); 11.545
(2.000000,2.656000,0.000000); 11.541
(2.000000,2.660000,0.000000); 11.537
(2.000000,2.664000,0.000000); 11.533
(2.000000,2.668000,0.000000); 11.529
(2.000000,2.672000,0.000000); 11.525
(2.000000,2.676000,0.000000); 11.521
(2.000000,2.680000,0.000000); 11.517
(2.000000,2.684000,0.000000); 11.513
(2.000000,2.688000,0.000000); 11.509
(2.000000,2.692000,0.000000); 11.5049
(2.000000,2.696000,0.000000); 11.5009
(2.000000,2.700000,0.000000); 11.4969
(2.000000,2.704000,0.000000); 11.4929
(2.000000,2.708000,0.000000); 11.4889
(2.000000,2.712000,0.000000); 11.4849
(2.000000,2.716000,0.000000); 11.4809
(2.000000,2.720000,0.000000); 11.4769
(2.000000,2.724000,0.000000); 11.4729
(2.000000,2.728000,0.000000); 11.4689
(2.000000,2.732000,0.000000); 11.4648
(2.000000,2.736000,0.000000); 11.4608
(2.000000,2.740000,0.000000); 11.4568
(2.000000,2.744000,0.000000); 11.4528
(2.000000,2.748000,0.000000); 11.4488
(2.000000,2.752000,0.000000); 11.4448
(2.000000,2.756000,0.000000); 11.4408
(2.000000,2.760000,0.000000); 11.4368
(2.000000,2.764000,0.000000); 11.4328
(2.000000,2.768000,0.000000); 11.4288
(2.000000,2.772000,0.000000); 11.4247
(2.000000,2.776000,0.000000); 11.4207
(2.000000,2.780000,0.000000); 11.4167
(2.000000,2.784000,0.000000); 11.4127
(2.000000,2.788000,0.000000); 11.4087
(2.000000,2.792000,0.000000); 11.4047
(2.000000,2.796000,0.000000); 11.4007
(2.000000,2.800000,0.000000); 11.3967
(2.000000,2.804000,0.000000); 11.3927
(2.000000,2.808000,0.000000); 11.3887
(2.000000,2.812000,0.000000); 11.3846
(2.000000,2.816000,0.000000); 11.3806
(2.000000,2.820000,0.000000); 11.3766
(2.000000,2.824000,0.000000); 11.3726
(2.000000,2.828000,0.000000); 11.3686
(2.000000,2.832000,0.000000); 11.3646
(2.000000,2.836000,0.000000); 11.3606
(2.000000,2.840000,0.000000); 11.3566
(2.000000,2.844000,0.000000); 11.3526
(2.000000,2.848000,0.000000); 11.3486
(2.000000,2.852000,0.000000); 11.3445
(2.000000,2.856000,0.000000); 11.3405
(2.000000,2.860000,0.000000); 11.3365
(2.000000,2.864000,0.000000); 11.3325
(2.000000,2.868000,0.000000); 11.3285
(2.000000,2.872000,0.000000); 11.3245
(2.000000,2.876000,0.000000); 11.3205
(2.000000,2.880000,0.000000); 11.3165
(2.000000,2.884000,0.000000); 11.3125
(2.000000,2.888000,0.000000); 11.3085
(2.000000,2.892000,0.000000); 11.3044
(2.000000,2.896000,0.000000); 11.3004
(2.000000,2.900000,0.000000); 11.2964
(2.000000,2.904000,0.000000); 11.2924
(2.000000,2.908000,0.000000); 11.2884
(2.000000,2.912000,0.000000); 11.2844
(2.000000,2.916000,0.000000); 11.2804
(2.000000,2.920000,0.000000); 11.2764
(2.000000,2.924000,0.000000); 11.2724
(2.000000,2.928000,0.000000); 11.2684
(2.000000,2.932000,0.000000); 11.2643
(2.000000,2.936000,0.000000); 11.2603
(2.000000,2.940000,0.000000); 11.2563
(2.000000,2.944000,0.000000); 11.2523
(2.000000,2.948000,0.000000); 11.2483
(2.000000,2.952000,0.000000); 11.2443
(2.000000,2.956000,0.000000); 11.2403
(2.000000,2.960000,0.000000); 11.2363
(2.000000,2.964000,0.000000); 11.2323
(2.000000,2.968000,0.000000); 11.2283
(2.000000,2.972000,0.000000); 11.2242
(2.000000,2.976000,0.000000); 11.2202
(2.000000,2.980000,0.000000); 11.2162
(2.000000,2.984000,0.000000); 11.2122
(2.000000,2.988000,0.000000); 11.2082
(2.000000,2.992000,0.000000); 11.2042
(2.000000,2.996000,0.000000); 11.2002
(2.000000,3.000000,0.000000); 11.1962
(2.000000,3.004000,0.000000); 11.1922
(2.000000,3.008000,0.000000); 11.1882
(2.000000,3.012000,0.000000); 11.1841
(2.000000,3.016000,0.000000); 11.1801
(2.000000,3.020000,0.000000); 11.1761
(2.000000,3.024000,0.000000); 11.1721
(2.000000,3.028000,0.000000); 11.1681
(2.000000,3.032000,0.000000); 11.1641
(2.000000,3.036000,0.000000); 11.1601
(2.000000,3.040000,0.000000); 11.1561
(2.000000,3.044000,0.000000); 11.1521
(2.000000,3.048000,0.000000); 11.1481
(2.000000,3.052000,0.000000); 11.144
(2.000000,3.056000,0.000000); 11.14
(2.000000,3.060000,0.000000); 11.136
(2.000000,3.064000,0.000000); 11.132
(2.000000,3.068000,0.000000); 11.128
(2.000000,3.072000,0.000000); 11.124
(2.000000,3.076000,0.000000); 11.12
(2.000000,3.080000,0.000000); 11.116
(2.000000,3.084000,0.000000); 11.112
(2.000000,3.088000,0.000000); 11.108
(2.000000,3.092000,0.000000); 11.1039
(2.000000,3.096000,0.000000); 11.0999
(2.000000,3.100000,0.000000); 11.0959
(2.000000,3.104000,0.000000); 11.0919
(2.000000,3.108000,0.000000); 11.0879
(2.000000,3.112000,0.000000); 11.0839
(2.000000,3.116000,0.000000); 11.0799
(2.000000,3.120000,0.000000); 11.0759
(2.000000,3.124000,0.000000); 11.0719
(2.000000,3.128000,0.000000); 11.0679
(2.000000,3.132000,0.000000); 11.0638
(2.000000,3.136000,0.000000); 11.0598
(2.000000,3.140000,0.000000); 11.0558
(2.000000,3.144000,0.000000); 11.0518
(2.000000,3.148000,0.000000); 11.0478
(2.000000,3.152000,0.000000); 11.0438
(2.000000,3.156000,0.000000); 11.0398
(2.000000,3.160000,0.000000); 11.0358
(2.000000,3.164000,0.000000); 11.0318
(2.000000,3.168000,0.000000); 11.0278
(2.000000,3.172000,0.000000); 11.0237
(2.000000,3.176000,0.000000); 11.0197
(2.000000,3.180000,0.000000); 11.0157
(2.000000,3.184000,0.000000); 11.0117
(2.000000,3.188000,0.000000); 11.0077
(2.000000,3.192000,0.000000); 11.0037
(2.000000,3.196000,0.000000); 10.9997
(2.000000,3.200000,0.000000); 10.9957
(2.000000,3.204000,0.000000); 10.9917
(2.000000,3.208000,0.000000); 10.9877
(2.000000,3.212000,0.000000); 10.9836
(2.000000,3.216000,0.000000); 10.9796
(2.000000,3.220000,0.000000); 10.9756
(2.000000,3.224000,0.000000); 10.9716
(2.000000,3.228000,0.000000); 10.9676
(2.000000,3.232000,0.000000); 10.9636
(2.000000,3.236000,0.000000); 10.9596
(2.000000,3.240000,0.000000); 10.9556
(2.000000,3.244000,0.000000); 10.9516
(2.000000,3.248000,0.000000); 10.9476
(2.000000,3.252000,0.000000); 10.9435
(2.000000,3.256000,0.000000); 10.9395
(2.000000,3.260000,0.000000); 10.9355
(2.000000,3.264000,0.000000); 10.9315
(2.000000,3.268000,0.000000); 10.9275
(2.000000,3.272000,0.000000); 10.9235
(2.000000,3.276000,0.000000); 10.9195
(2.000000,3.280000,0.000000); 10.9155
(2.000000,3.284000,0.000000); 10.9115
(2.000000,3.288000,0.000000); 10.9075
(2.000000,3.292000,0.000000); 10.9034
(2.000000,3.296000,0.000000); 10.8994
(2.000000,3.300000,0.000000); 10.8954
(2.000000,3.304000,0.000000); 10.8914
(2.000000,3.308000,0.000000); 10.8874
(2.000000,3.312000,0.000000); 10.8834
(2.000000,3.316000,0.000000); 10.8794
(2.000000,3.320000,0.000000); 10.8754
(2.000000,3.324000,0.000000); 10.8714
(2.000000,3.328000,0.000000); 10.8674
(2.000000,3.332000,0.000000); 10.8633
(2.000000,3.336000,0.000000); 10.8593
(2.000000,3.340000,0.000000); 10.8553
(2.000000,3.344000,0.000000); 10.8513
(2.000000,3.348000,0.000000); 10.8473
(2.000000,3.352000,0.000000); 10.8433
(2.000000,3.356000,0.000000); 10.8393
(2.000000,3.360000,0.000000); 10.8353
(2.000000,3.364000,0.000000); 10.8313
(2.000000,3.368000,0.000000); 10.8273
(2.000000,3.372000,0.000000); 10.8232
(2.000000,3.376000,0.000000); 10.8192
(2.000000,3.380000,0.000000); 10.8152
(2.000000,3.384000,0.000000); 10.8112
(2.000000,3.388000,0.000000); 10.8072
(2.000000,3.392000,0.000000); 10.8032
(2.000000,3.396000,0.000000); 10.7992
(2.000000,3.400000,0.000000); 10.7952
(2.000000,3.404000,0.000000); 10.7912
(2.000000,3.408000,0.000000); 10.7872
(2.000000,3.412000,0.000000); 10.7831
(2.000000,3.416000,0.000000); 10.7791
(2.000000,3.420000,0.000000); 10.7751
(2.000000,3.424000,0.000000); 10.7711
(2.000000,3.428000,0.000000); 10.7671
(2.000000,3.432000,0.000000); 10.7631
(2.000000,3.436000,0.000000); 10.7591
(2.000000,3.440000,0.000000); 10.7551
(2.000000,3.444000,0.000000); 10.7511
(2.000000,3.448000,0.000000); 10.7471
(2.000000,3.452000,0.000000); 10.743
(2.000000,3.456000,0.000000); 10.739
(2.000000,3.460000,0.000000); 10.735
(2.000000,3.464000,0.000000); 10.731
(2.000000,3.468000,0.000000); 10.727
(2.000000,3.472000,0.000000); 10.723
(2.000000,3.476000,0.000000); 10.719
(2.000000,3.480000,0.000000); 10.715
(2.000000,3.484000,0.000000); 10.711
(2.000000,3.488000,0.000000); 10.707
(2.000000,3.492000,0.000000); 10.7029
(2.000000,3.496000,0.000000); 10.6989
(2.000000,3.500000,0.000000); 10.6949
(2.000000,3.504000,0.000000); 10.6909
(2.000000,3.508000,0.000000); 10.6869
(2.000000,3.512000,0.000000); 10.6829
(2.000000,3.516000,0.000000); 10.6789
(2.000000,3.520000,0.000000); 10.6749
(2.000000,3.524000,0.000000); 10.6709
(2.000000,3.528000,0.000000); 10.6669
(2.000000,3.532000,0.000000); 10.6628
(2.000000,3.536000,0.000000); 10.6588
(2.000000,3.540000,0.000000); 10.6548
(2.000000,3.544000,0.000000); 10.6508
(2.000000,3.548000,0.000000); 10.6468
(2.000000,3.552000,0.000000); 10.6428
(2.000000,3.556000,0.000000); 10.6388
(2.000000,3.560000,0.000000); 10.6348
(2.000000,3.564000,0.000000); 10.6308
(2.000000,3.568000,0.000000); 10.6268
(2.000000,3.572000,0.000000); 10.6227
(2.000000,3.576000,0.000000); 10.6187
(2.000000,3.580000,0.000000); 10.6147
(2.000000,3.584000,0.000000); 10.6107
(2.000000,3.588000,0.000000); 10.6067
(2.000000,3.592000,0.000000); 10.6027
(2.000000,3.596000,0.000000); 10.5987
(2.000000,3.600000,0.000000); 10.5947
(2.000000,3.604000,0.000000); 10.5907
(2.000000,3.608000,0.000000); 10.5867
(2.000000,3.612000,0.000000); 10.5826
(2.000000,3.616000,0.000000); 10.5786
(2.000000,3.620000,0.000000); 10.5746
(2.000000,3.624000,0.000000); 10.5706
(2.000000,3.628000,0.000000); 10.5666
(2.000000,3.632000,0.000000); 10.5626
(2.000000,3.636000,0.000000); 10.5586
(2.000000,3.640000,0.000000); 10.5546
(2.000000,3.644000,0.000000); 10.5506
(2.000000,3.648000,0.000000); 10.5466
(2.000000,3.652000,0.000000); 10.5425
(2.000000,3.656000,0.000000); 10.5385
(2.000000,3.660000,0.000000); 10.5345
(2.000000,3.664000,0.000000); 10.5305
(2.000000,3.668000,0.000000); 10.5265
(2.000000,3.672000,0.000000); 10.5225
(2.000000,3.676000,0.000000); 10.5185
(2.000000,3.680000,0.000000); 10.5145
(2.000000,3.684000,0.000000); 10.5105
(2.000000,3.688000,0.000000); 10.5065
(2.000000,3.692000,0.000000); 10.5024
(2.000000,3.696000,0.000000); 10.4984
(2.000000,3.700000,0.000000); 10.4944
(2.000000,3.704000,0.000000); 10.4904
(2.000000,3.708000,0.000000); 10.4864
(2.000000,3.712000,0.000000); 10.4824
(2.000000,3.716000,0.000000); 10.4784
(2.000000,3.720000,0.000000); 10.4744
(2.000000,3.724000,0.000000); 10.4704
(2.000000,3.728000,0.000000); 10.4664
(2.000000,3.732000,0.000000); 10.4623
(2.000000,3.736000,0.000000); 10.4583
(2.000000,3.740000,0.000000); 10.4543
(2.000000,3.744000,0.000000); 10.4503
(2.000000,3.748000,0.000000); 10.4463
(2.000000,3.752000,0.000000); 10.4423
(2.000000,3.756000,0.000000); 10.4383
(2.000000,3.760000,0.000000); 10.4343
(2.000000,3.764000,0.000000); 10.4303
(2.000000,3.768000,0.000000); 10.4263
(2.000000,3.772000,0.000000); 10.4222
(2.000000,3.776000,0.000000); 10.4182
(2.000000,3.780000,0.000000); 10.4142
(2.000000,3.784000,0.000000); 10.4102
(2.000000,3.788000,0.000000); 10.4062
(2.000000,3.792000,0.000000); 10.4022
(2.000000,3.796000,0.000000); 10.3982
(2.000000,3.800000,0.000000); 10.3942
(2.000000,3.804000,0.000000); 10.3902
(2.000000,3.808000,0.000000); 10.3862
(2.000000,3.812000,0.000000); 10.3821
(2.000000,3.816000,0.000000); 10.3781
(2.000000,3.820000,0.000000); 10.3741
(2.000000,3.824000,0.000000); 10.3701
(2.000000,3.828000,0.000000); 10.3661
(2.000000,3.832000,0.000000); 10.3621
(2.000000,3.836000,0.000000); 10.3581
(2.000000,3.840000,0.000000); 10.3541
(2.000000,3.844000,0.000000); 10.3501
(2.000000,3.848000,0.000000); 10.3461
(2.000000,3.852000,0.000000); 10.342
(2.000000,3.856000,0.000000); 10.338
(2.000000,3.860000,0.000000); 10.334
(2.000000,3.864000,0.000000); 10.33
(2.000000,3.868000,0.000000); 10.326
(2.000000,3.872000,0.000000); 10.322
(2.000000,3.876000,0.000000); 10.318
(2.000000,3.880000,0.000000); 10.314
(2.000000,3.884000,0.000000); 10.31
(2.000000,3.888000,0.000000); 10.306
(2.000000,3.892000,0.000000); 10.3019
(2.000000,3.896000,0.000000); 10.2979
(2.000000,3.900000,0.000000); 10.2939
(2.000000,3.904000,0.000000); 10.2899
(2.000000,3.908000,0.000000); 10.2859
(2.000000,3.912000,0.000000); 10.2819
(2.000000,3.916000,0.000000); 10.2779
(2.000000,3.920000,0.000000); 10.2739
(2.000000,3.924000,0.000000); 10.2699
(2.000000,3.928000,0.000000); 10.2659
(2.000000,3.932000,0.000000); 10.2618
(2.000000,3.936000,0.000000); 10.2578
(2.000000,3.940000,0.000000); 10.2538
(2.000000,3.944000,0.000000); 10.2498
(2.000000,3.948000,0.000000); 10.2458
(2.000000,3.952000,0.000000); 10.2418
(2.000000,3.956000,0.000000); 10.2378
(2.000000,3.960000,0.000000); 10.2338
(2.000000,3.964000,0.000000); 10.2298
(2.000000,3.968000,0.000000); 10.2258
(2.000000,3.972000,0.000000); 10.2217
(2.000000,3.976000,0.000000); 10.2177
(2.000000,3.980000,0.000000); 10.2137
(2.000000,3.984000,0.000000); 10.2097
(2.000000,3.988000,0.000000); 10.2057
(2.000000,3.992000,0.000000); 10.2017
(2.000000,3.996000,0.000000); 10.1977
(2.000000,4.000000,0.000000); 10.1937
