LOGFILE

(2.000000,0.000000,0.000000); 12.2037
(2.000000,0.004000,0.000000); 12.1997
(2.000000,0.008000,0.000000); 12.1957
(2.000000,0.012000,0.000000); 12.1917
(2.000000,0.016000,0.000000); 12.1877
(2.000000,0.020000,0.000000); 12.1837
(2.000000,0.024000,0.000000); 12.1797
(2.000000,0.028000,0.000000); 12.1757
(2.000000,0.032000,0.000000); 12.1717
(2.000000,0.036000,0.000000); 12.1677
(2.000000,0.040000,0.000000); 12.1637
(2.000000,0.044000,0.000000); 12.1597
(2.000000,0.048000,0.000000); 12.1557
(2.000000,0.052000,0.000000); 12.1517
(2.000000,0.056000,0.000000); 12.1477
(2.000000,0.060000,0.000000); 12.1437
(2.000000,0.064000,0.000000); 12.1397
(2.000000,0.068000,0.000000); 12.1357
(2.000000,0.072000,0.000000); 12.1317
(2.000000,0.076000,0.000000); 12.1277
(2.000000,0.080000,0.000000); 12.1237
(2.000000,0.084000,0.000000); 12.1197
(2.000000,0.088000,0.000000); 12.1157
(2.000000,0.092000,0.000000); 12.1117
(2.000000,0.096000,0.000000); 12.1077
(2.000000,0.100000,0.000000); 12.1037
(2.000000,0.104000,0.000000); 12.0997
(2.000000,0.108000,0.000000); 12.0957
(2.000000,0.112000,0.000000); 12.0917
(2.000000,0.116000,0.000000); 12.0877
(2.000000,0.120000,0.000000); 12.0837
(2.000000,0.124000,0.000000); 12.0797
(2.000000,0.128000,0.000000); 12.0757
(2.000000,0.132000,0.000000); 12.0717
(2.000000,0.136000,0.000000); 12.0677
(2.000000,0.140000,0.000000); 12.0637
(2.000000,0.144000,0.000000); 12.0597
(2.000000,0.148000,0.000000); 12.0557
(2.000000,0.152000,0.000000); 12.0517
(2.000000,0.156000,0.000000); 12.0477
(2.000000,0.160000,0.000000); 12.0438
(2.000000,0.164000,0.000000); 12.0398
(2.000000,0.168000,0.000000); 12.0358
(2.000000,0.172000,0.000000); 12.0318
(2.000000,0.176000,0.000000); 12.0278
(2.000000,0.180000,0.000000); 12.0238
(2.000000,0.184000,0.000000); 12.0198
(2.000000,0.188000,0.000000); 12.0158
(2.000000,0.192000,0.000000); 12.0118
(2.000000,0.196000,0.000000); 12.0078
(2.000000,0.200000,0.000000); 12.0038
(2.000000,0.204000,0.000000); 11.9998
(2.000000,0.208000,0.000000); 11.9958
(2.000000,0.212000,0.000000); 11.9918
(2.000000,0.216000,0.000000); 11.9878
(2.000000,0.220000,0.000000); 11.9838
(2.000000,0.224000,0.000000); 11.9798
(2.000000,0.228000,0.000000); 11.9758
(2.000000,0.232000,0.000000); 11.9718
(2.000000,0.236000,0.000000); 11.9678
(2.000000,0.240000,0.000000); 11.9638
(2.000000,0.244000,0.000000); 11.9598
(2.000000,0.248000,0.000000); 11.9558
(2.000000,0.252000,0.000000); 11.9518
(2.000000,0.256000,0.000000); 11.9478
(2.000000,0.260000,0.000000); 11.9438
(2.000000,0.264000,0.000000); 11.9398
(2.000000,0.268000,0.000000); 11.9358
(2.000000,0.272000,0.000000); 11.9318
(2.000000,0.276000,0.000000); 11.9278
(2.000000,0.280000,0.000000); 11.9238
(2.000000,0.284000,0.000000); 11.9198
(2.000000,0.288000,0.000000); 11.9158
(2.000000,0.292000,0.000000); 11.9118
(2.000000,0.296000,0.000000); 11.9078
(2.000000,0.300000,0.000000); 11.9038
(2.000000,0.304000,0.000000); 11.8998
(2.000000,0.308000,0.000000); 11.8958
(2.000000,0.312000,0.000000); 11.8918
(2.000000,0.316000,0.000000); 11.8878
(2.000000,0.320000,0.000000); 11.8838
(2.000000,0.324000,0.000000); 11.8798
(2.000000,0.328000,0.000000); 11.8758
(2.000000,0.332000,0.000000); 11.8718
(2.000000,0.336000,0.000000); 11.8678
(2.000000,0.340000,0.000000); 11.8638
(2.000000,0.344000,0.000000); 11.8598
(2.000000,0.348000,0.000000); 11.8558
(2.000000,0.352000,0.000000); 11.8518
(2.000000,0.356000,0.000000); 11.8478
(2.000000,0.360000,0.000000); 11.8438
(2.000000,0.364000,0.000000); 11.8398
(2.000000,0.368000,0.000000); 11.8358
(2.000000,0.372000,0.000000); 11.8318
(2.000000,0.376000,0.000000); 11.8278
(2.000000,0.380000,0.000000); 11.8238
(2.000000,0.384000,0.000000); 11.8198
(2.000000,0.388000,0.000000); 11.8159
(2.000000,0.392000,0.000000); 11.8119
(2.000000,0.396000,0.000000); 11.8079
(2.000000,0.400000,0.000000); 11.8039
(2.000000,0.404000,0.000000); 11.7999
(2.000000,0.408000,0.000000); 11.7959
(2.000000,0.412000,0.000000); 11.7919
(2.000000,0.416000,0.000000); 11.7879
(2.000000,0.420000,0.000000); 11.7839
(2.000000,0.424000,0.000000); 11.7799
(2.000000,0.428000,0.000000); 11.7759
(2.000000,0.432000,0.000000); 11.7719
(2.000000,0.436000,0.000000); 11.7679
(2.000000,0.440000,0.000000); 11.7639
(2.000000,0.444000,0.000000); 11.7599
(2.000000,0.448000,0.000000); 11.7559
(2.000000,0.452000,0.000000); 11.7519
(2.000000,0.456000,0.000000); 11.7479
(2.000000,0.460000,0.000000); 11.7439
(2.000000,0.464000,0.000000); 11.7399
(2.000000,0.468000,0.000000); 11.7359
(2.000000,0.472000,0.000000); 11.7319
(2.000000,0.476000,0.000000); 11.7279
(2.000000,0.480000,0.000000); 11.7239
(2.000000,0.484000,0.000000); 11.7199
(2.000000,0.488000,0.000000); 11.7159
(2.000000,0.492000,0.000000); 11.7119
(2.000000,0.496000,0.000000); 11.7079
(2.000000,0.500000,0.000000); 11.7039
(2.000000,0.504000,0.000000); 11.6999
(2.000000,0.508000,0.000000); 11.6959
(2.000000,0.512000,0.000000); 11.6919
(2.000000,0.516000,0.000000); 11.6879
(2.000000,0.520000,0.000000); 11.6839
(2.000000,0.524000,0.000000); 11.6799
(2.000000,0.528000,0.000000); 11.6759
(2.000000,0.532000,0.000000); 11.6719
(2.000000,0.536000,0.000000); 11.6679
(2.000000,0.540000,0.000000); 11.6639
(2.000000,0.544000,0.000000); 11.6599
(2.000000,0.548000,0.000000); 11.6559
(2.000000,0.552000,0.000000); 11.6519
(2.000000,0.556000,0.000000); 11.6479
(2.000000,0.560000,0.000000); 11.6439
(2.000000,0.564000,0.000000); 11.6399
(2.000000,0.568000,0.000000); 11.6359
(2.000000,0.572000,0.000000); 11.6319
(2.000000,0.576000,0.000000); 11.6279
(2.000000,0.580000,0.000000); 11.6239
(2.000000,0.584000,0.000000); 11.6199
(2.000000,0.588000,0.000000); 11.6159
(2.000000,0.592000,0.000000); 11.6119
(2.000000,0.596000,0.000000); 11.6079
(2.000000,0.600000,0.000000); 11.6039
(2.000000,0.604000,0.000000); 11.5999
(2.000000,0.608000,0.000000); 11.5959
(2.000000,0.612000,0.000000); 11.5919
(2.000000,0.616000,0.000000); 11.588
(2.000000,0.620000,0.000000); 11.584
(2.000000,0.624000,0.000000); 11.58
(2.000000,0.628000,0.000000); 11.576
(2.000000,0.632000,0.000000); 11.572
(2.000000,0.636000,0.000000); 11.568
(2.000000,0.640000,0.000000); 11.564
(2.000000,0.644000,0.000000); 11.56
(2.000000,0.648000,0.000000); 11.556
(2.000000,0.652000,0.000000); 11.552
(2.000000,0.656000,0.000000); 11.548
(2.000000,0.660000,0.000000); 11.544
(2.000000,0.664000,0.000000); 11.54
(2.000000,0.668000,0.000000); 11.536
(2.000000,0.672000,0.000000); 11.532
(2.000000,0.676000,0.000000); 11.528
(2.000000,0.680000,0.000000); 11.524
(2.000000,0.684000,0.000000); 11.52
(2.000000,0.688000,0.000000); 11.516
(2.000000,0.692000,0.000000); 11.512
(2.000000,0.696000,0.000000); 11.508
(2.000000,0.700000,0.000000); 11.504
(2.000000,0.704000,0.000000); 11.5
(2.000000,0.708000,0.000000); 11.496
(2.000000,0.712000,0.000000); 11.492
(2.000000,0.716000,0.000000); 11.488
(2.000000,0.720000,0.000000); 11.484
(2.000000,0.724000,0.000000); 11.48
(2.000000,0.728000,0.000000); 11.476
(2.000000,0.732000,0.000000); 11.472
(2.000000,0.736000,0.000000); 11.468
(2.000000,0.740000,0.000000); 11.464
(2.000000,0.744000,0.000000); 11.46
(2.000000,0.748000,0.000000); 11.456
(2.000000,0.752000,0.000000); 11.452
(2.000000,0.756000,0.000000); 11.448
(2.000000,0.760000,0.000000); 11.444
(2.000000,0.764000,0.000000); 11.44
(2.000000,0.768000,0.000000); 11.436
(2.000000,0.772000,0.000000); 11.432
(2.000000,0.776000,0.000000); 11.428
(2.000000,0.780000,0.000000); 11.424
(2.000000,0.784000,0.000000); 11.42
(2.000000,0.788000,0.000000); 11.416
(2.000000,0.792000,0.000000); 11.412
(2.000000,0.796000,0.000000); 11.408
(2.000000,0.800000,0.000000); 11.404
(2.000000,0.804000,0.000000); 11.4
(2.000000,0.808000,0.000000); 11.396
(2.000000,0.812000,0.000000); 11.392
(2.000000,0.816000,0.000000); 11.388
(2.000000,0.820000,0.000000); 11.384
(2.000000,0.824000,0.000000); 11.38
(2.000000,0.828000,0.000000); 11.376
(2.000000,0.832000,0.000000); 11.372
(2.000000,0.836000,0.000000); 11.368
(2.000000,0.840000,0.000000); 11.364
(2.000000,0.844000,0.000000); 11.3601
(2.000000,0.848000,0.000000); 11.3561
(2.000000,0.852000,0.000000); 11.3521
(2.000000,0.856000,0.000000); 11.3481
(2.000000,0.860000,0.000000); 11.3441
(2.000000,0.864000,0.000000); 11.3401
(2.000000,0.868000,0.000000); 11.3361
(2.000000,0.872000,0.000000); 11.3321
(2.000000,0.876000,0.000000); 11.3281
(2.000000,0.880000,0.000000); 11.3241
(2.000000,0.884000,0.000000); 11.3201
(2.000000,0.888000,0.000000); 11.3161
(2.000000,0.892000,0.000000); 11.3121
(2.000000,0.896000,0.000000); 11.3081
(2.000000,0.900000,0.000000); 11.3041
(2.000000,0.904000,0.000000); 11.3001
(2.000000,0.908000,0.000000); 11.2961
(2.000000,0.912000,0.000000); 11.2921
(2.000000,0.916000,0.000000); 11.2881
(2.000000,0.920000,0.000000); 11.2841
(2.000000,0.924000,0.000000); 11.2801
(2.000000,0.928000,0.000000); 11.2761
(2.000000,0.932000,0.000000); 11.2721
(2.000000,0.936000,0.000000); 11.2681
(2.000000,0.940000,0.000000); 11.2641
(2.000000,0.944000,0.000000); 11.2601
(2.000000,0.948000,0.000000); 11.2561
(2.000000,0.952000,0.000000); 11.2521
(2.000000,0.956000,0.000000); 11.2481
(2.000000,0.960000,0.000000); 11.2441
(2.000000,0.964000,0.000000); 11.2401
(2.000000,0.968000,0.000000); 11.2361
(2.000000,0.972000,0.000000); 11.2321
(2.000000,0.976000,0.000000); 11.2281
(2.000000,0.980000,0.000000); 11.2241
(2.000000,0.984000,0.000000); 11.2201
(2.000000,0.988000,0.000000); 11.2161
(2.000000,0.992000,0.000000); 11.2121
(2.000000,0.996000,0.000000); 11.2081
(2.000000,1.000000,0.000000); 11.2041
(2.000000,1.004000,0.000000); 11.2001
(2.000000,1.008000,0.000000); 11.1961
(2.000000,1.012000,0.000000); 11.1921
(2.000000,1.016000,0.000000); 11.1881
(2.000000,1.020000,0.000000); 11.1841
(2.000000,1.024000,0.000000); 11.1801
(2.000000,1.028000,0.000000); 11.1761
(2.000000,1.032000,0.000000); 11.1721
(2.000000,1.036000,0.000000); 11.1681
(2.000000,1.040000,0.000000); 11.1641
(2.000000,1.044000,0.000000); 11.1601
(2.000000,1.048000,0.000000); 11.1561
(2.000000,1.052000,0.000000); 11.1521
(2.000000,1.056000,0.000000); 11.1481
(2.000000,1.060000,0.000000); 11.1441
(2.000000,1.064000,0.000000); 11.1401
(2.000000,1.068000,0.000000); 11.1361
(2.000000,1.072000,0.000000); 11.1322
(2.000000,1.076000,0.000000); 11.1282
(2.000000,1.080000,0.000000); 11.1242
(2.000000,1.084000,0.000000); 11.1202
(2.000000,1.088000,0.000000); 11.1162
(2.000000,1.092000,0.000000); 11.1122
(2.000000,1.096000,0.000000); 11.1082
(2.000000,1.100000,0.000000); 11.1042
(2.000000,1.104000,0.000000); 11.1002
(2.000000,1.108000,0.000000); 11.0962
(2.000000,1.112000,0.000000); 11.0922
(2.000000,1.116000,0.000000); 11.0882
(2.000000,1.120000,0.000000); 11.0842
(2.000000,1.124000,0.000000); 11.0802
(2.000000,1.128000,0.000000); 11.0762
(2.000000,1.132000,0.000000); 11.0722
(2.000000,1.136000,0.000000); 11.0682
(2.000000,1.140000,0.000000); 11.0642
(2.000000,1.144000,0.000000); 11.0602
(2.000000,1.148000,0.000000); 11.0562
(2.000000,1.152000,0.000000); 11.0522
(2.000000,1.156000,0.000000); 11.0482
(2.000000,1.160000,0.000000); 11.0442
(2.000000,1.164000,0.000000); 11.0402
(2.000000,1.168000,0.000000); 11.0362
(2.000000,1.172000,0.000000); 11.0322
(2.000000,1.176000,0.000000); 11.0282
(2.000000,1.180000,0.000000); 11.0242
(2.000000,1.184000,0.000000); 11.0202
(2.000000,1.188000,0.000000); 11.0162
(2.000000,1.192000,0.000000); 11.0122
(2.000000,1.196000,0.000000); 11.0082
(2.000000,1.200000,0.000000); 11.0042
(2.000000,1.204000,0.000000); 11.0002
(2.000000,1.208000,0.000000); 10.9962
(2.000000,1.212000,0.000000); 10.9922
(2.000000,1.216000,0.000000); 10.9882
(2.000000,1.220000,0.000000); 10.9842
(2.000000,1.224000,0.000000); 10.9802
(2.000000,1.228000,0.000000); 10.9762
(2.000000,1.232000,0.000000); 10.9722
(2.000000,1.236000,0.000000); 10.9682
(2.000000,1.240000,0.000000); 10.9642
(2.000000,1.244000,0.000000); 10.9602
(2.000000,1.248000,0.000000); 10.9562
(2.000000,1.252000,0.000000); 10.9522
(2.000000,1.256000,0.000000); 10.9482
(2.000000,1.260000,0.000000); 10.9442
(2.000000,1.264000,0.000000); 10.9402
(2.000000,1.268000,0.000000); 10.9362
(2.000000,1.272000,0.000000); 10.9322
(2.000000,1.276000,0.000000); 10.9282
(2.000000,1.280000,0.000000); 10.9242
(2.000000,1.284000,0.000000); 10.9202
(2.000000,1.288000,0.000000); 10.9162
(2.000000,1.292000,0.000000); 10.9122
(2.000000,1.296000,0.000000); 10.9082
(2.000000,1.300000,0.000000); 10.9043
(2.000000,1.304000,0.000000); 10.9003
(2.000000,1.308000,0.000000); 10.8963
(2.000000,1.312000,0.000000); 10.8923
(2.000000,1.316000,0.000000); 10.8883
(2.000000,1.320000,0.000000); 10.8843
(2.000000,1.324000,0.000000); 10.8803
(2.000000,1.328000,0.000000); 10.8763
(2.000000,1.332000,0.000000); 10.8723
(2.000000,1.336000,0.000000); 10.8683
(2.000000,1.340000,0.000000); 10.8643
(2.000000,1.344000,0.000000); 10.8603
(2.000000,1.348000,0.000000); 10.8563
(2.000000,1.352000,0.000000); 10.8523
(2.000000,1.356000,0.000000); 10.8483
(2.000000,1.360000,0.000000); 10.8443
(2.000000,1.364000,0.000000); 10.8403
(2.000000,1.368000,0.000000); 10.8363
(2.000000,1.372000,0.000000); 10.8323
(2.000000,1.376000,0.000000); 10.8283
(2.000000,1.380000,0.000000); 10.8243
(2.000000,1.384000,0.000000); 10.8203
(2.000000,1.388000,0.000000); 10.8163
(2.000000,1.392000,0.000000); 10.8123
(2.000000,1.396000,0.000000); 10.8083
(2.000000,1.400000,0.000000); 10.8043
(2.000000,1.404000,0.000000); 10.8003
(2.000000,1.408000,0.000000); 10.7963
(2.000000,1.412000,0.000000); 10.7923
(2.000000,1.416000,0.000000); 10.7883
(2.000000,1.420000,0.000000); 10.7843
(2.000000,1.424000,0.000000); 10.7803
(2.000000,1.428000,0.000000); 10.7763
(2.000000,1.432000,0.000000); 10.7723
(2.000000,1.436000,0.000000); 10.7683
(2.000000,1.440000,0.000000); 10.7643
(2.000000,1.444000,0.000000); 10.7603
(2.000000,1.448000,0.000000); 10.7563
(2.000000,1.452000,0.000000); 10.7523
(2.000000,1.456000,0.000000); 10.7483
(2.000000,1.460000,0.000000); 10.7443
(2.000000,1.464000,0.000000); 10.7403
(2.000000,1.468000,0.000000); 10.7363
(2.000000,1.472000,0.000000); 10.7323
(2.000000,1.476000,0.000000); 10.7283
(2.000000,1.480000,0.000000); 10.7243
(2.000000,1.484000,0.000000); 10.7203
(2.000000,1.488000,0.000000); 10.7163
(2.000000,1.492000,0.000000); 10.7123
(2.000000,1.496000,0.000000); 10.7083
(2.000000,1.500000,0.000000); 10.7043
(2.000000,1.504000,0.000000); 10.7003
(2.000000,1.508000,0.000000); 10.6963
(2.000000,1.512000,0.000000); 10.6923
(2.000000,1.516000,0.000000); 10.6883
(2.000000,1.520000,0.000000); 10.6843
(2.000000,1.524000,0.000000); 10.6804
(2.000000,1.528000,0.000000); 10.6764
(2.000000,1.532000,0.000000); 10.6724
(2.000000,1.536000,0.000000); 10.6684
(2.000000,1.540000,0.000000); 10.6644
(2.000000,1.544000,0.000000); 10.6604
(2.000000,1.548000,0.000000); 10.6564
(2.000000,1.552000,0.000000); 10.6524
(2.000000,1.556000,0.000000); 10.6484
(2.000000,1.560000,0.000000); 10.6444
(2.000000,1.564000,0.000000); 10.6404
(2.000000,1.568000,0.000000); 10.6364
(2.000000,1.572000,0.000000); 10.6324
(2.000000,1.576000,0.000000); 10.6284
(2.000000,1.580000,0.000000); 10.6244
(2.000000,1.584000,0.000000); 10.6204
(2.000000,1.588000,0.000000); 10.6164
(2.000000,1.592000,0.000000); 10.6124
(2.000000,1.596000,0.000000); 10.6084
(2.000000,1.600000,0.000000); 10.6044
(2.000000,1.604000,0.000000); 10.6004
(2.000000,1.608000,0.000000); 10.5964
(2.000000,1.612000,0.000000); 10.5924
(2.000000,1.616000,0.000000); 10.5884
(2.000000,1.620000,0.000000); 10.5844
(2.000000,1.624000,0.000000); 10.5804
(2.000000,1.628000,0.000000); 10.5764
(2.000000,1.632000,0.000000); 10.5724
(2.000000,1.636000,0.000000); 10.5684
(2.000000,1.640000,0.000000); 10.5644
(2.000000,1.644000,0.000000); 10.5604
(2.000000,1.648000,0.000000); 10.5564
(2.000000,1.652000,0.000000); 10.5524
(2.000000,1.656000,0.000000); 10.5484
(2.000000,1.660000,0.000000); 10.5444
(2.000000,1.664000,0.000000); 10.5404
(2.000000,1.668000,0.000000); 10.5364
(2.000000,1.672000,0.000000); 10.5324
(2.000000,1.676000,0.000000); 10.5284
(2.000000,1.680000,0.000000); 10.5244
(2.000000,1.684000,0.000000); 10.5204
(2.000000,1.688000,0.000000); 10.5164
(2.000000,1.692000,0.000000); 10.5124
(2.000000,1.696000,0.000000); 10.5084
(2.000000,1.700000,0.000000); 10.5044
(2.000000,1.704000,0.000000); 10.5004
(2.000000,1.708000,0.000000); 10.4964
(2.000000,1.712000,0.000000); 10.4924
(2.000000,1.716000,0.000000); 10.4884
(2.000000,1.720000,0.000000); 10.4844
(2.000000,1.724000,0.000000); 10.4804
(2.000000,1.728000,0.000000); 10.4764
(2.000000,1.732000,0.000000); 10.4724
(2.000000,1.736000,0.000000); 10.4684
(2.000000,1.740000,0.000000); 10.4644
(2.000000,1.744000,0.000000); 10.4604
(2.000000,1.748000,0.000000); 10.4564
(2.000000,1.752000,0.000000); 10.4525
(2.000000,1.756000,0.000000); 10.4485
(2.000000,1.760000,0.000000); 10.4445
(2.000000,1.764000,0.000000); 10.4405
(2.000000,1.768000,0.000000); 10.4365
(2.000000,1.772000,0.000000); 10.4325
(2.000000,1.776000,0.000000); 10.4285
(2.000000,1.780000,0.000000); 10.4245
(2.000000,1.784000,0.000000); 10.4205
(2.000000,1.788000,0.000000); 10.4165
(2.000000,1.792000,0.000000); 10.4125
(2.000000,1.796000,0.000000); 10.4085
(2.000000,1.800000,0.000000); 10.4045
(2.000000,1.804000,0.000000); 10.4005
(2.000000,1.808000,0.000000); 10.3965
(2.000000,1.812000,0.000000); 10.3925
(2.000000,1.816000,0.000000); 10.3885
(2.000000,1.820000,0.000000); 10.3845
(2.000000,1.824000,0.000000); 10.3805
(2.000000,1.828000,0.000000); 10.3765
(2.000000,1.832000,0.000000); 10.3725
(2.000000,1.836000,0.000000); 10.3685
(2.000000,1.840000,0.000000); 10.3645
(2.000000,1.844000,0.000000); 10.3605
(2.000000,1.848000,0.000000); 10.3565
(2.000000,1.852000,0.000000); 10.3525
(2.000000,1.856000,0.000000); 10.3485
(2.000000,1.860000,0.000000); 10.3445
(2.000000,1.864000,0.000000); 10.3405
(2.000000,1.868000,0.000000); 10.3365
(2.000000,1.872000,0.000000); 10.3325
(2.000000,1.876000,0.000000); 10.3285
(2.000000,1.880000,0.000000); 10.3245
(2.000000,1.884000,0.000000); 10.3205
(2.000000,1.888000,0.000000); 10.3165
(2.000000,1.892000,0.000000); 10.3125
(2.000000,1.896000,0.000000); 10.3085
(2.000000,1.900000,0.000000); 10.3045
(2.000000,1.904000,0.000000); 10.3005
(2.000000,1.908000,0.000000); 10.2965
(2.000000,1.912000,0.000000); 10.2925
(2.000000,1.916000,0.000000); 10.2885
(2.000000,1.920000,0.000000); 10.2845
(2.000000,1.924000,0.000000); 10.2805
(2.000000,1.928000,0.000000); 10.2765
(2.000000,1.932000,0.000000); 10.2725
(2.000000,1.936000,0.000000); 10.2685
(2.000000,1.940000,0.000000); 10.2645
(2.000000,1.944000,0.000000); 10.2605
(2.000000,1.948000,0.000000); 10.2565
(2.000000,1.952000,0.000000); 10.2525
(2.000000,1.956000,0.000000); 10.2485
(2.000000,1.960000,0.000000); 10.2445
(2.000000,1.964000,0.000000); 10.2405
(2.000000,1.968000,0.000000); 10.2365
(2.000000,1.972000,0.000000); 10.2325
(2.000000,1.976000,0.000000); 10.2285
(2.000000,1.980000,0.000000); 10.2246
(2.000000,1.984000,0.000000); 10.2206
(2.000000,1.988000,0.000000); 10.2166
(2.000000,1.992000,0.000000); 10.2126
(2.000000,1.996000,0.000000); 10.2086
(2.000000,2.000000,0.000000); 10.2046
(2.000000,2.004000,0.000000); 10.2006
(2.000000,2.008000,0.000000); 10.1966
(2.000000,2.012000,0.000000); 10.1926
(2.000000,2.016000,0.000000); 10.1886
(2.000000,2.020000,0.000000); 10.1846
(2.000000,2.024000,0.000000); 10.1806
(2.000000,2.028000,0.000000); 10.1766
(2.000000,2.032000,0.000000); 10.1726
(2.000000,2.036000,0.000000); 10.1686
(2.000000,2.040000,0.000000); 10.1646
(2.000000,2.044000,0.000000); 10.1606
(2.000000,2.048000,0.000000); 10.1566
(2.000000,2.052000,0.000000); 10.1526
(2.000000,2.056000,0.000000); 10.1486
(2.000000,2.060000,0.000000); 10.1446
(2.000000,2.064000,0.000000); 10.1406
(2.000000,2.068000,0.000000); 10.1366
(2.000000,2.072000,0.000000); 10.1326
(2.000000,2.076000,0.000000); 10.1286
(2.000000,2.080000,0.000000); 10.1246
(2.000000,2.084000,0.000000); 10.1206
(2.000000,2.088000,0.000000); 10.1166
(2.000000,2.092000,0.000000); 10.1126
(2.000000,2.096000,0.000000); 10.1086
(2.000000,2.100000,0.000000); 10.1046
(2.000000,2.104000,0.000000); 10.1006
(2.000000,2.108000,0.000000); 10.0966
(2.000000,2.112000,0.000000); 10.0926
(2.000000,2.116000,0.000000); 10.0886
(2.000000,2.120000,0.000000); 10.0846
(2.000000,2.124000,0.000000); 10.0806
(2.000000,2.128000,0.000000); 10.0766
(2.000000,2.132000,0.000000); 10.0726
(2.000000,2.136000,0.000000); 10.0686
(2.000000,2.140000,0.000000); 10.0646
(2.000000,2.144000,0.000000); 10.0606
(2.000000,2.148000,0.000000); 10.0566
(2.000000,2.152000,0.000000); 10.0526
(2.000000,2.156000,0.000000); 10.0486
(2.000000,2.160000,0.000000); 10.0446
(2.000000,2.164000,0.000000); 10.0406
(2.000000,2.168000,0.000000); 10.0366
(2.000000,2.172000,0.000000); 10.0326
(2.000000,2.176000,0.000000); 10.0286
(2.000000,2.180000,0.000000); 10.0246
(2.000000,2.184000,0.000000); 10.0206
(2.000000,2.188000,0.000000); 10.0166
(2.000000,2.192000,0.000000); 10.0126
(2.000000,2.196000,0.000000); 10.0086
(2.000000,2.200000,0.000000); 10.0046
(2.000000,2.204000,0.000000); 10.0006
(2.000000,2.208000,0.000000); 9.99665
(2.000000,2.212000,0.000000); 9.99265
(2.000000,2.216000,0.000000); 9.98865
(2.000000,2.220000,0.000000); 9.98466
(2.000000,2.224000,0.000000); 9.98066
(2.000000,2.228000,0.000000); 9.97666
(2.000000,2.232000,0.000000); 9.97266
(2.000000,2.236000,0.000000); 9.96866
(2.000000,2.240000,0.000000); 9.96466
(2.000000,2.244000,0.000000); 9.96067
(2.000000,2.248000,0.000000); 9.95667
(2.000000,2.252000,0.000000); 9.95267
(2.000000,2.256000,0.000000); 9.94867
(2.000000,2.260000,0.000000); 9.94467
(2.000000,2.264000,0.000000); 9.94068
(2.000000,2.268000,0.000000); 9.93668
(2.000000,2.272000,0.000000); 9.93268
(2.000000,2.276000,0.000000); 9.92868
(2.000000,2.280000,0.000000); 9.92468
(2.000000,2.284000,0.000000); 9.92068
(2.000000,2.288000,0.000000); 9.91669
(2.000000,2.292000,0.000000); 9.91269
(2.000000,2.296000,0.000000); 9.90869
(2.000000,2.300000,0.000000); 9.90469
(2.000000,2.304000,0.000000); 9.90069
(2.000000,2.308000,0.000000); 9.89669
(2.000000,2.312000,0.000000); 9.8927
(2.000000,2.316000,0.000000); 9.8887
(2.000000,2.320000,0.000000); 9.8847
(2.000000,2.324000,0.000000); 9.8807
(2.000000,2.328000,0.000000); 9.8767
(2.000000,2.332000,0.000000); 9.8727
(2.000000,2.336000,0.000000); 9.86871
(2.000000,2.340000,0.000000); 9.86471
(2.000000,2.344000,0.000000); 9.86071
(2.000000,2.348000,0.000000); 9.85671
(2.000000,2.352000,0.000000); 9.85271
(2.000000,2.356000,0.000000); 9.84872
(2.000000,2.360000,0.000000); 9.84472
(2.000000,2.364000,0.000000); 9.84072
(2.000000,2.368000,0.000000); 9.83672
(2.000000,2.372000,0.000000); 9.83272
(2.000000,2.376000,0.000000); 9.82872
(2.000000,2.380000,0.000000); 9.82473
(2.000000,2.384000,0.000000); 9.82073
(2.000000,2.388000,0.000000); 9.81673
(2.000000,2.392000,0.000000); 9.81273
(2.000000,2.396000,0.000000); 9.80873
(2.000000,2.400000,0.000000); 9.80473
(2.000000,2.404000,0.000000); 9.80074
(2.000000,2.408000,0.000000); 9.79674
(2.000000,2.412000,0.000000); 9.79274
(2.000000,2.416000,0.000000); 9.78874
(2.000000,2.420000,0.000000); 9.78474
(2.000000,2.424000,0.000000); 9.78075
(2.000000,2.428000,0.000000); 9.77675
(2.000000,2.432000,0.000000); 9.77275
(2.000000,2.436000,0.000000); 9.76875
(2.000000,2.440000,0.000000); 9.76475
(2.000000,2.444000,0.000000); 9.76075
(2.000000,2.448000,0.000000); 9.75676
(2.000000,2.452000,0.000000); 9.75276
(2.000000,2.456000,0.000000); 9.74877
(2.000000,2.460000,0.000000); 9.74477
(2.000000,2.464000,0.000000); 9.74077
(2.000000,2.468000,0.000000); 9.73678
(2.000000,2.472000,0.000000); 9.73278
(2.000000,2.476000,0.000000); 9.72879
(2.000000,2.480000,0.000000); 9.72479
(2.000000,2.484000,0.000000); 9.7208
(2.000000,2.488000,0.000000); 9.7168
(2.000000,2.492000,0.000000); 9.7128
(2.000000,2.496000,0.000000); 9.70881
(2.000000,2.500000,0.000000); 9.70481
(2.000000,2.504000,0.000000); 9.70082
(2.000000,2.508000,0.000000); 9.69682
(2.000000,2.512000,0.000000); 9.69283
(2.000000,2.516000,0.000000); 9.68883
(2.000000,2.520000,0.000000); 9.68484
(2.000000,2.524000,0.000000); 9.68084
(2.000000,2.528000,0.000000); 9.67685
(2.000000,2.532000,0.000000); 9.67285
(2.000000,2.536000,0.000000); 9.66886
(2.000000,2.540000,0.000000); 9.66487
(2.000000,2.544000,0.000000); 9.66088
(2.000000,2.548000,0.000000); 9.65689
(2.000000,2.552000,0.000000); 9.65291
(2.000000,2.556000,0.000000); 9.64892
(2.000000,2.560000,0.000000); 9.64493
(2.000000,2.564000,0.000000); 9.64095
(2.000000,2.568000,0.000000); 9.63696
(2.000000,2.572000,0.000000); 9.63297
(2.000000,2.576000,0.000000); 9.62899
(2.000000,2.580000,0.000000); 9.625
(2.000000,2.584000,0.000000); 9.62102
(2.000000,2.588000,0.000000); 9.61703
(2.000000,2.592000,0.000000); 9.61304
(2.000000,2.596000,0.000000); 9.60906
(2.000000,2.600000,0.000000); 9.60507
(2.000000,2.604000,0.000000); 9.60108
(2.000000,2.608000,0.000000); 9.5971
(2.000000,2.612000,0.000000); 9.59311
(2.000000,2.616000,0.000000); 9.58912
(2.000000,2.620000,0.000000); 9.58514
(2.000000,2.624000,0.000000); 9.58115
(2.000000,2.628000,0.000000); 9.57716
(2.000000,2.632000,0.000000); 9.5732
(2.000000,2.636000,0.000000); 9.56926
(2.000000,2.640000,0.000000); 9.56532
(2.000000,2.644000,0.000000); 9.56138
(2.000000,2.648000,0.000000); 9.55744
(2.000000,2.652000,0.000000); 9.5535
(2.000000,2.656000,0.000000); 9.54956
(2.000000,2.660000,0.000000); 9.54562
(2.000000,2.664000,0.000000); 9.54168
(2.000000,2.668000,0.000000); 9.53774
(2.000000,2.672000,0.000000); 9.5338
(2.000000,2.676000,0.000000); 9.52985
(2.000000,2.680000,0.000000); 9.52591
(2.000000,2.684000,0.000000); 9.52197
(2.000000,2.688000,0.000000); 9.51803
(2.000000,2.692000,0.000000); 9.51409
(2.000000,2.696000,0.000000); 9.51015
(2.000000,2.700000,0.000000); 9.50621
(2.000000,2.704000,0.000000); 9.50227
(2.000000,2.708000,0.000000); 9.49833
(2.000000,2.712000,0.000000); 9.49439
(2.000000,2.716000,0.000000); 9.49045
(2.000000,2.720000,0.000000); 9.48651
(2.000000,2.724000,0.000000); 9.48257
(2.000000,2.728000,0.000000); 9.47863
(2.000000,2.732000,0.000000); 9.47469
(2.000000,2.736000,0.000000); 9.47075
(2.000000,2.740000,0.000000); 9.4668
(2.000000,2.744000,0.000000); 9.46286
(2.000000,2.748000,0.000000); 9.45892
(2.000000,2.752000,0.000000); 9.45498
(2.000000,2.756000,0.000000); 9.45104
(2.000000,2.760000,0.000000); 9.4471
(2.000000,2.764000,0.000000); 9.44343
(2.000000,2.768000,0.000000); 9.43976
(2.000000,2.772000,0.000000); 9.43609
(2.000000,2.776000,0.000000); 9.43243
(2.000000,2.780000,0.000000); 9.42876
(2.000000,2.784000,0.000000); 9.42509
(2.000000,2.788000,0.000000); 9.42142
(2.000000,2.792000,0.000000); 9.41775
(2.000000,2.796000,0.000000); 9.41408
(2.000000,2.800000,0.000000); 9.41042
(2.000000,2.804000,0.000000); 9.40675
(2.000000,2.808000,0.000000); 9.40308
(2.000000,2.812000,0.000000); 9.39941
(2.000000,2.816000,0.000000); 9.39574
(2.000000,2.820000,0.000000); 9.39208
(2.000000,2.824000,0.000000); 9.38841
(2.000000,2.828000,0.000000); 9.38474
(2.000000,2.832000,0.000000); 9.38107
(2.000000,2.836000,0.000000); 9.3774
(2.000000,2.840000,0.000000); 9.37374
(2.000000,2.844000,0.000000); 9.37007
(2.000000,2.848000,0.000000); 9.3664
(2.000000,2.852000,0.000000); 9.36273
(2.000000,2.856000,0.000000); 9.35906
(2.000000,2.860000,0.000000); 9.3554
(2.000000,2.864000,0.000000); 9.35173
(2.000000,2.868000,0.000000); 9.34806
(2.000000,2.872000,0.000000); 9.34439
(2.000000,2.876000,0.000000); 9.34074
(2.000000,2.880000,0.000000); 9.33712
(2.000000,2.884000,0.000000); 9.3335
(2.000000,2.888000,0.000000); 9.32988
(2.000000,2.892000,0.000000); 9.32672
(2.000000,2.896000,0.000000); 9.32413
(2.000000,2.900000,0.000000); 9.32154
(2.000000,2.904000,0.000000); 9.31896
(2.000000,2.908000,0.000000); 9.31636
(2.000000,2.912000,0.000000); 9.31368
(2.000000,2.916000,0.000000); 9.311
(2.000000,2.920000,0.000000); 9.30832
(2.000000,2.924000,0.000000); 9.30564
(2.000000,2.928000,0.000000); 9.30296
(2.000000,2.932000,0.000000); 9.30028
(2.000000,2.936000,0.000000); 9.2976
(2.000000,2.940000,0.000000); 9.29492
(2.000000,2.944000,0.000000); 9.29224
(2.000000,2.948000,0.000000); 9.28956
(2.000000,2.952000,0.000000); 9.28688
(2.000000,2.956000,0.000000); 9.2842
(2.000000,2.960000,0.000000); 9.28152
(2.000000,2.964000,0.000000); 9.27883
(2.000000,2.968000,0.000000); 9.27615
(2.000000,2.972000,0.000000); 9.27347
(2.000000,2.976000,0.000000); 9.27079
(2.000000,2.980000,0.000000); 9.26811
(2.000000,2.984000,0.000000); 9.26543
(2.000000,2.988000,0.000000); 9.26275
(2.000000,2.992000,0.000000); 9.26007
(2.000000,2.996000,0.000000); 9.25739
(2.000000,3.000000,0.000000); 9.25471
(2.000000,3.004000,0.000000); 9.25203
(2.000000,3.008000,0.000000); 9.24935
(2.000000,3.012000,0.000000); 9.24667
(2.000000,3.016000,0.000000); 9.24399
(2.000000,3.020000,0.000000); 9.24131
(2.000000,3.024000,0.000000); 9.2399
(2.000000,3.028000,0.000000); 9.23863
(2.000000,3.032000,0.000000); 9.23735
(2.000000,3.036000,0.000000); 9.23608
(2.000000,3.040000,0.000000); 9.23481
(2.000000,3.044000,0.000000); 9.23353
(2.000000,3.048000,0.000000); 9.23226
(2.000000,3.052000,0.000000); 9.23099
(2.000000,3.056000,0.000000); 9.22971
(2.000000,3.060000,0.000000); 9.22844
(2.000000,3.064000,0.000000); 9.22717
(2.000000,3.068000,0.000000); 9.22589
(2.000000,3.072000,0.000000); 9.22462
(2.000000,3.076000,0.000000); 9.22335
(2.000000,3.080000,0.000000); 9.22207
(2.000000,3.084000,0.000000); 9.2208
(2.000000,3.088000,0.000000); 9.21953
(2.000000,3.092000,0.000000); 9.21825
(2.000000,3.096000,0.000000); 9.21698
(2.000000,3.100000,0.000000); 9.21571
(2.000000,3.104000,0.000000); 9.21443
(2.000000,3.108000,0.000000); 9.21316
(2.000000,3.112000,0.000000); 9.21189
(2.000000,3.116000,0.000000); 9.21061
(2.000000,3.120000,0.000000); 9.20934
(2.000000,3.124000,0.000000); 9.20808
(2.000000,3.128000,0.000000); 9.20683
(2.000000,3.132000,0.000000); 9.20557
(2.000000,3.136000,0.000000); 9.20431
(2.000000,3.140000,0.000000); 9.20305
(2.000000,3.144000,0.000000); 9.20194
(2.000000,3.148000,0.000000); 9.20119
(2.000000,3.152000,0.000000); 9.20044
(2.000000,3.156000,0.000000); 9.19971
(2.000000,3.160000,0.000000); 9.19913
(2.000000,3.164000,0.000000); 9.19854
(2.000000,3.168000,0.000000); 9.19795
(2.000000,3.172000,0.000000); 9.19736
(2.000000,3.176000,0.000000); 9.19677
(2.000000,3.180000,0.000000); 9.19618
(2.000000,3.184000,0.000000); 9.1956
(2.000000,3.188000,0.000000); 9.19501
(2.000000,3.192000,0.000000); 9.19442
(2.000000,3.196000,0.000000); 9.19383
(2.000000,3.200000,0.000000); 9.19325
(2.000000,3.204000,0.000000); 9.19267
(2.000000,3.208000,0.000000); 9.19208
(2.000000,3.212000,0.000000); 9.1915
(2.000000,3.216000,0.000000); 9.19092
(2.000000,3.220000,0.000000); 9.19034
(2.000000,3.224000,0.000000); 9.18975
(2.000000,3.228000,0.000000); 9.18917
(2.000000,3.232000,0.000000); 9.18859
(2.000000,3.236000,0.000000); 9.18801
(2.000000,3.240000,0.000000); 9.18742
(2.000000,3.244000,0.000000); 9.18684
(2.000000,3.248000,0.000000); 9.18626
(2.000000,3.252000,0.000000); 9.18568
(2.000000,3.256000,0.000000); 9.18509
(2.000000,3.260000,0.000000); 9.18451
(2.000000,3.264000,0.000000); 9.18393
(2.000000,3.268000,0.000000); 9.18334
(2.000000,3.272000,0.000000); 9.18276
(2.000000,3.276000,0.000000); 9.18217
(2.000000,3.280000,0.000000); 9.18159
(2.000000,3.284000,0.000000); 9.181
(2.000000,3.288000,0.000000); 9.18042
(2.000000,3.292000,0.000000); 9.17984
(2.000000,3.296000,0.000000); 9.17925
(2.000000,3.300000,0.000000); 9.17867
(2.000000,3.304000,0.000000); 9.17808
(2.000000,3.308000,0.000000); 9.1775
(2.000000,3.312000,0.000000); 9.17691
(2.000000,3.316000,0.000000); 9.17633
(2.000000,3.320000,0.000000); 9.17575
(2.000000,3.324000,0.000000); 9.17516
(2.000000,3.328000,0.000000); 9.17458
(2.000000,3.332000,0.000000); 9.174
(2.000000,3.336000,0.000000); 9.17342
(2.000000,3.340000,0.000000); 9.17283
(2.000000,3.344000,0.000000); 9.17225
(2.000000,3.348000,0.000000); 9.17167
(2.000000,3.352000,0.000000); 9.17109
(2.000000,3.356000,0.000000); 9.17051
(2.000000,3.360000,0.000000); 9.16992
(2.000000,3.364000,0.000000); 9.16934
(2.000000,3.368000,0.000000); 9.16876
(2.000000,3.372000,0.000000); 9.16818
(2.000000,3.376000,0.000000); 9.1676
(2.000000,3.380000,0.000000); 9.16701
(2.000000,3.384000,0.000000); 9.16642
(2.000000,3.388000,0.000000); 9.16575
(2.000000,3.392000,0.000000); 9.16508
(2.000000,3.396000,0.000000); 9.16442
(2.000000,3.400000,0.000000); 9.16375
(2.000000,3.404000,0.000000); 9.16308
(2.000000,3.408000,0.000000); 9.16241
(2.000000,3.412000,0.000000); 9.16174
(2.000000,3.416000,0.000000); 9.16108
(2.000000,3.420000,0.000000); 9.16041
(2.000000,3.424000,0.000000); 9.15974
(2.000000,3.428000,0.000000); 9.15907
(2.000000,3.432000,0.000000); 9.15841
(2.000000,3.436000,0.000000); 9.15774
(2.000000,3.440000,0.000000); 9.15707
(2.000000,3.444000,0.000000); 9.1564
(2.000000,3.448000,0.000000); 9.15573
(2.000000,3.452000,0.000000); 9.15507
(2.000000,3.456000,0.000000); 9.1544
(2.000000,3.460000,0.000000); 9.15373
(2.000000,3.464000,0.000000); 9.15306
(2.000000,3.468000,0.000000); 9.1524
(2.000000,3.472000,0.000000); 9.15173
(2.000000,3.476000,0.000000); 9.15106
(2.000000,3.480000,0.000000); 9.15039
(2.000000,3.484000,0.000000); 9.14972
(2.000000,3.488000,0.000000); 9.14904
(2.000000,3.492000,0.000000); 9.14837
(2.000000,3.496000,0.000000); 9.1477
(2.000000,3.500000,0.000000); 9.14703
(2.000000,3.504000,0.000000); 9.14628
(2.000000,3.508000,0.000000); 9.14545
(2.000000,3.512000,0.000000); 9.14462
(2.000000,3.516000,0.000000); 9.14379
(2.000000,3.520000,0.000000); 9.14296
(2.000000,3.524000,0.000000); 9.14214
(2.000000,3.528000,0.000000); 9.14132
(2.000000,3.532000,0.000000); 9.1405
(2.000000,3.536000,0.000000); 9.13968
(2.000000,3.540000,0.000000); 9.13886
(2.000000,3.544000,0.000000); 9.13804
(2.000000,3.548000,0.000000); 9.13722
(2.000000,3.552000,0.000000); 9.1364
(2.000000,3.556000,0.000000); 9.13558
(2.000000,3.560000,0.000000); 9.13476
(2.000000,3.564000,0.000000); 9.13394
(2.000000,3.568000,0.000000); 9.13312
(2.000000,3.572000,0.000000); 9.1323
(2.000000,3.576000,0.000000); 9.13148
(2.000000,3.580000,0.000000); 9.13066
(2.000000,3.584000,0.000000); 9.12984
(2.000000,3.588000,0.000000); 9.12902
(2.000000,3.592000,0.000000); 9.1282
(2.000000,3.596000,0.000000); 9.12738
(2.000000,3.600000,0.000000); 9.12656
(2.000000,3.604000,0.000000); 9.12574
(2.000000,3.608000,0.000000); 9.12492
(2.000000,3.612000,0.000000); 9.1241
(2.000000,3.616000,0.000000); 9.12328
(2.000000,3.620000,0.000000); 9.12246
(2.000000,3.624000,0.000000); 9.12148
(2.000000,3.628000,0.000000); 9.12044
(2.000000,3.632000,0.000000); 9.11941
(2.000000,3.636000,0.000000); 9.11838
(2.000000,3.640000,0.000000); 9.11734
(2.000000,3.644000,0.000000); 9.11631
(2.000000,3.648000,0.000000); 9.11528
(2.000000,3.652000,0.000000); 9.11424
(2.000000,3.656000,0.000000); 9.11321
(2.000000,3.660000,0.000000); 9.11217
(2.000000,3.664000,0.000000); 9.11114
(2.000000,3.668000,0.000000); 9.11011
(2.000000,3.672000,0.000000); 9.10907
(2.000000,3.676000,0.000000); 9.10804
(2.000000,3.680000,0.000000); 9.107
(2.000000,3.684000,0.000000); 9.10597
(2.000000,3.688000,0.000000); 9.10494
(2.000000,3.692000,0.000000); 9.1039
(2.000000,3.696000,0.000000); 9.10287
(2.000000,3.700000,0.000000); 9.10181
(2.000000,3.704000,0.000000); 9.10076
(2.000000,3.708000,0.000000); 9.0997
(2.000000,3.712000,0.000000); 9.09865
(2.000000,3.716000,0.000000); 9.09757
(2.000000,3.720000,0.000000); 9.09622
(2.000000,3.724000,0.000000); 9.09488
(2.000000,3.728000,0.000000); 9.09353
(2.000000,3.732000,0.000000); 9.09218
(2.000000,3.736000,0.000000); 9.09083
(2.000000,3.740000,0.000000); 9.08949
(2.000000,3.744000,0.000000); 9.08814
(2.000000,3.748000,0.000000); 9.08679
(2.000000,3.752000,0.000000); 9.08546
(2.000000,3.756000,0.000000); 9.08414
(2.000000,3.760000,0.000000); 9.08281
(2.000000,3.764000,0.000000); 9.08148
(2.000000,3.768000,0.000000); 9.08015
(2.000000,3.772000,0.000000); 9.07882
(2.000000,3.776000,0.000000); 9.07749
(2.000000,3.780000,0.000000); 9.07617
(2.000000,3.784000,0.000000); 9.07484
(2.000000,3.788000,0.000000); 9.07351
(2.000000,3.792000,0.000000); 9.07218
(2.000000,3.796000,0.000000); 9.07085
(2.000000,3.800000,0.000000); 9.06952
(2.000000,3.804000,0.000000); 9.06819
(2.000000,3.808000,0.000000); 9.06687
(2.000000,3.812000,0.000000); 9.06536
(2.000000,3.816000,0.000000); 9.06355
(2.000000,3.820000,0.000000); 9.06174
(2.000000,3.824000,0.000000); 9.05994
(2.000000,3.828000,0.000000); 9.05813
(2.000000,3.832000,0.000000); 9.05632
(2.000000,3.836000,0.000000); 9.05452
(2.000000,3.840000,0.000000); 9.05271
(2.000000,3.844000,0.000000); 9.0509
(2.000000,3.848000,0.000000); 9.0491
(2.000000,3.852000,0.000000); 9.04724
(2.000000,3.856000,0.000000); 9.04537
(2.000000,3.860000,0.000000); 9.0435
(2.000000,3.864000,0.000000); 9.04164
(2.000000,3.868000,0.000000); 9.03977
(2.000000,3.872000,0.000000); 9.0379
(2.000000,3.876000,0.000000); 9.03604
(2.000000,3.880000,0.000000); 9.03417
(2.000000,3.884000,0.000000); 9.03231
(2.000000,3.888000,0.000000); 9.03044
(2.000000,3.892000,0.000000); 9.02857
(2.000000,3.896000,0.000000); 9.02671
(2.000000,3.900000,0.000000); 9.02484
(2.000000,3.904000,0.000000); 9.02297
(2.000000,3.908000,0.000000); 9.02038
(2.000000,3.912000,0.000000); 9.01747
(2.000000,3.916000,0.000000); 9.01455
(2.000000,3.920000,0.000000); 9.01163
(2.000000,3.924000,0.000000); 9.00871
(2.000000,3.928000,0.000000); 9.00579
(2.000000,3.932000,0.000000); 9.00287
(2.000000,3.936000,0.000000); 8.99995
(2.000000,3.940000,0.000000); 8.99704
(2.000000,3.944000,0.000000); 8.99412
(2.000000,3.948000,0.000000); 8.9912
(2.000000,3.952000,0.000000); 8.98828
(2.000000,3.956000,0.000000); 8.98536
(2.000000,3.960000,0.000000); 8.98244
(2.000000,3.964000,0.000000); 8.97953
(2.000000,3.968000,0.000000); 8.97661
(2.000000,3.972000,0.000000); 8.97369
(2.000000,3.976000,0.000000); 8.97077
(2.000000,3.980000,0.000000); 8.96785
(2.000000,3.984000,0.000000); 8.96493
(2.000000,3.988000,0.000000); 8.96201
(2.000000,3.992000,0.000000); 8.9591
(2.000000,3.996000,0.000000); 8.95618
(2.000000,4.000000,0.000000); 8.95326
--
(2.000000,0.000000,0.000000); 14.2037
(2.000000,0.004000,0.000000); 14.1987
(2.000000,0.008000,0.000000); 14.1937
(2.000000,0.012000,0.000000); 14.1888
(2.000000,0.016000,0.000000); 14.1838
(2.000000,0.020000,0.000000); 14.1789
(2.000000,0.024000,0.000000); 14.1739
(2.000000,0.028000,0.000000); 14.1689
(2.000000,0.032000,0.000000); 14.164
(2.000000,0.036000,0.000000); 14.159
(2.000000,0.040000,0.000000); 14.154
(2.000000,0.044000,0.000000); 14.1491
(2.000000,0.048000,0.000000); 14.1441
(2.000000,0.052000,0.000000); 14.1391
(2.000000,0.056000,0.000000); 14.1342
(2.000000,0.060000,0.000000); 14.1292
(2.000000,0.064000,0.000000); 14.1242
(2.000000,0.068000,0.000000); 14.1193
(2.000000,0.072000,0.000000); 14.1143
(2.000000,0.076000,0.000000); 14.1093
(2.000000,0.080000,0.000000); 14.1044
(2.000000,0.084000,0.000000); 14.0994
(2.000000,0.088000,0.000000); 14.0944
(2.000000,0.092000,0.000000); 14.0895
(2.000000,0.096000,0.000000); 14.0845
(2.000000,0.100000,0.000000); 14.0795
(2.000000,0.104000,0.000000); 14.0746
(2.000000,0.108000,0.000000); 14.0696
(2.000000,0.112000,0.000000); 14.0646
(2.000000,0.116000,0.000000); 14.0597
(2.000000,0.120000,0.000000); 14.0547
(2.000000,0.124000,0.000000); 14.0497
(2.000000,0.128000,0.000000); 14.0448
(2.000000,0.132000,0.000000); 14.0398
(2.000000,0.136000,0.000000); 14.0348
(2.000000,0.140000,0.000000); 14.0299
(2.000000,0.144000,0.000000); 14.0249
(2.000000,0.148000,0.000000); 14.0199
(2.000000,0.152000,0.000000); 14.015
(2.000000,0.156000,0.000000); 14.01
(2.000000,0.160000,0.000000); 14.005
(2.000000,0.164000,0.000000); 14.0001
(2.000000,0.168000,0.000000); 13.9951
(2.000000,0.172000,0.000000); 13.9901
(2.000000,0.176000,0.000000); 13.9852
(2.000000,0.180000,0.000000); 13.9802
(2.000000,0.184000,0.000000); 13.9752
(2.000000,0.188000,0.000000); 13.9703
(2.000000,0.192000,0.000000); 13.9653
(2.000000,0.196000,0.000000); 13.9604
(2.000000,0.200000,0.000000); 13.9554
(2.000000,0.204000,0.000000); 13.9504
(2.000000,0.208000,0.000000); 13.9455
(2.000000,0.212000,0.000000); 13.9405
(2.000000,0.216000,0.000000); 13.9355
(2.000000,0.220000,0.000000); 13.9306
(2.000000,0.224000,0.000000); 13.9256
(2.000000,0.228000,0.000000); 13.9206
(2.000000,0.232000,0.000000); 13.9157
(2.000000,0.236000,0.000000); 13.9107
(2.000000,0.240000,0.000000); 13.9057
(2.000000,0.244000,0.000000); 13.9008
(2.000000,0.248000,0.000000); 13.8958
(2.000000,0.252000,0.000000); 13.8908
(2.000000,0.256000,0.000000); 13.8859
(2.000000,0.260000,0.000000); 13.8809
(2.000000,0.264000,0.000000); 13.8759
(2.000000,0.268000,0.000000); 13.871
(2.000000,0.272000,0.000000); 13.866
(2.000000,0.276000,0.000000); 13.861
(2.000000,0.280000,0.000000); 13.8561
(2.000000,0.284000,0.000000); 13.8511
(2.000000,0.288000,0.000000); 13.8461
(2.000000,0.292000,0.000000); 13.8412
(2.000000,0.296000,0.000000); 13.8362
(2.000000,0.300000,0.000000); 13.8312
(2.000000,0.304000,0.000000); 13.8263
(2.000000,0.308000,0.000000); 13.8213
(2.000000,0.312000,0.000000); 13.8163
(2.000000,0.316000,0.000000); 13.8114
(2.000000,0.320000,0.000000); 13.8064
(2.000000,0.324000,0.000000); 13.8014
(2.000000,0.328000,0.000000); 13.7965
(2.000000,0.332000,0.000000); 13.7915
(2.000000,0.336000,0.000000); 13.7865
(2.000000,0.340000,0.000000); 13.7816
(2.000000,0.344000,0.000000); 13.7766
(2.000000,0.348000,0.000000); 13.7716
(2.000000,0.352000,0.000000); 13.7667
(2.000000,0.356000,0.000000); 13.7617
(2.000000,0.360000,0.000000); 13.7568
(2.000000,0.364000,0.000000); 13.7518
(2.000000,0.368000,0.000000); 13.7468
(2.000000,0.372000,0.000000); 13.7419
(2.000000,0.376000,0.000000); 13.7369
(2.000000,0.380000,0.000000); 13.7319
(2.000000,0.384000,0.000000); 13.727
(2.000000,0.388000,0.000000); 13.722
(2.000000,0.392000,0.000000); 13.717
(2.000000,0.396000,0.000000); 13.7121
(2.000000,0.400000,0.000000); 13.7071
(2.000000,0.404000,0.000000); 13.7021
(2.000000,0.408000,0.000000); 13.6972
(2.000000,0.412000,0.000000); 13.6922
(2.000000,0.416000,0.000000); 13.6872
(2.000000,0.420000,0.000000); 13.6823
(2.000000,0.424000,0.000000); 13.6773
(2.000000,0.428000,0.000000); 13.6723
(2.000000,0.432000,0.000000); 13.6674
(2.000000,0.436000,0.000000); 13.6624
(2.000000,0.440000,0.000000); 13.6574
(2.000000,0.444000,0.000000); 13.6525
(2.000000,0.448000,0.000000); 13.6475
(2.000000,0.452000,0.000000); 13.6425
(2.000000,0.456000,0.000000); 13.6376
(2.000000,0.460000,0.000000); 13.6326
(2.000000,0.464000,0.000000); 13.6276
(2.000000,0.468000,0.000000); 13.6227
(2.000000,0.472000,0.000000); 13.6177
(2.000000,0.476000,0.000000); 13.6127
(2.000000,0.480000,0.000000); 13.6078
(2.000000,0.484000,0.000000); 13.6028
(2.000000,0.488000,0.000000); 13.5978
(2.000000,0.492000,0.000000); 13.5929
(2.000000,0.496000,0.000000); 13.5879
(2.000000,0.500000,0.000000); 13.5829
(2.000000,0.504000,0.000000); 13.578
(2.000000,0.508000,0.000000); 13.573
(2.000000,0.512000,0.000000); 13.568
(2.000000,0.516000,0.000000); 13.5631
(2.000000,0.520000,0.000000); 13.5581
(2.000000,0.524000,0.000000); 13.5531
(2.000000,0.528000,0.000000); 13.5482
(2.000000,0.532000,0.000000); 13.5432
(2.000000,0.536000,0.000000); 13.5383
(2.000000,0.540000,0.000000); 13.5333
(2.000000,0.544000,0.000000); 13.5283
(2.000000,0.548000,0.000000); 13.5234
(2.000000,0.552000,0.000000); 13.5184
(2.000000,0.556000,0.000000); 13.5134
(2.000000,0.560000,0.000000); 13.5085
(2.000000,0.564000,0.000000); 13.5035
(2.000000,0.568000,0.000000); 13.4985
(2.000000,0.572000,0.000000); 13.4936
(2.000000,0.576000,0.000000); 13.4886
(2.000000,0.580000,0.000000); 13.4836
(2.000000,0.584000,0.000000); 13.4787
(2.000000,0.588000,0.000000); 13.4737
(2.000000,0.592000,0.000000); 13.4687
(2.000000,0.596000,0.000000); 13.4638
(2.000000,0.600000,0.000000); 13.4588
(2.000000,0.604000,0.000000); 13.4538
(2.000000,0.608000,0.000000); 13.4489
(2.000000,0.612000,0.000000); 13.4439
(2.000000,0.616000,0.000000); 13.4389
(2.000000,0.620000,0.000000); 13.434
(2.000000,0.624000,0.000000); 13.429
(2.000000,0.628000,0.000000); 13.424
(2.000000,0.632000,0.000000); 13.4191
(2.000000,0.636000,0.000000); 13.4141
(2.000000,0.640000,0.000000); 13.4091
(2.000000,0.644000,0.000000); 13.4042
(2.000000,0.648000,0.000000); 13.3992
(2.000000,0.652000,0.000000); 13.3942
(2.000000,0.656000,0.000000); 13.3893
(2.000000,0.660000,0.000000); 13.3843
(2.000000,0.664000,0.000000); 13.3793
(2.000000,0.668000,0.000000); 13.3744
(2.000000,0.672000,0.000000); 13.3694
(2.000000,0.676000,0.000000); 13.3644
(2.000000,0.680000,0.000000); 13.3595
(2.000000,0.684000,0.000000); 13.3545
(2.000000,0.688000,0.000000); 13.3495
(2.000000,0.692000,0.000000); 13.3446
(2.000000,0.696000,0.000000); 13.3396
(2.000000,0.700000,0.000000); 13.3347
(2.000000,0.704000,0.000000); 13.3297
(2.000000,0.708000,0.000000); 13.3247
(2.000000,0.712000,0.000000); 13.3198
(2.000000,0.716000,0.000000); 13.3148
(2.000000,0.720000,0.000000); 13.3098
(2.000000,0.724000,0.000000); 13.3049
(2.000000,0.728000,0.000000); 13.2999
(2.000000,0.732000,0.000000); 13.2949
(2.000000,0.736000,0.000000); 13.29
(2.000000,0.740000,0.000000); 13.285
(2.000000,0.744000,0.000000); 13.28
(2.000000,0.748000,0.000000); 13.2751
(2.000000,0.752000,0.000000); 13.2701
(2.000000,0.756000,0.000000); 13.2651
(2.000000,0.760000,0.000000); 13.2602
(2.000000,0.764000,0.000000); 13.2552
(2.000000,0.768000,0.000000); 13.2502
(2.000000,0.772000,0.000000); 13.2453
(2.000000,0.776000,0.000000); 13.2403
(2.000000,0.780000,0.000000); 13.2353
(2.000000,0.784000,0.000000); 13.2304
(2.000000,0.788000,0.000000); 13.2254
(2.000000,0.792000,0.000000); 13.2204
(2.000000,0.796000,0.000000); 13.2155
(2.000000,0.800000,0.000000); 13.2105
(2.000000,0.804000,0.000000); 13.2055
(2.000000,0.808000,0.000000); 13.2006
(2.000000,0.812000,0.000000); 13.1956
(2.000000,0.816000,0.000000); 13.1906
(2.000000,0.820000,0.000000); 13.1857
(2.000000,0.824000,0.000000); 13.1807
(2.000000,0.828000,0.000000); 13.1757
(2.000000,0.832000,0.000000); 13.1708
(2.000000,0.836000,0.000000); 13.1658
(2.000000,0.840000,0.000000); 13.1608
(2.000000,0.844000,0.000000); 13.1559
(2.000000,0.848000,0.000000); 13.1509
(2.000000,0.852000,0.000000); 13.1459
(2.000000,0.856000,0.000000); 13.141
(2.000000,0.860000,0.000000); 13.136
(2.000000,0.864000,0.000000); 13.131
(2.000000,0.868000,0.000000); 13.1261
(2.000000,0.872000,0.000000); 13.1211
(2.000000,0.876000,0.000000); 13.1162
(2.000000,0.880000,0.000000); 13.1112
(2.000000,0.884000,0.000000); 13.1062
(2.000000,0.888000,0.000000); 13.1013
(2.000000,0.892000,0.000000); 13.0963
(2.000000,0.896000,0.000000); 13.0913
(2.000000,0.900000,0.000000); 13.0864
(2.000000,0.904000,0.000000); 13.0814
(2.000000,0.908000,0.000000); 13.0764
(2.000000,0.912000,0.000000); 13.0715
(2.000000,0.916000,0.000000); 13.0665
(2.000000,0.920000,0.000000); 13.0615
(2.000000,0.924000,0.000000); 13.0566
(2.000000,0.928000,0.000000); 13.0516
(2.000000,0.932000,0.000000); 13.0466
(2.000000,0.936000,0.000000); 13.0417
(2.000000,0.940000,0.000000); 13.0367
(2.000000,0.944000,0.000000); 13.0317
(2.000000,0.948000,0.000000); 13.0268
(2.000000,0.952000,0.000000); 13.0218
(2.000000,0.956000,0.000000); 13.0168
(2.000000,0.960000,0.000000); 13.0119
(2.000000,0.964000,0.000000); 13.0069
(2.000000,0.968000,0.000000); 13.0019
(2.000000,0.972000,0.000000); 12.997
(2.000000,0.976000,0.000000); 12.992
(2.000000,0.980000,0.000000); 12.987
(2.000000,0.984000,0.000000); 12.9821
(2.000000,0.988000,0.000000); 12.9771
(2.000000,0.992000,0.000000); 12.9721
(2.000000,0.996000,0.000000); 12.9672
(2.000000,1.000000,0.000000); 12.9622
(2.000000,1.004000,0.000000); 12.9572
(2.000000,1.008000,0.000000); 12.9523
(2.000000,1.012000,0.000000); 12.9473
(2.000000,1.016000,0.000000); 12.9423
(2.000000,1.020000,0.000000); 12.9374
(2.000000,1.024000,0.000000); 12.9324
(2.000000,1.028000,0.000000); 12.9274
(2.000000,1.032000,0.000000); 12.9225
(2.000000,1.036000,0.000000); 12.9175
(2.000000,1.040000,0.000000); 12.9125
(2.000000,1.044000,0.000000); 12.9076
(2.000000,1.048000,0.000000); 12.9026
(2.000000,1.052000,0.000000); 12.8977
(2.000000,1.056000,0.000000); 12.8927
(2.000000,1.060000,0.000000); 12.8877
(2.000000,1.064000,0.000000); 12.8828
(2.000000,1.068000,0.000000); 12.8778
(2.000000,1.072000,0.000000); 12.8728
(2.000000,1.076000,0.000000); 12.8679
(2.000000,1.080000,0.000000); 12.8629
(2.000000,1.084000,0.000000); 12.8579
(2.000000,1.088000,0.000000); 12.853
(2.000000,1.092000,0.000000); 12.848
(2.000000,1.096000,0.000000); 12.843
(2.000000,1.100000,0.000000); 12.8381
(2.000000,1.104000,0.000000); 12.8331
(2.000000,1.108000,0.000000); 12.8281
(2.000000,1.112000,0.000000); 12.8232
(2.000000,1.116000,0.000000); 12.8182
(2.000000,1.120000,0.000000); 12.8132
(2.000000,1.124000,0.000000); 12.8083
(2.000000,1.128000,0.000000); 12.8033
(2.000000,1.132000,0.000000); 12.7983
(2.000000,1.136000,0.000000); 12.7934
(2.000000,1.140000,0.000000); 12.7884
(2.000000,1.144000,0.000000); 12.7834
(2.000000,1.148000,0.000000); 12.7785
(2.000000,1.152000,0.000000); 12.7735
(2.000000,1.156000,0.000000); 12.7685
(2.000000,1.160000,0.000000); 12.7636
(2.000000,1.164000,0.000000); 12.7586
(2.000000,1.168000,0.000000); 12.7536
(2.000000,1.172000,0.000000); 12.7487
(2.000000,1.176000,0.000000); 12.7437
(2.000000,1.180000,0.000000); 12.7387
(2.000000,1.184000,0.000000); 12.7338
(2.000000,1.188000,0.000000); 12.7288
(2.000000,1.192000,0.000000); 12.7238
(2.000000,1.196000,0.000000); 12.7189
(2.000000,1.200000,0.000000); 12.7139
(2.000000,1.204000,0.000000); 12.7089
(2.000000,1.208000,0.000000); 12.704
(2.000000,1.212000,0.000000); 12.699
(2.000000,1.216000,0.000000); 12.694
(2.000000,1.220000,0.000000); 12.6891
(2.000000,1.224000,0.000000); 12.6841
(2.000000,1.228000,0.000000); 12.6792
(2.000000,1.232000,0.000000); 12.6742
(2.000000,1.236000,0.000000); 12.6692
(2.000000,1.240000,0.000000); 12.6643
(2.000000,1.244000,0.000000); 12.6593
(2.000000,1.248000,0.000000); 12.6543
(2.000000,1.252000,0.000000); 12.6494
(2.000000,1.256000,0.000000); 12.6444
(2.000000,1.260000,0.000000); 12.6394
(2.000000,1.264000,0.000000); 12.6345
(2.000000,1.268000,0.000000); 12.6295
(2.000000,1.272000,0.000000); 12.6245
(2.000000,1.276000,0.000000); 12.6196
(2.000000,1.280000,0.000000); 12.6146
(2.000000,1.284000,0.000000); 12.6096
(2.000000,1.288000,0.000000); 12.6047
(2.000000,1.292000,0.000000); 12.5997
(2.000000,1.296000,0.000000); 12.5947
(2.000000,1.300000,0.000000); 12.5898
(2.000000,1.304000,0.000000); 12.5848
(2.000000,1.308000,0.000000); 12.5798
(2.000000,1.312000,0.000000); 12.5749
(2.000000,1.316000,0.000000); 12.5699
(2.000000,1.320000,0.000000); 12.5649
(2.000000,1.324000,0.000000); 12.56
(2.000000,1.328000,0.000000); 12.555
(2.000000,1.332000,0.000000); 12.55
(2.000000,1.336000,0.000000); 12.5451
(2.000000,1.340000,0.000000); 12.5401
(2.000000,1.344000,0.000000); 12.5351
(2.000000,1.348000,0.000000); 12.5302
(2.000000,1.352000,0.000000); 12.5252
(2.000000,1.356000,0.000000); 12.5202
(2.000000,1.360000,0.000000); 12.5153
(2.000000,1.364000,0.000000); 12.5103
(2.000000,1.368000,0.000000); 12.5053
(2.000000,1.372000,0.000000); 12.5004
(2.000000,1.376000,0.000000); 12.4954
(2.000000,1.380000,0.000000); 12.4904
(2.000000,1.384000,0.000000); 12.4855
(2.000000,1.388000,0.000000); 12.4805
(2.000000,1.392000,0.000000); 12.4755
(2.000000,1.396000,0.000000); 12.4706
(2.000000,1.400000,0.000000); 12.4656
(2.000000,1.404000,0.000000); 12.4606
(2.000000,1.408000,0.000000); 12.4557
(2.000000,1.412000,0.000000); 12.4507
(2.000000,1.416000,0.000000); 12.4458
(2.000000,1.420000,0.000000); 12.4408
(2.000000,1.424000,0.000000); 12.4358
(2.000000,1.428000,0.000000); 12.4309
(2.000000,1.432000,0.000000); 12.4259
(2.000000,1.436000,0.000000); 12.4209
(2.000000,1.440000,0.000000); 12.416
(2.000000,1.444000,0.000000); 12.411
(2.000000,1.448000,0.000000); 12.406
(2.000000,1.452000,0.000000); 12.4011
(2.000000,1.456000,0.000000); 12.3961
(2.000000,1.460000,0.000000); 12.3911
(2.000000,1.464000,0.000000); 12.3862
(2.000000,1.468000,0.000000); 12.3812
(2.000000,1.472000,0.000000); 12.3762
(2.000000,1.476000,0.000000); 12.3713
(2.000000,1.480000,0.000000); 12.3663
(2.000000,1.484000,0.000000); 12.3613
(2.000000,1.488000,0.000000); 12.3564
(2.000000,1.492000,0.000000); 12.3514
(2.000000,1.496000,0.000000); 12.3464
(2.000000,1.500000,0.000000); 12.3415
(2.000000,1.504000,0.000000); 12.3365
(2.000000,1.508000,0.000000); 12.3315
(2.000000,1.512000,0.000000); 12.3266
(2.000000,1.516000,0.000000); 12.3216
(2.000000,1.520000,0.000000); 12.3166
(2.000000,1.524000,0.000000); 12.3117
(2.000000,1.528000,0.000000); 12.3067
(2.000000,1.532000,0.000000); 12.3017
(2.000000,1.536000,0.000000); 12.2968
(2.000000,1.540000,0.000000); 12.2918
(2.000000,1.544000,0.000000); 12.2868
(2.000000,1.548000,0.000000); 12.2819
(2.000000,1.552000,0.000000); 12.2769
(2.000000,1.556000,0.000000); 12.2719
(2.000000,1.560000,0.000000); 12.267
(2.000000,1.564000,0.000000); 12.262
(2.000000,1.568000,0.000000); 12.257
(2.000000,1.572000,0.000000); 12.2521
(2.000000,1.576000,0.000000); 12.2471
(2.000000,1.580000,0.000000); 12.2421
(2.000000,1.584000,0.000000); 12.2372
(2.000000,1.588000,0.000000); 12.2322
(2.000000,1.592000,0.000000); 12.2273
(2.000000,1.596000,0.000000); 12.2223
(2.000000,1.600000,0.000000); 12.2173
(2.000000,1.604000,0.000000); 12.2124
(2.000000,1.608000,0.000000); 12.2074
(2.000000,1.612000,0.000000); 12.2024
(2.000000,1.616000,0.000000); 12.1975
(2.000000,1.620000,0.000000); 12.1925
(2.000000,1.624000,0.000000); 12.1875
(2.000000,1.628000,0.000000); 12.1826
(2.000000,1.632000,0.000000); 12.1776
(2.000000,1.636000,0.000000); 12.1726
(2.000000,1.640000,0.000000); 12.1677
(2.000000,1.644000,0.000000); 12.1627
(2.000000,1.648000,0.000000); 12.1577
(2.000000,1.652000,0.000000); 12.1528
(2.000000,1.656000,0.000000); 12.1478
(2.000000,1.660000,0.000000); 12.1428
(2.000000,1.664000,0.000000); 12.1379
(2.000000,1.668000,0.000000); 12.1329
(2.000000,1.672000,0.000000); 12.1279
(2.000000,1.676000,0.000000); 12.123
(2.000000,1.680000,0.000000); 12.118
(2.000000,1.684000,0.000000); 12.113
(2.000000,1.688000,0.000000); 12.1081
(2.000000,1.692000,0.000000); 12.1031
(2.000000,1.696000,0.000000); 12.0981
(2.000000,1.700000,0.000000); 12.0932
(2.000000,1.704000,0.000000); 12.0882
(2.000000,1.708000,0.000000); 12.0832
(2.000000,1.712000,0.000000); 12.0783
(2.000000,1.716000,0.000000); 12.0733
(2.000000,1.720000,0.000000); 12.0683
(2.000000,1.724000,0.000000); 12.0634
(2.000000,1.728000,0.000000); 12.0584
(2.000000,1.732000,0.000000); 12.0534
(2.000000,1.736000,0.000000); 12.0485
(2.000000,1.740000,0.000000); 12.0435
(2.000000,1.744000,0.000000); 12.0385
(2.000000,1.748000,0.000000); 12.0336
(2.000000,1.752000,0.000000); 12.0286
(2.000000,1.756000,0.000000); 12.0236
(2.000000,1.760000,0.000000); 12.0187
(2.000000,1.764000,0.000000); 12.0137
(2.000000,1.768000,0.000000); 12.0087
(2.000000,1.772000,0.000000); 12.0038
(2.000000,1.776000,0.000000); 11.9988
(2.000000,1.780000,0.000000); 11.9939
(2.000000,1.784000,0.000000); 11.9889
(2.000000,1.788000,0.000000); 11.9839
(2.000000,1.792000,0.000000); 11.979
(2.000000,1.796000,0.000000); 11.974
(2.000000,1.800000,0.000000); 11.969
(2.000000,1.804000,0.000000); 11.9641
(2.000000,1.808000,0.000000); 11.9591
(2.000000,1.812000,0.000000); 11.9541
(2.000000,1.816000,0.000000); 11.9492
(2.000000,1.820000,0.000000); 11.9442
(2.000000,1.824000,0.000000); 11.9392
(2.000000,1.828000,0.000000); 11.9343
(2.000000,1.832000,0.000000); 11.9293
(2.000000,1.836000,0.000000); 11.9243
(2.000000,1.840000,0.000000); 11.9194
(2.000000,1.844000,0.000000); 11.9144
(2.000000,1.848000,0.000000); 11.9094
(2.000000,1.852000,0.000000); 11.9045
(2.000000,1.856000,0.000000); 11.8995
(2.000000,1.860000,0.000000); 11.8945
(2.000000,1.864000,0.000000); 11.8896
(2.000000,1.868000,0.000000); 11.8846
(2.000000,1.872000,0.000000); 11.8796
(2.000000,1.876000,0.000000); 11.8747
(2.000000,1.880000,0.000000); 11.8697
(2.000000,1.884000,0.000000); 11.8647
(2.000000,1.888000,0.000000); 11.8598
(2.000000,1.892000,0.000000); 11.8548
(2.000000,1.896000,0.000000); 11.8498
(2.000000,1.900000,0.000000); 11.8449
(2.000000,1.904000,0.000000); 11.8399
(2.000000,1.908000,0.000000); 11.8349
(2.000000,1.912000,0.000000); 11.83
(2.000000,1.916000,0.000000); 11.825
(2.000000,1.920000,0.000000); 11.82
(2.000000,1.924000,0.000000); 11.8151
(2.000000,1.928000,0.000000); 11.8101
(2.000000,1.932000,0.000000); 11.8051
(2.000000,1.936000,0.000000); 11.8002
(2.000000,1.940000,0.000000); 11.7952
(2.000000,1.944000,0.000000); 11.7902
(2.000000,1.948000,0.000000); 11.7853
(2.000000,1.952000,0.000000); 11.7803
(2.000000,1.956000,0.000000); 11.7753
(2.000000,1.960000,0.000000); 11.7704
(2.000000,1.964000,0.000000); 11.7654
(2.000000,1.968000,0.000000); 11.7604
(2.000000,1.972000,0.000000); 11.7555
(2.000000,1.976000,0.000000); 11.7505
(2.000000,1.980000,0.000000); 11.7456
(2.000000,1.984000,0.000000); 11.7406
(2.000000,1.988000,0.000000); 11.7356
(2.000000,1.992000,0.000000); 11.7307
(2.000000,1.996000,0.000000); 11.7257
(2.000000,2.000000,0.000000); 11.7207
(2.000000,2.004000,0.000000); 11.7158
(2.000000,2.008000,0.000000); 11.7108
(2.000000,2.012000,0.000000); 11.7058
(2.000000,2.016000,0.000000); 11.7009
(2.000000,2.020000,0.000000); 11.6959
(2.000000,2.024000,0.000000); 11.6909
(2.000000,2.028000,0.000000); 11.686
(2.000000,2.032000,0.000000); 11.681
(2.000000,2.036000,0.000000); 11.676
(2.000000,2.040000,0.000000); 11.6711
(2.000000,2.044000,0.000000); 11.6661
(2.000000,2.048000,0.000000); 11.6611
(2.000000,2.052000,0.000000); 11.6562
(2.000000,2.056000,0.000000); 11.6512
(2.000000,2.060000,0.000000); 11.6462
(2.000000,2.064000,0.000000); 11.6413
(2.000000,2.068000,0.000000); 11.6363
(2.000000,2.072000,0.000000); 11.6313
(2.000000,2.076000,0.000000); 11.6264
(2.000000,2.080000,0.000000); 11.6214
(2.000000,2.084000,0.000000); 11.6164
(2.000000,2.088000,0.000000); 11.6115
(2.000000,2.092000,0.000000); 11.6065
(2.000000,2.096000,0.000000); 11.6015
(2.000000,2.100000,0.000000); 11.5966
(2.000000,2.104000,0.000000); 11.5916
(2.000000,2.108000,0.000000); 11.5866
(2.000000,2.112000,0.000000); 11.5817
(2.000000,2.116000,0.000000); 11.5767
(2.000000,2.120000,0.000000); 11.5717
(2.000000,2.124000,0.000000); 11.5668
(2.000000,2.128000,0.000000); 11.5618
(2.000000,2.132000,0.000000); 11.5568
(2.000000,2.136000,0.000000); 11.5519
(2.000000,2.140000,0.000000); 11.5469
(2.000000,2.144000,0.000000); 11.5419
(2.000000,2.148000,0.000000); 11.537
(2.000000,2.152000,0.000000); 11.532
(2.000000,2.156000,0.000000); 11.527
(2.000000,2.160000,0.000000); 11.5221
(2.000000,2.164000,0.000000); 11.5171
(2.000000,2.168000,0.000000); 11.5121
(2.000000,2.172000,0.000000); 11.5072
(2.000000,2.176000,0.000000); 11.5022
(2.000000,2.180000,0.000000); 11.4973
(2.000000,2.184000,0.000000); 11.4923
(2.000000,2.188000,0.000000); 11.4873
(2.000000,2.192000,0.000000); 11.4824
(2.000000,2.196000,0.000000); 11.4774
(2.000000,2.200000,0.000000); 11.4724
(2.000000,2.204000,0.000000); 11.4675
(2.000000,2.208000,0.000000); 11.4625
(2.000000,2.212000,0.000000); 11.4575
(2.000000,2.216000,0.000000); 11.4526
(2.000000,2.220000,0.000000); 11.4476
(2.000000,2.224000,0.000000); 11.4426
(2.000000,2.228000,0.000000); 11.4377
(2.000000,2.232000,0.000000); 11.4327
(2.000000,2.236000,0.000000); 11.4277
(2.000000,2.240000,0.000000); 11.4228
(2.000000,2.244000,0.000000); 11.4178
(2.000000,2.248000,0.000000); 11.4128
(2.000000,2.252000,0.000000); 11.4079
(2.000000,2.256000,0.000000); 11.4029
(2.000000,2.260000,0.000000); 11.3979
(2.000000,2.264000,0.000000); 11.393
(2.000000,2.268000,0.000000); 11.388
(2.000000,2.272000,0.000000); 11.383
(2.000000,2.276000,0.000000); 11.3781
(2.000000,2.280000,0.000000); 11.3731
(2.000000,2.284000,0.000000); 11.3681
(2.000000,2.288000,0.000000); 11.3632
(2.000000,2.292000,0.000000); 11.3582
(2.000000,2.296000,0.000000); 11.3532
(2.000000,2.300000,0.000000); 11.3483
(2.000000,2.304000,0.000000); 11.3433
(2.000000,2.308000,0.000000); 11.3383
(2.000000,2.312000,0.000000); 11.3334
(2.000000,2.316000,0.000000); 11.3284
(2.000000,2.320000,0.000000); 11.3234
(2.000000,2.324000,0.000000); 11.3185
(2.000000,2.328000,0.000000); 11.3135
(2.000000,2.332000,0.000000); 11.3085
(2.000000,2.336000,0.000000); 11.3036
(2.000000,2.340000,0.000000); 11.2986
(2.000000,2.344000,0.000000); 11.2936
(2.000000,2.348000,0.000000); 11.2887
(2.000000,2.352000,0.000000); 11.2837
(2.000000,2.356000,0.000000); 11.2787
(2.000000,2.360000,0.000000); 11.2738
(2.000000,2.364000,0.000000); 11.2688
(2.000000,2.368000,0.000000); 11.2638
(2.000000,2.372000,0.000000); 11.2589
(2.000000,2.376000,0.000000); 11.2539
(2.000000,2.380000,0.000000); 11.2489
(2.000000,2.384000,0.000000); 11.244
(2.000000,2.388000,0.000000); 11.239
(2.000000,2.392000,0.000000); 11.2341
(2.000000,2.396000,0.000000); 11.2291
(2.000000,2.400000,0.000000); 11.2241
(2.000000,2.404000,0.000000); 11.2192
(2.000000,2.408000,0.000000); 11.2142
(2.000000,2.412000,0.000000); 11.2092
(2.000000,2.416000,0.000000); 11.2043
(2.000000,2.420000,0.000000); 11.1993
(2.000000,2.424000,0.000000); 11.1943
(2.000000,2.428000,0.000000); 11.1894
(2.000000,2.432000,0.000000); 11.1844
(2.000000,2.436000,0.000000); 11.1794
(2.000000,2.440000,0.000000); 11.1745
(2.000000,2.444000,0.000000); 11.1695
(2.000000,2.448000,0.000000); 11.1645
(2.000000,2.452000,0.000000); 11.1596
(2.000000,2.456000,0.000000); 11.1546
(2.000000,2.460000,0.000000); 11.1496
(2.000000,2.464000,0.000000); 11.1447
(2.000000,2.468000,0.000000); 11.1397
(2.000000,2.472000,0.000000); 11.1347
(2.000000,2.476000,0.000000); 11.1298
(2.000000,2.480000,0.000000); 11.1248
(2.000000,2.484000,0.000000); 11.1198
(2.000000,2.488000,0.000000); 11.1149
(2.000000,2.492000,0.000000); 11.1099
(2.000000,2.496000,0.000000); 11.1049
(2.000000,2.500000,0.000000); 11.1
(2.000000,2.504000,0.000000); 11.095
(2.000000,2.508000,0.000000); 11.09
(2.000000,2.512000,0.000000); 11.0851
(2.000000,2.516000,0.000000); 11.0801
(2.000000,2.520000,0.000000); 11.0751
(2.000000,2.524000,0.000000); 11.0702
(2.000000,2.528000,0.000000); 11.0652
(2.000000,2.532000,0.000000); 11.0602
(2.000000,2.536000,0.000000); 11.0553
(2.000000,2.540000,0.000000); 11.0503
(2.000000,2.544000,0.000000); 11.0453
(2.000000,2.548000,0.000000); 11.0404
(2.000000,2.552000,0.000000); 11.0354
(2.000000,2.556000,0.000000); 11.0304
(2.000000,2.560000,0.000000); 11.0255
(2.000000,2.564000,0.000000); 11.0205
(2.000000,2.568000,0.000000); 11.0155
(2.000000,2.572000,0.000000); 11.0106
(2.000000,2.576000,0.000000); 11.0056
(2.000000,2.580000,0.000000); 11.0006
(2.000000,2.584000,0.000000); 10.9957
(2.000000,2.588000,0.000000); 10.9907
(2.000000,2.592000,0.000000); 10.9858
(2.000000,2.596000,0.000000); 10.9808
(2.000000,2.600000,0.000000); 10.9758
(2.000000,2.604000,0.000000); 10.9709
(2.000000,2.608000,0.000000); 10.9659
(2.000000,2.612000,0.000000); 10.9609
(2.000000,2.616000,0.000000); 10.956
(2.000000,2.620000,0.000000); 10.951
(2.000000,2.624000,0.000000); 10.946
(2.000000,2.628000,0.000000); 10.9411
(2.000000,2.632000,0.000000); 10.9361
(2.000000,2.636000,0.000000); 10.9311
(2.000000,2.640000,0.000000); 10.9262
(2.000000,2.644000,0.000000); 10.9212
(2.000000,2.648000,0.000000); 10.9162
(2.000000,2.652000,0.000000); 10.9113
(2.000000,2.656000,0.000000); 10.9063
(2.000000,2.660000,0.000000); 10.9013
(2.000000,2.664000,0.000000); 10.8964
(2.000000,2.668000,0.000000); 10.8914
(2.000000,2.672000,0.000000); 10.8864
(2.000000,2.676000,0.000000); 10.8815
(2.000000,2.680000,0.000000); 10.8765
(2.000000,2.684000,0.000000); 10.8715
(2.000000,2.688000,0.000000); 10.8666
(2.000000,2.692000,0.000000); 10.8616
(2.000000,2.696000,0.000000); 10.8566
(2.000000,2.700000,0.000000); 10.8517
(2.000000,2.704000,0.000000); 10.8467
(2.000000,2.708000,0.000000); 10.8417
(2.000000,2.712000,0.000000); 10.8368
(2.000000,2.716000,0.000000); 10.8318
(2.000000,2.720000,0.000000); 10.8268
(2.000000,2.724000,0.000000); 10.8219
(2.000000,2.728000,0.000000); 10.8169
(2.000000,2.732000,0.000000); 10.8119
(2.000000,2.736000,0.000000); 10.807
(2.000000,2.740000,0.000000); 10.802
(2.000000,2.744000,0.000000); 10.797
(2.000000,2.748000,0.000000); 10.7921
(2.000000,2.752000,0.000000); 10.7871
(2.000000,2.756000,0.000000); 10.7821
(2.000000,2.760000,0.000000); 10.7772
(2.000000,2.764000,0.000000); 10.7722
(2.000000,2.768000,0.000000); 10.7673
(2.000000,2.772000,0.000000); 10.7623
(2.000000,2.776000,0.000000); 10.7573
(2.000000,2.780000,0.000000); 10.7524
(2.000000,2.784000,0.000000); 10.7474
(2.000000,2.788000,0.000000); 10.7424
(2.000000,2.792000,0.000000); 10.7375
(2.000000,2.796000,0.000000); 10.7325
(2.000000,2.800000,0.000000); 10.7275
(2.000000,2.804000,0.000000); 10.7226
(2.000000,2.808000,0.000000); 10.7176
(2.000000,2.812000,0.000000); 10.7126
(2.000000,2.816000,0.000000); 10.7077
(2.000000,2.820000,0.000000); 10.7027
(2.000000,2.824000,0.000000); 10.6977
(2.000000,2.828000,0.000000); 10.6928
(2.000000,2.832000,0.000000); 10.6878
(2.000000,2.836000,0.000000); 10.6828
(2.000000,2.840000,0.000000); 10.6779
(2.000000,2.844000,0.000000); 10.6729
(2.000000,2.848000,0.000000); 10.6679
(2.000000,2.852000,0.000000); 10.663
(2.000000,2.856000,0.000000); 10.658
(2.000000,2.860000,0.000000); 10.653
(2.000000,2.864000,0.000000); 10.6481
(2.000000,2.868000,0.000000); 10.6431
(2.000000,2.872000,0.000000); 10.6381
(2.000000,2.876000,0.000000); 10.6332
(2.000000,2.880000,0.000000); 10.6282
(2.000000,2.884000,0.000000); 10.6232
(2.000000,2.888000,0.000000); 10.6183
(2.000000,2.892000,0.000000); 10.6133
(2.000000,2.896000,0.000000); 10.6083
(2.000000,2.900000,0.000000); 10.6034
(2.000000,2.904000,0.000000); 10.5984
(2.000000,2.908000,0.000000); 10.5934
(2.000000,2.912000,0.000000); 10.5885
(2.000000,2.916000,0.000000); 10.5835
(2.000000,2.920000,0.000000); 10.5785
(2.000000,2.924000,0.000000); 10.5736
(2.000000,2.928000,0.000000); 10.5686
(2.000000,2.932000,0.000000); 10.5637
(2.000000,2.936000,0.000000); 10.5587
(2.000000,2.940000,0.000000); 10.5537
(2.000000,2.944000,0.000000); 10.5488
(2.000000,2.948000,0.000000); 10.5438
(2.000000,2.952000,0.000000); 10.5388
(2.000000,2.956000,0.000000); 10.5339
(2.000000,2.960000,0.000000); 10.5289
(2.000000,2.964000,0.000000); 10.5239
(2.000000,2.968000,0.000000); 10.519
(2.000000,2.972000,0.000000); 10.514
(2.000000,2.976000,0.000000); 10.509
(2.000000,2.980000,0.000000); 10.5041
(2.000000,2.984000,0.000000); 10.4991
(2.000000,2.988000,0.000000); 10.4941
(2.000000,2.992000,0.000000); 10.4892
(2.000000,2.996000,0.000000); 10.4842
(2.000000,3.000000,0.000000); 10.4792
(2.000000,3.004000,0.000000); 10.4743
(2.000000,3.008000,0.000000); 10.4693
(2.000000,3.012000,0.000000); 10.4643
(2.000000,3.016000,0.000000); 10.4594
(2.000000,3.020000,0.000000); 10.4544
(2.000000,3.024000,0.000000); 10.4494
(2.000000,3.028000,0.000000); 10.4445
(2.000000,3.032000,0.000000); 10.4395
(2.000000,3.036000,0.000000); 10.4345
(2.000000,3.040000,0.000000); 10.4296
(2.000000,3.044000,0.000000); 10.4246
(2.000000,3.048000,0.000000); 10.4196
(2.000000,3.052000,0.000000); 10.4147
(2.000000,3.056000,0.000000); 10.4097
(2.000000,3.060000,0.000000); 10.4047
(2.000000,3.064000,0.000000); 10.3998
(2.000000,3.068000,0.000000); 10.3948
(2.000000,3.072000,0.000000); 10.3898
(2.000000,3.076000,0.000000); 10.3849
(2.000000,3.080000,0.000000); 10.3799
(2.000000,3.084000,0.000000); 10.375
(2.000000,3.088000,0.000000); 10.37
(2.000000,3.092000,0.000000); 10.365
(2.000000,3.096000,0.000000); 10.3601
(2.000000,3.100000,0.000000); 10.3551
(2.000000,3.104000,0.000000); 10.3501
(2.000000,3.108000,0.000000); 10.3452
(2.000000,3.112000,0.000000); 10.3402
(2.000000,3.116000,0.000000); 10.3352
(2.000000,3.120000,0.000000); 10.3303
(2.000000,3.124000,0.000000); 10.3253
(2.000000,3.128000,0.000000); 10.3203
(2.000000,3.132000,0.000000); 10.3154
(2.000000,3.136000,0.000000); 10.3104
(2.000000,3.140000,0.000000); 10.3054
(2.000000,3.144000,0.000000); 10.3005
(2.000000,3.148000,0.000000); 10.2955
(2.000000,3.152000,0.000000); 10.2905
(2.000000,3.156000,0.000000); 10.2856
(2.000000,3.160000,0.000000); 10.2806
(2.000000,3.164000,0.000000); 10.2756
(2.000000,3.168000,0.000000); 10.2707
(2.000000,3.172000,0.000000); 10.2657
(2.000000,3.176000,0.000000); 10.2607
(2.000000,3.180000,0.000000); 10.2558
(2.000000,3.184000,0.000000); 10.2508
(2.000000,3.188000,0.000000); 10.2458
(2.000000,3.192000,0.000000); 10.2409
(2.000000,3.196000,0.000000); 10.2359
(2.000000,3.200000,0.000000); 10.2309
(2.000000,3.204000,0.000000); 10.226
(2.000000,3.208000,0.000000); 10.221
(2.000000,3.212000,0.000000); 10.2161
(2.000000,3.216000,0.000000); 10.2111
(2.000000,3.220000,0.000000); 10.2061
(2.000000,3.224000,0.000000); 10.2012
(2.000000,3.228000,0.000000); 10.1962
(2.000000,3.232000,0.000000); 10.1912
(2.000000,3.236000,0.000000); 10.1863
(2.000000,3.240000,0.000000); 10.1813
(2.000000,3.244000,0.000000); 10.1763
(2.000000,3.248000,0.000000); 10.1714
(2.000000,3.252000,0.000000); 10.1664
(2.000000,3.256000,0.000000); 10.1614
(2.000000,3.260000,0.000000); 10.1565
(2.000000,3.264000,0.000000); 10.1515
(2.000000,3.268000,0.000000); 10.1465
(2.000000,3.272000,0.000000); 10.1416
(2.000000,3.276000,0.000000); 10.1366
(2.000000,3.280000,0.000000); 10.1316
(2.000000,3.284000,0.000000); 10.1267
(2.000000,3.288000,0.000000); 10.1217
(2.000000,3.292000,0.000000); 10.1167
(2.000000,3.296000,0.000000); 10.1118
(2.000000,3.300000,0.000000); 10.1068
(2.000000,3.304000,0.000000); 10.1018
(2.000000,3.308000,0.000000); 10.0969
(2.000000,3.312000,0.000000); 10.0919
(2.000000,3.316000,0.000000); 10.0869
(2.000000,3.320000,0.000000); 10.082
(2.000000,3.324000,0.000000); 10.077
(2.000000,3.328000,0.000000); 10.072
(2.000000,3.332000,0.000000); 10.0671
(2.000000,3.336000,0.000000); 10.0621
(2.000000,3.340000,0.000000); 10.0571
(2.000000,3.344000,0.000000); 10.0522
(2.000000,3.348000,0.000000); 10.0472
(2.000000,3.352000,0.000000); 10.0422
(2.000000,3.356000,0.000000); 10.0373
(2.000000,3.360000,0.000000); 10.0323
(2.000000,3.364000,0.000000); 10.0273
(2.000000,3.368000,0.000000); 10.0224
(2.000000,3.372000,0.000000); 10.0174
(2.000000,3.376000,0.000000); 10.0124
(2.000000,3.380000,0.000000); 10.0075
(2.000000,3.384000,0.000000); 10.0025
(2.000000,3.388000,0.000000); 9.99751
(2.000000,3.392000,0.000000); 9.99253
(2.000000,3.396000,0.000000); 9.98755
(2.000000,3.400000,0.000000); 9.98257
(2.000000,3.404000,0.000000); 9.97759
(2.000000,3.408000,0.000000); 9.97261
(2.000000,3.412000,0.000000); 9.96763
(2.000000,3.416000,0.000000); 9.96264
(2.000000,3.420000,0.000000); 9.95766
(2.000000,3.424000,0.000000); 9.95268
(2.000000,3.428000,0.000000); 9.9477
(2.000000,3.432000,0.000000); 9.94272
(2.000000,3.436000,0.000000); 9.93774
(2.000000,3.440000,0.000000); 9.93275
(2.000000,3.444000,0.000000); 9.92777
(2.000000,3.448000,0.000000); 9.92279
(2.000000,3.452000,0.000000); 9.91781
(2.000000,3.456000,0.000000); 9.91283
(2.000000,3.460000,0.000000); 9.90785
(2.000000,3.464000,0.000000); 9.90286
(2.000000,3.468000,0.000000); 9.89788
(2.000000,3.472000,0.000000); 9.8929
(2.000000,3.476000,0.000000); 9.88792
(2.000000,3.480000,0.000000); 9.88294
(2.000000,3.484000,0.000000); 9.87797
(2.000000,3.488000,0.000000); 9.87299
(2.000000,3.492000,0.000000); 9.86802
(2.000000,3.496000,0.000000); 9.86305
(2.000000,3.500000,0.000000); 9.85807
(2.000000,3.504000,0.000000); 9.8529
(2.000000,3.508000,0.000000); 9.84748
(2.000000,3.512000,0.000000); 9.84207
(2.000000,3.516000,0.000000); 9.83665
(2.000000,3.520000,0.000000); 9.83124
(2.000000,3.524000,0.000000); 9.8259
(2.000000,3.528000,0.000000); 9.82056
(2.000000,3.532000,0.000000); 9.81522
(2.000000,3.536000,0.000000); 9.80987
(2.000000,3.540000,0.000000); 9.80453
(2.000000,3.544000,0.000000); 9.79919
(2.000000,3.548000,0.000000); 9.79385
(2.000000,3.552000,0.000000); 9.78851
(2.000000,3.556000,0.000000); 9.78316
(2.000000,3.560000,0.000000); 9.77782
(2.000000,3.564000,0.000000); 9.77248
(2.000000,3.568000,0.000000); 9.76714
(2.000000,3.572000,0.000000); 9.7618
(2.000000,3.576000,0.000000); 9.75645
(2.000000,3.580000,0.000000); 9.75111
(2.000000,3.584000,0.000000); 9.74577
(2.000000,3.588000,0.000000); 9.74043
(2.000000,3.592000,0.000000); 9.73509
(2.000000,3.596000,0.000000); 9.72974
(2.000000,3.600000,0.000000); 9.7244
(2.000000,3.604000,0.000000); 9.71906
(2.000000,3.608000,0.000000); 9.71372
(2.000000,3.612000,0.000000); 9.70838
(2.000000,3.616000,0.000000); 9.70304
(2.000000,3.620000,0.000000); 9.69769
(2.000000,3.624000,0.000000); 9.69055
(2.000000,3.628000,0.000000); 9.68282
(2.000000,3.632000,0.000000); 9.67509
(2.000000,3.636000,0.000000); 9.66736
(2.000000,3.640000,0.000000); 9.65963
(2.000000,3.644000,0.000000); 9.6519
(2.000000,3.648000,0.000000); 9.64417
(2.000000,3.652000,0.000000); 9.63644
(2.000000,3.656000,0.000000); 9.62871
(2.000000,3.660000,0.000000); 9.62098
(2.000000,3.664000,0.000000); 9.61325
(2.000000,3.668000,0.000000); 9.60552
(2.000000,3.672000,0.000000); 9.59779
(2.000000,3.676000,0.000000); 9.59006
(2.000000,3.680000,0.000000); 9.58233
(2.000000,3.684000,0.000000); 9.5746
(2.000000,3.688000,0.000000); 9.56687
(2.000000,3.692000,0.000000); 9.55914
(2.000000,3.696000,0.000000); 9.55141
(2.000000,3.700000,0.000000); 9.54311
(2.000000,3.704000,0.000000); 9.53475
(2.000000,3.708000,0.000000); 9.52639
(2.000000,3.712000,0.000000); 9.51802
(2.000000,3.716000,0.000000); 9.50874
(2.000000,3.720000,0.000000); 9.48633
(2.000000,3.724000,0.000000); 9.46392
(2.000000,3.728000,0.000000); 9.44151
(2.000000,3.732000,0.000000); 9.4191
(2.000000,3.736000,0.000000); 9.39669
(2.000000,3.740000,0.000000); 9.37428
(2.000000,3.744000,0.000000); 9.35187
(2.000000,3.748000,0.000000); 9.32946
(2.000000,3.752000,0.000000); 9.30721
(2.000000,3.756000,0.000000); 9.28496
(2.000000,3.760000,0.000000); 9.26271
(2.000000,3.764000,0.000000); 9.24046
(2.000000,3.768000,0.000000); 9.21821
(2.000000,3.772000,0.000000); 9.19596
(2.000000,3.776000,0.000000); 9.17371
(2.000000,3.780000,0.000000); 9.15146
(2.000000,3.784000,0.000000); 9.12921
(2.000000,3.788000,0.000000); 9.10696
(2.000000,3.792000,0.000000); 9.08471
(2.000000,3.796000,0.000000); 9.06246
(2.000000,3.800000,0.000000); 9.04021
(2.000000,3.804000,0.000000); 9.01796
(2.000000,3.808000,0.000000); 8.99571
(2.000000,3.812000,0.000000); 8.9823
(2.000000,3.816000,0.000000); 8.98348
(2.000000,3.820000,0.000000); 8.98466
(2.000000,3.824000,0.000000); 8.98585
(2.000000,3.828000,0.000000); 8.98703
(2.000000,3.832000,0.000000); 8.98821
(2.000000,3.836000,0.000000); 8.98939
(2.000000,3.840000,0.000000); 8.99057
(2.000000,3.844000,0.000000); 8.99175
(2.000000,3.848000,0.000000); 8.99293
(2.000000,3.852000,0.000000); 8.99553
(2.000000,3.856000,0.000000); 8.9982
(2.000000,3.860000,0.000000); 9.00088
(2.000000,3.864000,0.000000); 9.00355
(2.000000,3.868000,0.000000); 9.00622
(2.000000,3.872000,0.000000); 9.00889
(2.000000,3.876000,0.000000); 9.01157
(2.000000,3.880000,0.000000); 9.01424
(2.000000,3.884000,0.000000); 9.01691
(2.000000,3.888000,0.000000); 9.01958
(2.000000,3.892000,0.000000); 9.02226
(2.000000,3.896000,0.000000); 9.02493
(2.000000,3.900000,0.000000); 9.0276
(2.000000,3.904000,0.000000); 9.03027
(2.000000,3.908000,0.000000); 9.02826
(2.000000,3.912000,0.000000); 9.02412
(2.000000,3.916000,0.000000); 9.01998
(2.000000,3.920000,0.000000); 9.01583
(2.000000,3.924000,0.000000); 9.01169
(2.000000,3.928000,0.000000); 9.00755
(2.000000,3.932000,0.000000); 9.00341
(2.000000,3.936000,0.000000); 8.99927
(2.000000,3.940000,0.000000); 8.99513
(2.000000,3.944000,0.000000); 8.99099
(2.000000,3.948000,0.000000); 8.98685
(2.000000,3.952000,0.000000); 8.98271
(2.000000,3.956000,0.000000); 8.97857
(2.000000,3.960000,0.000000); 8.97443
(2.000000,3.964000,0.000000); 8.97029
(2.000000,3.968000,0.000000); 8.96615
(2.000000,3.972000,0.000000); 8.96201
(2.000000,3.976000,0.000000); 8.95787
(2.000000,3.980000,0.000000); 8.95373
(2.000000,3.984000,0.000000); 8.94959
(2.000000,3.988000,0.000000); 8.94545
(2.000000,3.992000,0.000000); 8.94131
(2.000000,3.996000,0.000000); 8.93717
(2.000000,4.000000,0.000000); 8.93303
--
